3.559856489878782115e-01 5.986105311371253679e-02
6.031648866026231293e-01 2.695004677471642129e-02
8.579160745827347778e-01 1.256203402911613976e-02
1.113464310595710716e+00 5.145187410179159586e-03
1.374039914321364408e+00 3.411149503362770775e-03
1.619154704570298309e+00 2.085356539644650162e-03
1.870686673430271840e+00 1.543438724073601049e-03
2.123290040706380832e+00 1.177397447456700113e-03
2.378144976376236119e+00 8.793164272520237945e-04
2.630489925835516996e+00 7.596112182650519625e-04
2.878653162679494670e+00 5.543381429784502911e-04
3.131144366275339319e+00 4.545821181000530447e-04
3.388159578333816313e+00 3.596088530775498203e-04
3.638741848210948149e+00 3.058425618108212975e-04
3.888315910732085268e+00 2.671197552484890891e-04
4.139052155837465996e+00 2.250218397819876009e-04
4.390305777018236988e+00 1.857643729153650024e-04
4.642172339120373081e+00 1.698054528513452677e-04
4.894678666149941293e+00 1.493341590296941616e-04
5.147269052361176378e+00 1.337980410253012883e-04
5.398003206656323272e+00 1.138632795149021134e-04
5.647798235368590269e+00 1.020136731933759497e-04
5.900534302989873581e+00 9.072538496645493665e-05
6.151460297009074374e+00 8.184119145262552699e-05
6.402630176204441526e+00 7.415108110042902749e-05
6.655964674748322096e+00 6.803953405768960920e-05
6.908782583105771202e+00 6.183821040833407988e-05
7.159060853508338873e+00 5.494427870317850418e-05
7.409414762591408632e+00 5.068282102598367699e-05
7.659227149364629561e+00 4.709161714426050692e-05
7.911559474606142395e+00 4.293021113882506236e-05
8.163750941790897997e+00 3.947555986505854679e-05
8.415757210439384295e+00 3.742391592019716665e-05
8.667638839289207198e+00 3.372706241260330155e-05
8.918801124864609520e+00 3.125853799823857424e-05
9.170480108345369530e+00 2.925179664963091847e-05
9.420566033467249412e+00 2.734805752134650795e-05
9.671642335271435797e+00 2.511644239393740600e-05
9.923426157758477473e+00 2.417457370766286446e-05
1.017396902749181820e+01 2.258940636699885481e-05
1.042533700753922155e+01 2.118681423640220992e-05
1.067702948358784276e+01 1.971940880601906121e-05
1.092969337256462303e+01 1.865044870728341548e-05
1.118211872033766419e+01 1.761497685115713128e-05
1.143346516925797296e+01 1.626034570463733784e-05
1.168350508557724687e+01 1.561565609922207292e-05
1.193379937775929100e+01 1.493972651408563558e-05
1.218553055762879112e+01 1.398473493806893961e-05
1.243711650801278878e+01 1.329593358306481877e-05
1.268867268647359303e+01 1.249970422188522641e-05
1.294075027177769144e+01 1.189922622442443612e-05
1.319267287020158363e+01 1.137894440461167483e-05
1.344470571782862756e+01 1.084907996901384020e-05
1.369480150283709641e+01 1.039889699061748190e-05
1.394591277066507828e+01 9.862682673671022642e-06
1.419764645764527167e+01 9.270811275078706047e-06
1.444766774168416212e+01 9.042713691198291738e-06
1.469906835825429070e+01 8.701846378892895282e-06
1.495059118111036511e+01 8.257441176551007843e-06
1.520261612590052991e+01 7.955147302674321375e-06
1.545415944503929495e+01 7.503882597671360572e-06
1.570456072545780124e+01 7.300135361746759963e-06
1.595705800128773966e+01 6.980235043741087607e-06
1.620829297830731619e+01 6.702607529965629093e-06
1.645966591028190962e+01 6.399542331636634855e-06
1.671125708846596325e+01 6.143959730502887054e-06
1.696160259490052624e+01 5.930910375353619618e-06
1.721370276108077135e+01 5.743494296016891320e-06
1.746543424102250341e+01 5.438448118171015687e-06
1.771598473288305442e+01 5.354317095019746450e-06
1.796653767411944003e+01 5.139303323446709459e-06
1.821765658501893270e+01 4.925830165838414777e-06
1.847053788120423334e+01 4.787543608611501155e-06
1.872257696809484173e+01 4.621707910552306397e-06
1.897394097105746269e+01 4.400141358123243203e-06
1.922542454726159988e+01 4.321735330528747293e-06
1.947607703355479103e+01 4.157990027990154592e-06
1.972678839839982601e+01 4.024165717868963890e-06
1.997802698857814363e+01 3.885354372665697776e-06
2.022863620534168660e+01 3.751218081248454692e-06
2.047969598507238231e+01 3.640124542568434890e-06
2.073250439107362553e+01 3.542455917288786603e-06
2.098435855211640089e+01 3.433524944076053915e-06
2.123502923393334640e+01 3.348969018084246415e-06
2.148629411178690773e+01 3.235392453555307620e-06
2.173831825513516591e+01 3.140985956952869249e-06
2.198972260956887226e+01 3.013200273073591751e-06
2.223974971000711420e+01 2.953701719524054388e-06
2.249141870643862973e+01 2.879092731164983901e-06
2.274404614890906373e+01 2.784741732932274501e-06
2.299521835768831579e+01 2.697934431508730634e-06
2.324620084136223852e+01 2.649550508604114110e-06
2.349757798664387209e+01 2.553364581693036994e-06
2.374870488118759937e+01 2.508739000004273522e-06
2.399988781917473091e+01 2.447022601100817001e-06
2.425071646049711305e+01 2.366960973005630383e-06
2.450187830577813841e+01 2.306652188708291142e-06
2.475391093216606109e+01 2.231769171306114361e-06
2.500524226975159792e+01 2.179515320904416612e-06
2.525610980153284402e+01 2.137238611281022698e-06
2.550801425092822328e+01 2.089614522154630762e-06
2.575943113325822864e+01 2.026169388449137203e-06
2.601074166866445125e+01 1.996751983472426779e-06
2.626234447079615464e+01 1.942058391278081711e-06
2.651347712943701751e+01 1.890023690400350200e-06
2.676474177984877656e+01 1.838152328377343973e-06
2.701628079430242479e+01 1.798789526736559473e-06
2.726734205837282232e+01 1.765786826535553904e-06
2.751837013544679422e+01 1.716999632153177621e-06
2.776937726815812724e+01 1.666921980415549264e-06
2.802070160973895341e+01 1.639566289960647113e-06
2.827249982643487058e+01 1.602460148186927861e-06
2.852407603869968966e+01 1.565834661485316374e-06
2.877567300468570721e+01 1.550046993263737351e-06
2.902733523039245256e+01 1.507650782141852563e-06
2.927861073083739996e+01 1.476447394816202787e-06
2.953003196193969160e+01 1.437296670946573271e-06
2.978106336846375157e+01 1.409235806191234911e-06
3.003148440777084716e+01 1.390663275805265708e-06
3.028303386126418673e+01 1.355933322951457683e-06
3.053456493440382857e+01 1.334171546218554814e-06
3.078585183944906944e+01 1.306356297130819230e-06
3.103757946070165730e+01 1.283210841508669219e-06
3.128931656795834826e+01 1.256691424706248438e-06
3.154125974608096428e+01 1.235419779429389721e-06
3.179158626791808828e+01 1.212837934842866839e-06
3.204196438636942190e+01 1.189087951929333627e-06
3.229345624690945016e+01 1.163203444580071812e-06
3.254491795349546379e+01 1.145422382283837518e-06
3.279661199584414533e+01 1.123443044571110890e-06
3.304781054557115993e+01 1.105046924643553793e-06
3.329958828032162188e+01 1.094778324916889470e-06
3.355183723684311303e+01 1.082054315324586162e-06
3.380253855881218072e+01 1.066796586355127881e-06
3.405313147025059095e+01 1.055664957879668650e-06
3.430479305560803738e+01 1.051178056225833392e-06
3.455623390824965924e+01 1.037261857966183614e-06
3.480735498195039668e+01 1.026566130646318118e-06
3.505856438430107858e+01 1.022115198420012081e-06
3.531001549359893943e+01 1.016465685011065493e-06
3.556133107357548084e+01 1.014162347229040317e-06
3.581233698845250757e+01 1.009427944557739180e-06
3.606382608666838507e+01 1.017182280537176932e-06
3.631533331237931606e+01 1.016120260490693928e-06
3.656697642527945646e+01 1.020020759792076601e-06
3.681852327087045751e+01 1.029075347835384189e-06
3.706973766105884494e+01 1.033941775019017782e-06
3.732129678941971207e+01 1.041104835396093717e-06
3.757306314229551703e+01 1.049305022559448809e-06
3.782389924159279104e+01 1.062812326729072644e-06
3.807464007418068519e+01 1.072649242675810547e-06
3.832565302212735503e+01 1.088230074104011889e-06
3.857740378043642693e+01 1.109443023377584015e-06
3.882942253427300017e+01 1.136620386258431122e-06
3.908032307380011616e+01 1.159564003555802113e-06
3.933129330145365543e+01 1.166604502072056461e-06
3.958227876786669697e+01 1.198420838628585509e-06
3.983382520768443413e+01 1.232685432830470444e-06
4.008544842975349098e+01 1.255570604724300818e-06
4.033619301340542052e+01 1.296415143425593578e-06
4.058776599344974301e+01 1.332466132321495078e-06
4.083970221749189022e+01 1.362500603775285281e-06
4.109095921749577940e+01 1.432419282707131798e-06
4.134236727584069371e+01 1.456455715325995586e-06
4.159390229570379915e+01 1.517965727038625329e-06
4.184507899773220174e+01 1.578613956637590528e-06
4.209613747244114279e+01 1.619246457208146445e-06
4.234722818606434913e+01 1.684926453720240464e-06
4.259857332263157303e+01 1.763018132861609558e-06
4.285027109763341713e+01 1.806698426618290859e-06
4.310176195204312677e+01 1.879407280883166207e-06
4.335299280752174411e+01 1.970351953228407412e-06
4.360432095771267313e+01 2.082563278517474200e-06
4.385558663826572712e+01 2.144735205538542803e-06
4.410724528235365938e+01 2.249192408051758781e-06
4.435852190379520010e+01 2.335708507774124566e-06
4.460901713855037087e+01 2.456093592667242712e-06
4.486008510459071630e+01 2.576725943482531396e-06
4.511170295299168487e+01 2.686207890011656271e-06
4.536358210673532199e+01 2.794762016867739700e-06
4.561456198601624124e+01 2.980972511890519877e-06
4.586556721283918137e+01 3.135085204635779083e-06
4.611769651966599781e+01 3.291725467584232846e-06
4.636915627004315610e+01 3.442183811821744021e-06
4.662034887549072693e+01 3.649460766806934132e-06
4.687172305024841279e+01 3.799633596693378112e-06
4.712349745478636009e+01 4.063053365441657624e-06
4.737470617006108142e+01 4.287151833176990377e-06
4.762538569197067062e+01 4.507871233598730120e-06
4.787648835337603259e+01 4.725452318900372249e-06
4.812806309416585293e+01 4.976393216160258072e-06
4.837947377766823820e+01 5.356483499026693236e-06
4.863055608299239907e+01 5.617736652021311337e-06
4.888199020684587026e+01 5.927237759275612708e-06
4.913362466485948232e+01 6.366516691999269791e-06
4.938531946307731602e+01 6.710956305723443208e-06
4.963608988707425596e+01 7.077719204987012562e-06
4.988699356578750610e+01 7.500468681983945462e-06
5.013861839733769443e+01 7.915435662615073436e-06
5.038999807568713862e+01 8.575705192982067889e-06
5.064128572509015669e+01 9.072933493278567365e-06
5.089265153888026560e+01 9.686050966203722123e-06
5.114416620234485578e+01 1.016381199925139091e-05
5.139546355734375993e+01 1.100305914501374065e-05
5.164701680266333028e+01 1.183317835159948204e-05
5.189862905495089507e+01 1.262714936067832526e-05
5.214967308047777550e+01 1.346898922495227341e-05
5.240069291691047226e+01 1.442523758123487231e-05
5.265205790651547346e+01 1.547213777640762982e-05
5.290347041453212995e+01 1.664096193975068687e-05
5.315461969811498477e+01 1.756857726567813863e-05
5.340579219818222612e+01 1.916362827861241676e-05
5.365762065089100474e+01 2.093129715424728733e-05
5.390923473668377852e+01 2.223966829657291535e-05
5.416006359979510876e+01 2.387187101769037959e-05
5.441130437191114311e+01 2.570160019666300994e-05
5.466262745830391623e+01 2.784162232759839633e-05
5.491405993929731011e+01 3.020389258596502155e-05
5.516541491717607215e+01 3.277048452510061691e-05
5.541638268596229011e+01 3.684282291695096259e-05
5.566794564877197615e+01 3.958806591412441334e-05
5.591937805757883950e+01 4.299013784903557182e-05
5.617071533636728020e+01 4.761317915582414780e-05
5.642219117939477258e+01 5.223302907867596293e-05
5.667351334189861944e+01 5.633733358249595578e-05
5.692472708748548627e+01 6.192626231552799895e-05
5.717591204656960002e+01 6.767256589088636789e-05
5.742747687291149106e+01 7.632238387913230411e-05
5.767908487077198032e+01 8.334074194693436304e-05
5.793014671413330063e+01 9.520431513141880864e-05
5.818129395888691135e+01 1.052296483845378242e-04
5.843277276607519610e+01 1.154292459150257785e-04
5.868441457608106049e+01 1.310814730835572334e-04
5.893571635795849062e+01 1.499335471491755113e-04
5.918679860974395979e+01 1.706001093950119019e-04
5.943824578411374659e+01 1.972927051937536599e-04
5.968934443052460637e+01 2.326817306228285039e-04
5.994009881519919958e+01 2.621966641408460187e-04
6.019143008204730450e+01 2.934535177552273608e-04
6.044303967578304793e+01 3.518310706687067125e-04
6.069446539940648933e+01 4.292195364621108431e-04
6.094594283876522667e+01 5.011275339226294988e-04
6.119752142863568878e+01 6.063559337219400890e-04
6.144920707655568037e+01 7.404377204404636193e-04
6.170042875117553649e+01 9.128796440807800420e-04
6.195135852331920745e+01 1.127664986185637069e-03
6.220292279118605450e+01 1.559955086545918457e-03
6.245429299708936099e+01 2.084891228497297213e-03
6.270516484212564734e+01 2.632887637447071678e-03
6.295654789617530156e+01 3.759486670372398469e-03
6.320814180923495940e+01 5.153155314542729078e-03
6.345941573738152641e+01 9.073306728319512071e-03
6.371040057052023542e+01 1.302480744680854612e-02
6.396185745578683424e+01 1.780132453844379334e-02
6.421368546549915379e+01 1.375679646049053455e-02
6.446479073454199238e+01 5.389326959296270037e-02
6.471588673409551973e+01 1.210120518754590568e-05
6.496730834160189261e+01 7.020700451629995593e-06
6.521856319783852030e+01 5.517635150148011533e-06
6.546992987326736113e+01 4.793318105458413647e-06
6.572120553073852989e+01 4.430946955477693946e-06
6.597232322532917692e+01 4.147729522700114504e-06
6.622368994537650622e+01 4.013861998817052447e-06
6.647513103932683975e+01 3.923950561607513793e-06
6.672672959741110787e+01 3.887801059257308276e-06
6.697798244417811020e+01 3.910073900232259642e-06
6.722885542524284119e+01 3.895682827088295871e-06
6.748048616955249202e+01 3.990249861719161318e-06
6.773229923195737001e+01 4.005298484896745746e-06
6.798322572139460362e+01 4.149586033914966358e-06
6.823447173775937813e+01 4.233286894542317801e-06
6.848606896751729778e+01 4.344662043637748623e-06
6.873741544680683546e+01 4.533115534416720386e-06
6.898873787744179253e+01 4.642849113266022984e-06
6.923979673744193519e+01 4.862834730694777757e-06
6.949145441276264989e+01 5.024159998283320719e-06
6.974265210301840057e+01 5.265393916475426860e-06
6.999344031108012132e+01 5.520317269170823856e-06
7.024493114765583357e+01 5.664851957615275275e-06
7.049642464225027538e+01 6.099694801543472756e-06
7.074774315836204153e+01 6.323329446485926251e-06
7.099906993548422918e+01 6.714077750870960552e-06
7.125054486425644029e+01 7.032659371108899345e-06
7.150182990423201090e+01 7.291123857934585653e-06
7.175309169194970593e+01 7.942725218353975059e-06
7.200430886966613286e+01 8.181609852984970884e-06
7.225563655627148307e+01 8.827403086323058304e-06
7.250698057097335436e+01 9.344512438289767932e-06
7.275814540940223196e+01 9.802433300268134674e-06
7.300954011634642882e+01 1.061816168165344320e-05
7.326094744803241099e+01 1.093674580720040088e-05
7.351241635922633577e+01 1.211285632538072052e-05
7.376385704484314942e+01 1.261977545768429937e-05
7.401507686011912313e+01 1.358526009007975582e-05
7.426642983754513239e+01 1.454696663264259805e-05
7.451774392350500875e+01 1.507332018025700853e-05
7.476888196695857403e+01 1.700622480212621033e-05
7.502031254291918572e+01 1.747080394464348288e-05
7.527179980263341008e+01 1.918417038527621204e-05
7.552311252549999665e+01 2.048676322324180523e-05
7.577409780062980360e+01 2.171945412060730883e-05
7.602551875404107307e+01 2.382386189115266818e-05
7.627713348914349467e+01 2.482491235269897246e-05
7.652808863434110265e+01 2.772073537176987848e-05
7.677928937816385258e+01 2.943605042978404056e-05
7.703080422988723797e+01 3.152578077353814905e-05
7.728259641407451852e+01 3.488883082706667222e-05
7.753362846048165125e+01 3.632211654617639843e-05
7.778433144503740948e+01 4.174435616297381395e-05
7.803587445609785789e+01 4.285135215402884496e-05
7.828752478929132508e+01 4.795135089283993296e-05
7.853900368295268208e+01 5.185063781554982606e-05
7.879021312407734001e+01 5.545052181283396952e-05
7.904165509986182769e+01 6.355965017832240120e-05
7.929330413459700821e+01 6.471060484746973948e-05
7.954446877222407863e+01 7.560851091358281506e-05
7.979551714753698377e+01 7.919624889209013008e-05
8.004692165377868207e+01 8.598348135108821336e-05
8.029810489950233432e+01 9.805933847785402557e-05
8.054908874480256031e+01 1.016934827187085285e-04
8.080044321541014085e+01 1.231191600098547701e-04
8.105216211323228492e+01 1.265822745526091651e-04
8.130349433109076074e+01 1.460010200034944801e-04
8.155444015076058406e+01 1.605747298412268671e-04
8.180579598042007206e+01 1.665555474555941568e-04
8.205747345046690100e+01 2.106079140042504841e-04
8.230895288137371324e+01 2.069680536694344848e-04
8.256017853616197044e+01 2.583718364944042039e-04
8.281171136842024794e+01 2.732567759916340556e-04
8.306338874103768433e+01 3.026595705555308168e-04
8.331416972271263433e+01 3.767455822395443911e-04
8.356490365514949303e+01 3.688613433221321755e-04
8.381669207113579034e+01 4.878189746244296614e-04
8.406812178552961257e+01 4.900542893206718794e-04
8.431890933464019611e+01 5.989348573881069860e-04
8.457023187027826339e+01 6.951408587335293965e-04
8.482151559398789686e+01 6.777641780569383049e-04
8.507283003168710422e+01 1.059441916774168891e-03
8.532426808165841692e+01 9.557503402240977034e-04
8.557600476924378086e+01 1.386727411233140564e-03
8.582757594343893004e+01 1.412477066241960141e-03
8.607831587296919906e+01 1.639524288566063465e-03
8.632961333877408094e+01 2.256112787517302459e-03
8.658121923681562748e+01 1.992409285804278354e-03
8.683268673150530503e+01 3.589354158160693205e-03
8.708396519721972595e+01 3.124665264581658660e-03
8.733506961066505880e+01 5.142623178784169573e-03
8.758618105842411694e+01 5.324710522589369208e-03
8.783752567351578477e+01 4.854681063194813545e-03
8.808868914679788986e+01 1.190339893428519688e-02
8.833994003395393690e+01 8.378295353551263799e-03
8.859174898584991809e+01 2.044047917734198236e-02
8.884303273375222432e+01 1.542936137098720011e-02
8.909352487970716084e+01 3.149401628003289239e-02
8.934511690540148265e+01 3.333722305814384307e-02
8.959715158813172309e+01 3.481401037461163278e-02
8.984803368908821142e+01 9.367556153015492437e-02
9.009924288814356430e+01 6.694545294759300658e-02
9.035039732041329330e+01 1.743750960951442885e-01
9.060151066709157419e+01 7.247873294150670997e-02
9.085215645777752513e+01 7.088518558234156719e-02
9.110358912880106175e+01 5.615883250026829782e-02
9.135593221689693166e+01 3.355254224434285832e-05
9.160680049007517312e+01 3.361413291369845323e-05
9.185814296072571494e+01 3.592138678588838966e-05
9.211014914083067140e+01 3.856408740119766037e-05
9.236133039430572467e+01 4.126074213663537033e-05
9.261226961967061300e+01 4.450935169801537977e-05
9.286339612223196127e+01 4.822187935785598637e-05
9.311503395193372512e+01 5.267811108676466437e-05
9.336621751977830286e+01 5.702539030815277209e-05
9.361677474844866254e+01 6.117250280924595672e-05
9.386828402731896404e+01 6.894935797863196015e-05
9.412013166396859276e+01 7.584322352171041681e-05
9.437159577797395116e+01 8.120701937945262933e-05
9.462215507964623384e+01 8.796244675005837025e-05
9.487303142853234306e+01 9.944959557728772631e-05
9.512563612801736213e+01 1.072651253643629849e-04
9.537712370347337298e+01 1.170200525230028887e-04
9.562770329733204733e+01 1.308320365260151738e-04
9.587952553542562839e+01 1.449671985463385189e-04
9.613214193709879396e+01 1.593241256386080458e-04
9.638292294616348954e+01 1.743477028055126423e-04
9.663323205539920480e+01 1.915421344228074698e-04
9.688575427051634392e+01 2.167790539525429872e-04
9.713720230214802598e+01 2.377932973360056212e-04
9.738711075112470894e+01 2.573915458873013342e-04
9.763880850310884796e+01 2.940466003540058849e-04
9.789195925073893534e+01 3.293026818514947123e-04
9.814276473823834124e+01 3.606376612229819363e-04
9.839200152577470249e+01 4.077104244171690368e-04
9.864436939619000100e+01 4.676392368587685465e-04
9.889657229158518703e+01 5.212424946270334449e-04
9.914654206758739008e+01 5.686142433299084696e-04
9.939737265117041431e+01 6.438091526885846103e-04
9.964971324453516388e+01 7.604781118622915437e-04
9.990221505033474614e+01 8.392262591638491179e-04
1.001521516083068519e+02 9.380615499406857799e-04
1.004020181344354228e+02 1.080422176009689181e-03
1.006555261342845853e+02 1.237449397159751975e-03
1.009078779715744503e+02 1.429463575026540230e-03
1.011564847190979037e+02 1.557608319094864937e-03
1.014077980390921851e+02 1.891396994022242171e-03
1.016621206036857075e+02 2.168201340774710342e-03
1.019133439536030323e+02 2.474203066262172304e-03
1.021611090492770160e+02 2.764516221059149566e-03
1.024134287982906386e+02 3.395458097967987959e-03
1.026689526987222933e+02 4.060173322123872969e-03
1.029179005362147450e+02 4.561465174909266548e-03
1.031645010122565509e+02 5.225531785922886939e-03
1.034190198448752227e+02 6.545717781708336458e-03
1.036740078018821123e+02 7.713324478831082125e-03
1.039223728592707516e+02 8.556276457856885898e-03
1.041718863957155321e+02 1.084011051841268086e-02
1.044269799004653407e+02 1.333685103372497273e-02
1.046773133673284093e+02 1.634722844950107015e-02
1.049203418007823814e+02 1.771542057848918272e-02
1.051759012379430231e+02 2.460475639854173627e-02
1.054364230283171651e+02 3.139267620520561769e-02
1.056811914497119176e+02 3.670054281727461176e-02
1.059215804876414495e+02 4.232794941996947252e-02
1.061816384917722758e+02 6.113716203471802196e-02
1.064472113030423515e+02 8.094808793996347007e-02
1.066878058983536732e+02 9.807167736924699009e-02
1.069236360402103827e+02 1.107173204511584241e-01
1.071892705778195563e+02 1.723690041723507371e-01
1.074586772409291342e+02 2.580808829252049241e-01
1.076879342587935611e+02 2.954095223271662740e-01
1.079185870885384446e+02 3.804522356553824980e-01
1.081956775747713095e+02 6.004276272354499566e-01
1.084728105259587352e+02 9.786685285114605781e-01
1.086839161354765366e+02 1.077140976711231657e+00
1.089114578639759117e+02 1.781707816069464823e+00
1.091979138747751392e+02 2.821541405320954432e+00
1.094826115122194068e+02 5.133709854735023725e+00
1.096995281563482934e+02 7.430408363956692241e+00
1.099149327348783771e+02 1.169590816656796584e+01
1.102017255337961075e+02 2.287309467285840014e+01
1.104879737748566555e+02 4.556923565965146850e+01
1.107157115274964241e+02 7.433469179820122008e+01
1.109132792987308136e+02 1.088442190002760839e+02
1.111862324688471801e+02 1.806895416915380395e+02
1.114398329385503388e+02 6.892470947213215595e+02
