3.559856489878782115e-01 4.176453354782047995e+02
6.031648866026231293e-01 2.421188326080202273e+02
8.579160745827347778e-01 1.762756033362444441e+02
1.113464310595710716e+00 1.267941501068630572e+02
1.374039914321364408e+00 1.190047376172287130e+02
1.619154704570298309e+00 9.188172323156355503e+01
1.870686673430271840e+00 9.131746053403222163e+01
2.123290040706380832e+00 7.789142404110344842e+01
2.378144976376236119e+00 7.031500033398711480e+01
2.630489925835516996e+00 5.912876244961621808e+01
2.878653162679494670e+00 6.020385232374797368e+01
3.131144366275339319e+00 5.091413820161370296e+01
3.388159578333816313e+00 4.630059584768602576e+01
3.638741848210948149e+00 4.274643818044996380e+01
3.888315910732085268e+00 3.875515516226251833e+01
4.139052155837465996e+00 3.645454840910658589e+01
4.390305777018236988e+00 3.248479208553612807e+01
4.642172339120373081e+00 3.013359489784096112e+01
4.894678666149941293e+00 2.847550678852580930e+01
5.147269052361176378e+00 2.588168587285113986e+01
5.398003206656323272e+00 2.302219093389636129e+01
5.647798235368590269e+00 2.142898610534486536e+01
5.900534302989873581e+00 2.064580035152090431e+01
6.151460297009074374e+00 1.919255232204677242e+01
6.402630176204441526e+00 1.795531894910305581e+01
6.655964674748322096e+00 1.723360421718406243e+01
6.908782583105771202e+00 1.670494378319773787e+01
7.159060853508338873e+00 1.554456503956466307e+01
7.409414762591408632e+00 1.468237136094887774e+01
7.659227149364629561e+00 1.425851653939310992e+01
7.911559474606142395e+00 1.334194410675579689e+01
8.163750941790897997e+00 1.247391386320599160e+01
8.415757210439384295e+00 1.181476568848680486e+01
8.667638839289207198e+00 1.128515410391656637e+01
8.918801124864609520e+00 1.064082996142956361e+01
9.170480108345369530e+00 1.026059656710406820e+01
9.420566033467249412e+00 9.799846866966772652e+00
9.671642335271435797e+00 9.352870770863924932e+00
9.923426157758477473e+00 8.791878616609787755e+00
1.017396902749181820e+01 8.513254976438817678e+00
1.042533700753922155e+01 8.022370489512537617e+00
1.067702948358784276e+01 7.679746314323470102e+00
1.092969337256462303e+01 7.419545928218063580e+00
1.118211872033766419e+01 7.066138919033303267e+00
1.143346516925797296e+01 6.692640186221239240e+00
1.168350508557724687e+01 6.378808870115457275e+00
1.193379937775929100e+01 6.045996269900125064e+00
1.218553055762879112e+01 5.875740945648163738e+00
1.243711650801278878e+01 5.644415295918115305e+00
1.268867268647359303e+01 5.352092985078689580e+00
1.294075027177769144e+01 5.245352259083677637e+00
1.319267287020158363e+01 4.986115765920170695e+00
1.344470571782862756e+01 4.868831064428382760e+00
1.369480150283709641e+01 4.633683884073392711e+00
1.394591277066507828e+01 4.467854335820609535e+00
1.419764645764527167e+01 4.297330416828744504e+00
1.444766774168416212e+01 4.124984726168357874e+00
1.469906835825429070e+01 4.011261277303549200e+00
1.495059118111036511e+01 3.861921469553633468e+00
1.520261612590052991e+01 3.743731194976006371e+00
1.545415944503929495e+01 3.585557049726888046e+00
1.570456072545780124e+01 3.464509724386635181e+00
1.595705800128773966e+01 3.316071777346325078e+00
1.620829297830731619e+01 3.237738216240970246e+00
1.645966591028190962e+01 3.106491577971510321e+00
1.671125708846596325e+01 2.991921253204658182e+00
1.696160259490052624e+01 2.903063653225268936e+00
1.721370276108077135e+01 2.798650778458586341e+00
1.746543424102250341e+01 2.711431304264142472e+00
1.771598473288305442e+01 2.626161353595542369e+00
1.796653767411944003e+01 2.546145372176718435e+00
1.821765658501893270e+01 2.474612361331198329e+00
1.847053788120423334e+01 2.406844279395445874e+00
1.872257696809484173e+01 2.328865906007763886e+00
1.897394097105746269e+01 2.274127114475309686e+00
1.922542454726159988e+01 2.182421196361603144e+00
1.947607703355479103e+01 2.144784615671209593e+00
1.972678839839982601e+01 2.073469425545440004e+00
1.997802698857814363e+01 2.003414739983646164e+00
2.022863620534168660e+01 1.956245994198090310e+00
2.047969598507238231e+01 1.893177988928821165e+00
2.073250439107362553e+01 1.832360608604750363e+00
2.098435855211640089e+01 1.784962443745067517e+00
2.123502923393334640e+01 1.743915355884046114e+00
2.148629411178690773e+01 1.702175322101687538e+00
2.173831825513516591e+01 1.662493596050740319e+00
2.198972260956887226e+01 1.614269817061845025e+00
2.223974971000711420e+01 1.589555325650263251e+00
2.249141870643862973e+01 1.521669894393561151e+00
2.274404614890906373e+01 1.487394756327809819e+00
2.299521835768831579e+01 1.448301574732997921e+00
2.324620084136223852e+01 1.409670889038902253e+00
2.349757798664387209e+01 1.371216945682965038e+00
2.374870488118759937e+01 1.326560399083081654e+00
2.399988781917473091e+01 1.296209222543003303e+00
2.425071646049711305e+01 1.259011477558179992e+00
2.450187830577813841e+01 1.218331856486267517e+00
2.475391093216606109e+01 1.180178803513286523e+00
2.500524226975159792e+01 1.158283259167784740e+00
2.525610980153284402e+01 1.120988679275094047e+00
2.550801425092822328e+01 1.100413082817310428e+00
2.575943113325822864e+01 1.069984299150877005e+00
2.601074166866445125e+01 1.035139958267757399e+00
2.626234447079615464e+01 1.006261774388957475e+00
2.651347712943701751e+01 9.754226587175139906e-01
2.676474177984877656e+01 9.507043392770063717e-01
2.701628079430242479e+01 9.304321464428001454e-01
2.726734205837282232e+01 8.998236366144753973e-01
2.751837013544679422e+01 8.826131251970189551e-01
2.776937726815812724e+01 8.630316397472290735e-01
2.802070160973895341e+01 8.381411387845040251e-01
2.827249982643487058e+01 8.212284900669322152e-01
2.852407603869968966e+01 8.037281325279560518e-01
2.877567300468570721e+01 7.784305589013505999e-01
2.902733523039245256e+01 7.590028393165807463e-01
2.927861073083739996e+01 7.377945170408615194e-01
2.953003196193969160e+01 7.184243799535616759e-01
2.978106336846375157e+01 7.045399700808295806e-01
3.003148440777084716e+01 6.841853742456042164e-01
3.028303386126418673e+01 6.676676865298524222e-01
3.053456493440382857e+01 6.490291213336956133e-01
3.078585183944906944e+01 6.375470431027964180e-01
3.103757946070165730e+01 6.169997251890482204e-01
3.128931656795834826e+01 6.022352842504582471e-01
3.154125974608096428e+01 5.899169624065613293e-01
3.179158626791808828e+01 5.757860592299152147e-01
3.204196438636942190e+01 5.613155723516940476e-01
3.229345624690945016e+01 5.496785678868404412e-01
3.254491795349546379e+01 5.361600863553850349e-01
3.279661199584414533e+01 5.246759587612981335e-01
3.304781054557115993e+01 5.090573146960593043e-01
3.329958828032162188e+01 4.953206723373559384e-01
3.355183723684311303e+01 4.866006524513286635e-01
3.380253855881218072e+01 4.737149505882428668e-01
3.405313147025059095e+01 4.627532615389064463e-01
3.430479305560803738e+01 4.527734477865316132e-01
3.455623390824965924e+01 4.422645340858558649e-01
3.480735498195039668e+01 4.299221031105546209e-01
3.505856438430107858e+01 4.201071587294956111e-01
3.531001549359893943e+01 4.117137932088107966e-01
3.556133107357548084e+01 4.001800512199256699e-01
3.581233698845250757e+01 3.905455989924364602e-01
3.606382608666838507e+01 3.826402506002327675e-01
3.631533331237931606e+01 3.737615918364546319e-01
3.656697642527945646e+01 3.649132505817360150e-01
3.681852327087045751e+01 3.551225104994386039e-01
3.706973766105884494e+01 3.483388245317770027e-01
3.732129678941971207e+01 3.381320456739272395e-01
3.757306314229551703e+01 3.329597823518928301e-01
3.782389924159279104e+01 3.245571488407615335e-01
3.807464007418068519e+01 3.169797446840978417e-01
3.832565302212735503e+01 3.111878171585865660e-01
3.857740378043642693e+01 3.040499018870322367e-01
3.882942253427300017e+01 2.951487792184930847e-01
3.908032307380011616e+01 2.892657133440879602e-01
3.933129330145365543e+01 2.814512581836789429e-01
3.958227876786669697e+01 2.756174546938729431e-01
3.983382520768443413e+01 2.705633050824657326e-01
4.008544842975349098e+01 2.634526032380349880e-01
4.033619301340542052e+01 2.580847927649475015e-01
4.058776599344974301e+01 2.519141672023199607e-01
4.083970221749189022e+01 2.469469315596250492e-01
4.109095921749577940e+01 2.406335573053949572e-01
4.134236727584069371e+01 2.357213567444814417e-01
4.159390229570379915e+01 2.308048944104260369e-01
4.184507899773220174e+01 2.255577581703218648e-01
4.209613747244114279e+01 2.207670878402265557e-01
4.234722818606434913e+01 2.149547929595151396e-01
4.259857332263157303e+01 2.104222042171638440e-01
4.285027109763341713e+01 2.061524020634875609e-01
4.310176195204312677e+01 2.017850280760058457e-01
4.335299280752174411e+01 1.967429998481407538e-01
4.360432095771267313e+01 1.927704064173015874e-01
4.385558663826572712e+01 1.891600527806900633e-01
4.410724528235365938e+01 1.834925315260300394e-01
4.435852190379520010e+01 1.805202780668738738e-01
4.460901713855037087e+01 1.769747627293782599e-01
4.486008510459071630e+01 1.732908741636668137e-01
4.511170295299168487e+01 1.689969663490289986e-01
4.536358210673532199e+01 1.655260220502797475e-01
4.561456198601624124e+01 1.624048550674417613e-01
4.586556721283918137e+01 1.586699855111518842e-01
4.611769651966599781e+01 1.554932202143900488e-01
4.636915627004315610e+01 1.515879039943513751e-01
4.662034887549072693e+01 1.487438968280163643e-01
4.687172305024841279e+01 1.453761134308052816e-01
4.712349745478636009e+01 1.417083289132744506e-01
4.737470617006108142e+01 1.387508845985449824e-01
4.762538569197067062e+01 1.361444998460129285e-01
4.787648835337603259e+01 1.332551033296882903e-01
4.812806309416585293e+01 1.297048188479986430e-01
4.837947377766823820e+01 1.268326203859427570e-01
4.863055608299239907e+01 1.245631903587522821e-01
4.888199020684587026e+01 1.217293799635898871e-01
4.913362466485948232e+01 1.184852695113456922e-01
4.938531946307731602e+01 1.156106764282755495e-01
4.963608988707425596e+01 1.133647501742791885e-01
4.988699356578750610e+01 1.105838881544824182e-01
5.013861839733769443e+01 1.076983974027931612e-01
5.038999807568713862e+01 1.055720163670930689e-01
5.064128572509015669e+01 1.033272230922307050e-01
5.089265153888026560e+01 1.011865331968412746e-01
5.114416620234485578e+01 9.917231057977816955e-02
5.139546355734375993e+01 9.717006549389187176e-02
5.164701680266333028e+01 9.465402480492478288e-02
5.189862905495089507e+01 9.278360422465772861e-02
5.214967308047777550e+01 9.107486709411850845e-02
5.240069291691047226e+01 8.900689115683592390e-02
5.265205790651547346e+01 8.713216523611873321e-02
5.290347041453212995e+01 8.528722941950465930e-02
5.315461969811498477e+01 8.335706328619556238e-02
5.340579219818222612e+01 8.129821842323743664e-02
5.365762065089100474e+01 7.992447938116714612e-02
5.390923473668377852e+01 7.816627089143625418e-02
5.416006359979510876e+01 7.609698147931873158e-02
5.441130437191114311e+01 7.494507599929221831e-02
5.466262745830391623e+01 7.338652817165992881e-02
5.491405993929731011e+01 7.203051005497664028e-02
5.516541491717607215e+01 7.049852203447655452e-02
5.541638268596229011e+01 6.892377481802759720e-02
5.566794564877197615e+01 6.750704900010823239e-02
5.591937805757883950e+01 6.624719067891966795e-02
5.617071533636728020e+01 6.449261199229029684e-02
5.642219117939477258e+01 6.370173436988371685e-02
5.667351334189861944e+01 6.245671766492638666e-02
5.692472708748548627e+01 6.109681436362177781e-02
5.717591204656960002e+01 5.963802239892060375e-02
5.742747687291149106e+01 5.836257800938191020e-02
5.767908487077198032e+01 5.729343594174761412e-02
5.793014671413330063e+01 5.622300510642907340e-02
5.818129395888691135e+01 5.503720374172460517e-02
5.843277276607519610e+01 5.375251393276913453e-02
5.868441457608106049e+01 5.279685391822214191e-02
5.893571635795849062e+01 5.184441657844989643e-02
5.918679860974395979e+01 5.092053164267699994e-02
5.943824578411374659e+01 4.999376317365657879e-02
5.968934443052460637e+01 4.895099240482968933e-02
5.994009881519919958e+01 4.809333399172614765e-02
6.019143008204730450e+01 4.731546976823136630e-02
6.044303967578304793e+01 4.624884946034113486e-02
6.069446539940648933e+01 4.536209261659453207e-02
6.094594283876522667e+01 4.464782317196561851e-02
6.119752142863568878e+01 4.359545910828795112e-02
6.144920707655568037e+01 4.289653208002763840e-02
6.170042875117553649e+01 4.216853786072696092e-02
6.195135852331920745e+01 4.146080919397545500e-02
6.220292279118605450e+01 4.075613073428059618e-02
6.245429299708936099e+01 4.016355315389893987e-02
6.270516484212564734e+01 3.937987404960759802e-02
6.295654789617530156e+01 3.881307914999385100e-02
6.320814180923495940e+01 3.818078816417023319e-02
6.345941573738152641e+01 3.763528059525814845e-02
6.371040057052023542e+01 3.696835419081843932e-02
6.396185745578683424e+01 3.645275806232250310e-02
6.421368546549915379e+01 3.602087094585255250e-02
6.446479073454199238e+01 3.519756813582747279e-02
6.471588673409551973e+01 3.441980211552107816e-02
6.496730834160189261e+01 3.388807513320175879e-02
6.521856319783852030e+01 3.318854496570600165e-02
6.546992987326736113e+01 3.241960335972348534e-02
6.572120553073852989e+01 3.170960041148798703e-02
6.597232322532917692e+01 3.108041225674471747e-02
6.622368994537650622e+01 3.045833186589592956e-02
6.647513103932683975e+01 2.982856559627577661e-02
6.672672959741110787e+01 2.915740811285169251e-02
6.697798244417811020e+01 2.848841539154058772e-02
6.722885542524284119e+01 2.794164375460300026e-02
6.748048616955249202e+01 2.740858109665436290e-02
6.773229923195737001e+01 2.679242523533155104e-02
6.798322572139460362e+01 2.621486509861634465e-02
6.823447173775937813e+01 2.570256889825053848e-02
6.848606896751729778e+01 2.519090980685888270e-02
6.873741544680683546e+01 2.461764633669492192e-02
6.898873787744179253e+01 2.404091173753696367e-02
6.923979673744193519e+01 2.355443287801224986e-02
6.949145441276264989e+01 2.306328575688798913e-02
6.974265210301840057e+01 2.266519182290631373e-02
6.999344031108012132e+01 2.213268686380178915e-02
7.024493114765583357e+01 2.166504957819404345e-02
7.049642464225027538e+01 2.121748105692001715e-02
7.074774315836204153e+01 2.070302878069601310e-02
7.099906993548422918e+01 2.035688775136100873e-02
7.125054486425644029e+01 1.990646011264634446e-02
7.150182990423201090e+01 1.949191365506449530e-02
7.175309169194970593e+01 1.911631954134158234e-02
7.200430886966613286e+01 1.870101094306747883e-02
7.225563655627148307e+01 1.838204840681365373e-02
7.250698057097335436e+01 1.795439119234776282e-02
7.275814540940223196e+01 1.759528067743448485e-02
7.300954011634642882e+01 1.729973228121100062e-02
7.326094744803241099e+01 1.695853391030508958e-02
7.351241635922633577e+01 1.660298136380220294e-02
7.376385704484314942e+01 1.624945576941838957e-02
7.401507686011912313e+01 1.594667048363118678e-02
7.426642983754513239e+01 1.557946671233994412e-02
7.451774392350500875e+01 1.531252083697196530e-02
7.476888196695857403e+01 1.497315327825573042e-02
7.502031254291918572e+01 1.473006277716955824e-02
7.527179980263341008e+01 1.439823842669580786e-02
7.552311252549999665e+01 1.411744669174888091e-02
7.577409780062980360e+01 1.384843392538452102e-02
7.602551875404107307e+01 1.356174559402550592e-02
7.627713348914349467e+01 1.331829252378856528e-02
7.652808863434110265e+01 1.302629855189077999e-02
7.677928937816385258e+01 1.277641612673941635e-02
7.703080422988723797e+01 1.253818190501398283e-02
7.728259641407451852e+01 1.228242042336123718e-02
7.753362846048165125e+01 1.201333013730142805e-02
7.778433144503740948e+01 1.177284182309923377e-02
7.803587445609785789e+01 1.157763426311260620e-02
7.828752478929132508e+01 1.133481372549826477e-02
7.853900368295268208e+01 1.109596625314474179e-02
7.879021312407734001e+01 1.087402479918239337e-02
7.904165509986182769e+01 1.070611313478205505e-02
7.929330413459700821e+01 1.050196584066846739e-02
7.954446877222407863e+01 1.027577654216431727e-02
7.979551714753698377e+01 1.006574399099957433e-02
8.004692165377868207e+01 9.847864871574763326e-03
8.029810489950233432e+01 9.657573754072735703e-03
8.054908874480256031e+01 9.443809086193192398e-03
8.080044321541014085e+01 9.290519119222809263e-03
8.105216211323228492e+01 9.097901112164961598e-03
8.130349433109076074e+01 8.921650253208157286e-03
8.155444015076058406e+01 8.767929214284158820e-03
8.180579598042007206e+01 8.555069369049818698e-03
8.205747345046690100e+01 8.407563836985954345e-03
8.230895288137371324e+01 8.290512209200646271e-03
8.256017853616197044e+01 8.127259101042399667e-03
8.281171136842024794e+01 7.990190578881081404e-03
8.306338874103768433e+01 7.868867401335188916e-03
8.331416972271263433e+01 7.692055746589018632e-03
8.356490365514949303e+01 7.525813177843393778e-03
8.381669207113579034e+01 7.425028314866532336e-03
8.406812178552961257e+01 7.289463409447069497e-03
8.431890933464019611e+01 7.186370838427894904e-03
8.457023187027826339e+01 7.015129249988409470e-03
8.482151559398789686e+01 6.922605592936097868e-03
8.507283003168710422e+01 6.792594890411981882e-03
8.532426808165841692e+01 6.698949749655072443e-03
8.557600476924378086e+01 6.553410392660232418e-03
8.582757594343893004e+01 6.440353449662320623e-03
8.607831587296919906e+01 6.345379624292744186e-03
8.632961333877408094e+01 6.263551268587123910e-03
8.658121923681562748e+01 6.116554848521950360e-03
8.683268673150530503e+01 6.019410241484129780e-03
8.708396519721972595e+01 5.930172883276781624e-03
8.733506961066505880e+01 5.786133472972271319e-03
8.758618105842411694e+01 5.713498038609844502e-03
8.783752567351578477e+01 5.597199251168021028e-03
8.808868914679788986e+01 5.532518657661674409e-03
8.833994003395393690e+01 5.397585436905071032e-03
8.859174898584991809e+01 5.332157331692175158e-03
8.884303273375222432e+01 5.245921281326139211e-03
8.909352487970716084e+01 5.160986927351225544e-03
8.934511690540148265e+01 5.015984711569162341e-03
8.959715158813172309e+01 4.943251307900493365e-03
8.984803368908821142e+01 4.901588936336125947e-03
9.009924288814356430e+01 4.782176869313863043e-03
9.035039732041329330e+01 4.663107137678446437e-03
9.060151066709157419e+01 4.551399651905904502e-03
9.085215645777752513e+01 4.444076867302408640e-03
9.110358912880106175e+01 4.350061734395570083e-03
9.135593221689693166e+01 4.259595165941590031e-03
9.160680049007517312e+01 4.139420172783973319e-03
9.185814296072571494e+01 4.050506845596862221e-03
9.211014914083067140e+01 3.988844406323598102e-03
9.236133039430572467e+01 3.879750224125445152e-03
9.261226961967061300e+01 3.784881090976491454e-03
9.286339612223196127e+01 3.715691372510355594e-03
9.311503395193372512e+01 3.615585744066362496e-03
9.336621751977830286e+01 3.567597327246178548e-03
9.361677474844866254e+01 3.469833569685513031e-03
9.386828402731896404e+01 3.411983027234342762e-03
9.412013166396859276e+01 3.355308910925449643e-03
9.437159577797395116e+01 3.289169944957458843e-03
9.462215507964623384e+01 3.229329727395654093e-03
9.487303142853234306e+01 3.171324690849725621e-03
9.512563612801736213e+01 3.106836218812488067e-03
9.537712370347337298e+01 3.042363993048252321e-03
9.562770329733204733e+01 2.995467304038851308e-03
9.587952553542562839e+01 2.911887172668659474e-03
9.613214193709879396e+01 2.831342327719793290e-03
9.638292294616348954e+01 2.789239558768412397e-03
9.663323205539920480e+01 2.709005675834250983e-03
9.688575427051634392e+01 2.657813933590673274e-03
9.713720230214802598e+01 2.611178510257033698e-03
9.738711075112470894e+01 2.573021878463693703e-03
9.763880850310884796e+01 2.506207360141579198e-03
9.789195925073893534e+01 2.456392860860324816e-03
9.814276473823834124e+01 2.419677819131184175e-03
9.839200152577470249e+01 2.361916871726646959e-03
9.864436939619000100e+01 2.327893213576141297e-03
9.889657229158518703e+01 2.301089703840041023e-03
9.914654206758739008e+01 2.258569471106411895e-03
9.939737265117041431e+01 2.216251928865517733e-03
9.964971324453516388e+01 2.172720826193736202e-03
9.990221505033474614e+01 2.162520521639260240e-03
1.001521516083068519e+02 2.116626291281188763e-03
1.004020181344354228e+02 2.105849139500864768e-03
1.006555261342845853e+02 2.085299875020659756e-03
1.009078779715744503e+02 2.049081245143538187e-03
1.011564847190979037e+02 2.020157740228230130e-03
1.014077980390921851e+02 1.980301907733468970e-03
1.016621206036857075e+02 1.991361370749729180e-03
1.019133439536030323e+02 1.942827048715098414e-03
1.021611090492770160e+02 1.938774905750952418e-03
1.024134287982906386e+02 1.896447211306605566e-03
1.026689526987222933e+02 1.861343305114798773e-03
1.029179005362147450e+02 1.837534138312567822e-03
1.031645010122565509e+02 1.839161558992019520e-03
1.034190198448752227e+02 1.809596278836850215e-03
1.036740078018821123e+02 1.789788501025926532e-03
1.039223728592707516e+02 1.776074564931545219e-03
1.041718863957155321e+02 1.721847222381484412e-03
1.044269799004653407e+02 1.667593405425441466e-03
1.046773133673284093e+02 1.681734873976234532e-03
1.049203418007823814e+02 1.686575472205797521e-03
1.051759012379430231e+02 1.694749244888544290e-03
1.054364230283171651e+02 1.666235234584458914e-03
1.056811914497119176e+02 1.671495135927484601e-03
1.059215804876414495e+02 1.640656619773960987e-03
1.061816384917722758e+02 1.584468719330970991e-03
1.064472113030423515e+02 1.582456871204258788e-03
1.066878058983536732e+02 1.626896169863612180e-03
1.069236360402103827e+02 1.604079792862120367e-03
1.071892705778195563e+02 1.556661559726624840e-03
1.074586772409291342e+02 1.496987165848281042e-03
1.076879342587935611e+02 1.585331996824220760e-03
1.079185870885384446e+02 1.569169699787699174e-03
1.081956775747713095e+02 1.539464975678002086e-03
1.084728105259587352e+02 1.576089510895353502e-03
1.086839161354765366e+02 1.488685181130635022e-03
1.089114578639759117e+02 1.490263790116887633e-03
1.091979138747751392e+02 1.553373351865430492e-03
1.094826115122194068e+02 1.523422066656351416e-03
1.096995281563482934e+02 1.560540436774158525e-03
1.099149327348783771e+02 1.545363777296666821e-03
1.102017255337961075e+02 1.550136654249242808e-03
1.104879737748566555e+02 1.459086550412814565e-03
1.107157115274964241e+02 1.584676864646830620e-03
1.109132792987308136e+02 1.050120661217019595e-03
1.111862324688471801e+02 9.902972839277420034e-04
1.114398329385503388e+02 3.624130875774391304e-04
