3.559856489878782115e-01 4.188083955399704905e+02
6.031648866026231293e-01 2.418179701115345779e+02
8.579160745827347778e-01 1.772527395954325584e+02
1.113464310595710716e+00 1.274473257450630967e+02
1.374039914321364408e+00 1.197338939252581014e+02
1.619154704570298309e+00 9.274479659926196007e+01
1.870686673430271840e+00 9.200295831599179053e+01
2.123290040706380832e+00 7.826567771988302979e+01
2.378144976376236119e+00 7.059369135930971595e+01
2.630489925835516996e+00 5.956940153313198749e+01
2.878653162679494670e+00 6.059005872966920236e+01
3.131144366275339319e+00 5.112548807311867449e+01
3.388159578333816313e+00 4.605842898730106327e+01
3.638741848210948149e+00 4.250432438216554232e+01
3.888315910732085268e+00 3.847615798230530970e+01
4.139052155837465996e+00 3.611782246542126984e+01
4.390305777018236988e+00 3.226249136069771595e+01
4.642172339120373081e+00 2.986182973130471652e+01
4.894678666149941293e+00 2.796697039176808985e+01
5.147269052361176378e+00 2.528743026674790784e+01
5.398003206656323272e+00 2.249933340100835366e+01
5.647798235368590269e+00 2.092310670545036544e+01
5.900534302989873581e+00 1.997717442330660376e+01
6.151460297009074374e+00 1.848960201995308950e+01
6.402630176204441526e+00 1.726822242401207674e+01
6.655964674748322096e+00 1.644212761271466405e+01
6.908782583105771202e+00 1.601056822713130146e+01
7.159060853508338873e+00 1.483000097265827399e+01
7.409414762591408632e+00 1.380779827450291108e+01
7.659227149364629561e+00 1.335462423500596962e+01
7.911559474606142395e+00 1.258556372907643883e+01
8.163750941790897997e+00 1.172726602263941409e+01
8.415757210439384295e+00 1.109428864136129178e+01
8.667638839289207198e+00 1.057107779445309959e+01
8.918801124864609520e+00 1.006438392663192971e+01
9.170480108345369530e+00 9.616920176610545212e+00
9.420566033467249412e+00 9.194399671825342679e+00
9.671642335271435797e+00 8.806310805821800258e+00
9.923426157758477473e+00 8.302552263952392764e+00
1.017396902749181820e+01 7.998317140117402246e+00
1.042533700753922155e+01 7.612791429902205032e+00
1.067702948358784276e+01 7.250842120460338158e+00
1.092969337256462303e+01 7.070466517587379762e+00
1.118211872033766419e+01 6.676104773981931473e+00
1.143346516925797296e+01 6.357424592057874690e+00
1.168350508557724687e+01 6.021838154502520801e+00
1.193379937775929100e+01 5.750395546942280056e+00
1.218553055762879112e+01 5.579344114274252142e+00
1.243711650801278878e+01 5.313325823472196952e+00
1.268867268647359303e+01 5.113921798327790036e+00
1.294075027177769144e+01 4.951858643201774157e+00
1.319267287020158363e+01 4.689357404437905608e+00
1.344470571782862756e+01 4.569951767247292018e+00
1.369480150283709641e+01 4.341750796744841878e+00
1.394591277066507828e+01 4.188823049013402411e+00
1.419764645764527167e+01 4.028104793804692996e+00
1.444766774168416212e+01 3.880710273655499698e+00
1.469906835825429070e+01 3.763838493138073726e+00
1.495059118111036511e+01 3.624842276924095330e+00
1.520261612590052991e+01 3.524134842507580245e+00
1.545415944503929495e+01 3.349688298539895026e+00
1.570456072545780124e+01 3.243447008448692603e+00
1.595705800128773966e+01 3.089896231951851480e+00
1.620829297830731619e+01 3.004002175881851144e+00
1.645966591028190962e+01 2.885355077772379317e+00
1.671125708846596325e+01 2.773198824534101714e+00
1.696160259490052624e+01 2.671105453102727623e+00
1.721370276108077135e+01 2.581725090178237370e+00
1.746543424102250341e+01 2.498753694950597737e+00
1.771598473288305442e+01 2.415014411063430622e+00
1.796653767411944003e+01 2.346001447056706546e+00
1.821765658501893270e+01 2.258036287676992604e+00
1.847053788120423334e+01 2.188908708107692558e+00
1.872257696809484173e+01 2.113075645968148564e+00
1.897394097105746269e+01 2.052586176799743978e+00
1.922542454726159988e+01 1.987211480952821407e+00
1.947607703355479103e+01 1.953635067450025797e+00
1.972678839839982601e+01 1.874294857330060182e+00
1.997802698857814363e+01 1.801474953719455652e+00
2.022863620534168660e+01 1.759543884279784809e+00
2.047969598507238231e+01 1.703789949941190596e+00
2.073250439107362553e+01 1.641304127655402789e+00
2.098435855211640089e+01 1.605232368493301864e+00
2.123502923393334640e+01 1.560515556496672396e+00
2.148629411178690773e+01 1.513058768535798126e+00
2.173831825513516591e+01 1.474778507401234062e+00
2.198972260956887226e+01 1.426131473660471771e+00
2.223974971000711420e+01 1.410893447362798092e+00
2.249141870643862973e+01 1.344753763659782386e+00
2.274404614890906373e+01 1.312479428667674197e+00
2.299521835768831579e+01 1.282987362625974681e+00
2.324620084136223852e+01 1.237579847242683329e+00
2.349757798664387209e+01 1.200821116513543618e+00
2.374870488118759937e+01 1.162918565619102784e+00
2.399988781917473091e+01 1.141299697092211130e+00
2.425071646049711305e+01 1.109961769790595021e+00
2.450187830577813841e+01 1.077997751694882655e+00
2.475391093216606109e+01 1.044990639906881791e+00
2.500524226975159792e+01 1.020909300810956877e+00
2.525610980153284402e+01 9.937645523310696394e-01
2.550801425092822328e+01 9.779535934949619147e-01
2.575943113325822864e+01 9.527188415198563076e-01
2.601074166866445125e+01 9.232292659403995572e-01
2.626234447079615464e+01 8.991015507812173402e-01
2.651347712943701751e+01 8.739329560584682133e-01
2.676474177984877656e+01 8.491499584715854754e-01
2.701628079430242479e+01 8.309415919361549108e-01
2.726734205837282232e+01 8.022964810678462344e-01
2.751837013544679422e+01 7.846411636573845660e-01
2.776937726815812724e+01 7.654127526538518911e-01
2.802070160973895341e+01 7.463442937871326288e-01
2.827249982643487058e+01 7.317952980732871371e-01
2.852407603869968966e+01 7.155302862117677298e-01
2.877567300468570721e+01 6.895876489235026607e-01
2.902733523039245256e+01 6.757163418234556351e-01
2.927861073083739996e+01 6.570433593498354874e-01
2.953003196193969160e+01 6.442283524392622418e-01
2.978106336846375157e+01 6.314547529952857507e-01
3.003148440777084716e+01 6.132577243949479673e-01
3.028303386126418673e+01 5.998422056995212914e-01
3.053456493440382857e+01 5.851090262111120488e-01
3.078585183944906944e+01 5.721312858242014743e-01
3.103757946070165730e+01 5.552448650753266657e-01
3.128931656795834826e+01 5.408640197465913735e-01
3.154125974608096428e+01 5.315184391054671442e-01
3.179158626791808828e+01 5.215075317540583955e-01
3.204196438636942190e+01 5.073797074159941412e-01
3.229345624690945016e+01 4.956523561570455594e-01
3.254491795349546379e+01 4.812249246120316459e-01
3.279661199584414533e+01 4.706276976764677267e-01
3.304781054557115993e+01 4.588922697207956647e-01
3.329958828032162188e+01 4.462102748353136694e-01
3.355183723684311303e+01 4.364278406634407026e-01
3.380253855881218072e+01 4.280819273167017491e-01
3.405313147025059095e+01 4.165865957505568429e-01
3.430479305560803738e+01 4.058094503999454261e-01
3.455623390824965924e+01 3.984458245332225257e-01
3.480735498195039668e+01 3.890304685941131657e-01
3.505856438430107858e+01 3.795274241382211033e-01
3.531001549359893943e+01 3.692882713173031295e-01
3.556133107357548084e+01 3.623952621599884627e-01
3.581233698845250757e+01 3.533990725381685460e-01
3.606382608666838507e+01 3.453396079336072955e-01
3.631533331237931606e+01 3.371967502871113243e-01
3.656697642527945646e+01 3.295582562089567902e-01
3.681852327087045751e+01 3.220594892129001741e-01
3.706973766105884494e+01 3.141747387700766225e-01
3.732129678941971207e+01 3.067971441864892901e-01
3.757306314229551703e+01 3.021230852295954117e-01
3.782389924159279104e+01 2.943886537695525329e-01
3.807464007418068519e+01 2.879058510076016875e-01
3.832565302212735503e+01 2.825663632568195527e-01
3.857740378043642693e+01 2.768825368805207243e-01
3.882942253427300017e+01 2.697532407398292031e-01
3.908032307380011616e+01 2.640241549457263970e-01
3.933129330145365543e+01 2.572486019942878954e-01
3.958227876786669697e+01 2.527092291139175217e-01
3.983382520768443413e+01 2.465289684303374473e-01
4.008544842975349098e+01 2.409994043398075436e-01
4.033619301340542052e+01 2.367031336978902278e-01
4.058776599344974301e+01 2.305297316762819904e-01
4.083970221749189022e+01 2.248276733294392871e-01
4.109095921749577940e+01 2.196165395888574901e-01
4.134236727584069371e+01 2.149712843457937950e-01
4.159390229570379915e+01 2.101023962105268983e-01
4.184507899773220174e+01 2.062608170412207897e-01
4.209613747244114279e+01 2.009418888615500109e-01
4.234722818606434913e+01 1.964998057438560874e-01
4.259857332263157303e+01 1.916908728198560841e-01
4.285027109763341713e+01 1.877444994352427121e-01
4.310176195204312677e+01 1.840613409365453312e-01
4.335299280752174411e+01 1.795193487393783316e-01
4.360432095771267313e+01 1.750254260355086078e-01
4.385558663826572712e+01 1.722903277058673022e-01
4.410724528235365938e+01 1.681304006450578536e-01
4.435852190379520010e+01 1.641845513759687680e-01
4.460901713855037087e+01 1.605834121802420522e-01
4.486008510459071630e+01 1.575974795019562669e-01
4.511170295299168487e+01 1.531765052632238777e-01
4.536358210673532199e+01 1.506612134898148159e-01
4.561456198601624124e+01 1.471746872127175365e-01
4.586556721283918137e+01 1.433690351746083891e-01
4.611769651966599781e+01 1.408762233544234854e-01
4.636915627004315610e+01 1.378687720278958806e-01
4.662034887549072693e+01 1.348732788666736904e-01
4.687172305024841279e+01 1.313402266924023343e-01
4.712349745478636009e+01 1.287394565843242855e-01
4.737470617006108142e+01 1.257720441980662573e-01
4.762538569197067062e+01 1.229765531902859421e-01
4.787648835337603259e+01 1.199846650634627254e-01
4.812806309416585293e+01 1.172721819983989500e-01
4.837947377766823820e+01 1.149035210507990817e-01
4.863055608299239907e+01 1.127364057570285766e-01
4.888199020684587026e+01 1.102187387875370184e-01
4.913362466485948232e+01 1.078809120951902123e-01
4.938531946307731602e+01 1.057433869591595521e-01
4.963608988707425596e+01 1.037592848425886033e-01
4.988699356578750610e+01 1.012558392109630112e-01
5.013861839733769443e+01 9.913264618902570269e-02
5.038999807568713862e+01 9.697800685157331735e-02
5.064128572509015669e+01 9.463413113308632996e-02
5.089265153888026560e+01 9.263087555593144118e-02
5.114416620234485578e+01 9.093165442859336978e-02
5.139546355734375993e+01 8.908674486335634024e-02
5.164701680266333028e+01 8.694117947800475421e-02
5.189862905495089507e+01 8.525513183712059295e-02
5.214967308047777550e+01 8.377382992108500792e-02
5.240069291691047226e+01 8.179291008471885338e-02
5.265205790651547346e+01 8.007840149302296318e-02
5.290347041453212995e+01 7.838886501311612132e-02
5.315461969811498477e+01 7.673222435893795046e-02
5.340579219818222612e+01 7.523145127360102158e-02
5.365762065089100474e+01 7.390039620307786716e-02
5.390923473668377852e+01 7.228357319566358630e-02
5.416006359979510876e+01 7.041438062539821796e-02
5.441130437191114311e+01 6.908129053815978415e-02
5.466262745830391623e+01 6.775289459864304586e-02
5.491405993929731011e+01 6.648620171163255321e-02
5.516541491717607215e+01 6.522386888355331813e-02
5.541638268596229011e+01 6.369326491848742444e-02
5.566794564877197615e+01 6.252595852835540757e-02
5.591937805757883950e+01 6.113761106971594972e-02
5.617071533636728020e+01 6.002911882945001498e-02
5.642219117939477258e+01 5.874846357595586710e-02
5.667351334189861944e+01 5.787165614314639800e-02
5.692472708748548627e+01 5.650005485874191186e-02
5.717591204656960002e+01 5.540554594382209735e-02
5.742747687291149106e+01 5.421592407268501640e-02
5.767908487077198032e+01 5.318992381619414705e-02
5.793014671413330063e+01 5.224246828266973508e-02
5.818129395888691135e+01 5.114618611194624714e-02
5.843277276607519610e+01 5.012071515189669285e-02
5.868441457608106049e+01 4.931396679144125356e-02
5.893571635795849062e+01 4.845695988985061070e-02
5.918679860974395979e+01 4.728623579458456072e-02
5.943824578411374659e+01 4.648602204524248521e-02
5.968934443052460637e+01 4.558698494719738703e-02
5.994009881519919958e+01 4.458896530165404326e-02
6.019143008204730450e+01 4.392008660276326693e-02
6.044303967578304793e+01 4.318182826863635471e-02
6.069446539940648933e+01 4.227009706392451105e-02
6.094594283876522667e+01 4.147927140851768307e-02
6.119752142863568878e+01 4.092755615174652195e-02
6.144920707655568037e+01 4.016116659351234158e-02
6.170042875117553649e+01 3.946296223113366503e-02
6.195135852331920745e+01 3.874912573131893828e-02
6.220292279118605450e+01 3.817807894966281090e-02
6.245429299708936099e+01 3.739722620205734871e-02
6.270516484212564734e+01 3.673634092154985653e-02
6.295654789617530156e+01 3.633231427754001625e-02
6.320814180923495940e+01 3.577905099851819148e-02
6.345941573738152641e+01 3.526427486506590603e-02
6.371040057052023542e+01 3.462318140777213143e-02
6.396185745578683424e+01 3.417707425789067582e-02
6.421368546549915379e+01 3.379066953362307862e-02
6.446479073454199238e+01 3.308400208333180798e-02
6.471588673409551973e+01 3.237036247755378793e-02
6.496730834160189261e+01 3.182010001267489285e-02
6.521856319783852030e+01 3.128304309173037673e-02
6.546992987326736113e+01 3.058574367672596897e-02
6.572120553073852989e+01 2.994196917069096020e-02
6.597232322532917692e+01 2.934376190678571195e-02
6.622368994537650622e+01 2.872175549628368241e-02
6.647513103932683975e+01 2.813588644116037096e-02
6.672672959741110787e+01 2.764643778768450036e-02
6.697798244417811020e+01 2.717102803821522250e-02
6.722885542524284119e+01 2.653014262661010023e-02
6.748048616955249202e+01 2.605716537944931244e-02
6.773229923195737001e+01 2.545659275142850633e-02
6.798322572139460362e+01 2.497697930611974745e-02
6.823447173775937813e+01 2.437930600308919893e-02
6.848606896751729778e+01 2.394647568396059828e-02
6.873741544680683546e+01 2.330439130203052281e-02
6.898873787744179253e+01 2.290964021074539878e-02
6.923979673744193519e+01 2.245131669708497549e-02
6.949145441276264989e+01 2.202417136175177995e-02
6.974265210301840057e+01 2.154028496421670630e-02
6.999344031108012132e+01 2.108051664106297407e-02
7.024493114765583357e+01 2.064027506144165344e-02
7.049642464225027538e+01 2.015453879478180943e-02
7.074774315836204153e+01 1.973330750802843384e-02
7.099906993548422918e+01 1.930333938118969708e-02
7.125054486425644029e+01 1.887159542745920834e-02
7.150182990423201090e+01 1.854482681874055489e-02
7.175309169194970593e+01 1.813388737456669841e-02
7.200430886966613286e+01 1.773523083740934439e-02
7.225563655627148307e+01 1.739354044746958816e-02
7.250698057097335436e+01 1.697353548240021839e-02
7.275814540940223196e+01 1.662459981005650830e-02
7.300954011634642882e+01 1.631425444165435570e-02
7.326094744803241099e+01 1.597114255621363832e-02
7.351241635922633577e+01 1.563750212954091723e-02
7.376385704484314942e+01 1.530116752849537340e-02
7.401507686011912313e+01 1.501318448301540258e-02
7.426642983754513239e+01 1.468676881471297699e-02
7.451774392350500875e+01 1.435726609114054350e-02
7.476888196695857403e+01 1.404461920314202528e-02
7.502031254291918572e+01 1.375334394486371105e-02
7.527179980263341008e+01 1.348838109926295964e-02
7.552311252549999665e+01 1.322699685892105362e-02
7.577409780062980360e+01 1.290315507533762104e-02
7.602551875404107307e+01 1.270836332175923067e-02
7.627713348914349467e+01 1.243208513243561353e-02
7.652808863434110265e+01 1.217381730941222498e-02
7.677928937816385258e+01 1.194036029936842123e-02
7.703080422988723797e+01 1.166637863178366860e-02
7.728259641407451852e+01 1.145940807110214406e-02
7.753362846048165125e+01 1.121174644486599113e-02
7.778433144503740948e+01 1.098183417305195406e-02
7.803587445609785789e+01 1.077388170983284432e-02
7.828752478929132508e+01 1.056472588506251163e-02
7.853900368295268208e+01 1.038657035021521395e-02
7.879021312407734001e+01 1.011730781873468148e-02
7.904165509986182769e+01 9.956652234830686010e-03
7.929330413459700821e+01 9.758442565246333231e-03
7.954446877222407863e+01 9.600958087847550129e-03
7.979551714753698377e+01 9.384684768451223569e-03
8.004692165377868207e+01 9.208636131472729483e-03
8.029810489950233432e+01 9.061982195162373785e-03
8.054908874480256031e+01 8.837411424872935323e-03
8.080044321541014085e+01 8.690452481031502377e-03
8.105216211323228492e+01 8.525521261096480688e-03
8.130349433109076074e+01 8.364826383051821718e-03
8.155444015076058406e+01 8.192983215860040816e-03
8.180579598042007206e+01 8.068633399972342107e-03
8.205747345046690100e+01 7.902730740096739273e-03
8.230895288137371324e+01 7.752977965423047367e-03
8.256017853616197044e+01 7.629172318519351556e-03
8.281171136842024794e+01 7.482973256228158884e-03
8.306338874103768433e+01 7.347873449046644911e-03
8.331416972271263433e+01 7.195691314958240631e-03
8.356490365514949303e+01 7.078004671919172798e-03
8.381669207113579034e+01 6.961332501702580285e-03
8.406812178552961257e+01 6.828648667707928541e-03
8.431890933464019611e+01 6.715121388413144640e-03
8.457023187027826339e+01 6.584186081726559232e-03
8.482151559398789686e+01 6.452711899738497112e-03
8.507283003168710422e+01 6.362944350434095522e-03
8.532426808165841692e+01 6.247536380122142678e-03
8.557600476924378086e+01 6.094384759007347857e-03
8.582757594343893004e+01 5.982994529340360766e-03
8.607831587296919906e+01 5.886113238440858313e-03
8.632961333877408094e+01 5.763808424176092293e-03
8.658121923681562748e+01 5.654052831826143245e-03
8.683268673150530503e+01 5.579462580781561175e-03
8.708396519721972595e+01 5.479938360536829728e-03
8.733506961066505880e+01 5.347175739129137254e-03
8.758618105842411694e+01 5.269874392467491578e-03
8.783752567351578477e+01 5.144596402049648326e-03
8.808868914679788986e+01 5.109399321240101939e-03
8.833994003395393690e+01 5.006711620847655031e-03
8.859174898584991809e+01 4.901763877410858332e-03
8.884303273375222432e+01 4.834814856498452669e-03
8.909352487970716084e+01 4.760957354936990946e-03
8.934511690540148265e+01 4.668516169602473717e-03
8.959715158813172309e+01 4.553489314829085519e-03
8.984803368908821142e+01 4.522899441520674552e-03
9.009924288814356430e+01 4.384479038513472079e-03
9.035039732041329330e+01 4.302442518422686796e-03
9.060151066709157419e+01 4.192584622128125993e-03
9.085215645777752513e+01 4.083799531124162815e-03
9.110358912880106175e+01 4.001216540796822402e-03
9.135593221689693166e+01 3.901889620497026555e-03
9.160680049007517312e+01 3.793298941091601418e-03
9.185814296072571494e+01 3.714025307949663304e-03
9.211014914083067140e+01 3.609412327584120197e-03
9.236133039430572467e+01 3.520359656687020115e-03
9.261226961967061300e+01 3.467942756254999929e-03
9.286339612223196127e+01 3.376837183270801901e-03
9.311503395193372512e+01 3.315803489069288953e-03
9.336621751977830286e+01 3.235344587678973868e-03
9.361677474844866254e+01 3.180755086860993612e-03
9.386828402731896404e+01 3.094832583947864073e-03
9.412013166396859276e+01 3.035321832356735298e-03
9.437159577797395116e+01 2.955630170751547773e-03
9.462215507964623384e+01 2.881728353336328145e-03
9.487303142853234306e+01 2.821873660180498726e-03
9.512563612801736213e+01 2.786734203382162586e-03
9.537712370347337298e+01 2.743625779336469894e-03
9.562770329733204733e+01 2.674842412093275060e-03
9.587952553542562839e+01 2.598226422357559004e-03
9.613214193709879396e+01 2.547098922404471191e-03
9.638292294616348954e+01 2.503490530331497176e-03
9.663323205539920480e+01 2.469540952428616980e-03
9.688575427051634392e+01 2.435158156191466645e-03
9.713720230214802598e+01 2.380244599253389642e-03
9.738711075112470894e+01 2.328444998170706506e-03
9.763880850310884796e+01 2.287393764098790295e-03
9.789195925073893534e+01 2.270719286372340374e-03
9.814276473823834124e+01 2.224788497353998810e-03
9.839200152577470249e+01 2.178113781424671682e-03
9.864436939619000100e+01 2.142558747565194346e-03
9.889657229158518703e+01 2.095477041243170874e-03
9.914654206758739008e+01 2.081420057478019798e-03
9.939737265117041431e+01 2.059313079865547451e-03
9.964971324453516388e+01 2.013778483080875138e-03
9.990221505033474614e+01 1.978230865181649506e-03
1.001521516083068519e+02 1.942260555597719865e-03
1.004020181344354228e+02 1.919051576676528321e-03
1.006555261342845853e+02 1.877695425532918553e-03
1.009078779715744503e+02 1.863025349185999267e-03
1.011564847190979037e+02 1.828434292930991188e-03
1.014077980390921851e+02 1.786610172195972866e-03
1.016621206036857075e+02 1.762431600633518249e-03
1.019133439536030323e+02 1.731825952280970863e-03
1.021611090492770160e+02 1.718226854608083300e-03
1.024134287982906386e+02 1.678094198516840536e-03
1.026689526987222933e+02 1.677567682777399757e-03
1.029179005362147450e+02 1.645687294820806284e-03
1.031645010122565509e+02 1.605251926921160950e-03
1.034190198448752227e+02 1.594091702922940078e-03
1.036740078018821123e+02 1.574845403735155398e-03
1.039223728592707516e+02 1.561888830045718782e-03
1.041718863957155321e+02 1.517046662909104756e-03
1.044269799004653407e+02 1.522485741008434154e-03
1.046773133673284093e+02 1.504071596669260928e-03
1.049203418007823814e+02 1.521630764827762048e-03
1.051759012379430231e+02 1.511321006057438120e-03
1.054364230283171651e+02 1.513834741367371282e-03
1.056811914497119176e+02 1.483194313911567492e-03
1.059215804876414495e+02 1.453194768147438552e-03
1.061816384917722758e+02 1.430999087574323300e-03
1.064472113030423515e+02 1.439293217601833597e-03
1.066878058983536732e+02 1.441487900571303705e-03
1.069236360402103827e+02 1.404019069823942475e-03
1.071892705778195563e+02 1.390024991865628596e-03
1.074586772409291342e+02 1.384370095787894111e-03
1.076879342587935611e+02 1.345688180171059111e-03
1.079185870885384446e+02 1.395225013236039806e-03
1.081956775747713095e+02 1.439813001795215092e-03
1.084728105259587352e+02 1.432289610850021391e-03
1.086839161354765366e+02 1.471706297209585210e-03
1.089114578639759117e+02 1.456395084852575355e-03
1.091979138747751392e+02 1.580835886085840605e-03
1.094826115122194068e+02 1.513610264026471128e-03
1.096995281563482934e+02 1.562126099012975389e-03
1.099149327348783771e+02 1.346213807925319712e-03
1.102017255337961075e+02 1.416983814688736959e-03
1.104879737748566555e+02 1.539987675307887775e-03
1.107157115274964241e+02 1.403738628134662851e-03
1.109132792987308136e+02 1.369723230474396503e-03
1.111862324688471801e+02 1.331939730385012103e-03
1.114398329385503388e+02 4.119959176157021881e-04
