3.559856489878782115e-01 4.179765440078301708e+02
6.031648866026231293e-01 2.421072826094432457e+02
8.579160745827347778e-01 1.766973637165140190e+02
1.113464310595710716e+00 1.272594598505760075e+02
1.374039914321364408e+00 1.193317489789337600e+02
1.619154704570298309e+00 9.236701647675975835e+01
1.870686673430271840e+00 9.170543239793796886e+01
2.123290040706380832e+00 7.816613728089632218e+01
2.378144976376236119e+00 7.044158027426774993e+01
2.630489925835516996e+00 5.943853945236578795e+01
2.878653162679494670e+00 6.057400535033318079e+01
3.131144366275339319e+00 5.114554164916921764e+01
3.388159578333816313e+00 4.622141680151517562e+01
3.638741848210948149e+00 4.267148610452932189e+01
3.888315910732085268e+00 3.872105846088125958e+01
4.139052155837465996e+00 3.643556889401001087e+01
4.390305777018236988e+00 3.259453541819794253e+01
4.642172339120373081e+00 3.013225135212884354e+01
4.894678666149941293e+00 2.836640587574530059e+01
5.147269052361176378e+00 2.570298166754878721e+01
5.398003206656323272e+00 2.290709983151100460e+01
5.647798235368590269e+00 2.128398763548289097e+01
5.900534302989873581e+00 2.039953835755556710e+01
6.151460297009074374e+00 1.892529328292738100e+01
6.402630176204441526e+00 1.771056086803622520e+01
6.655964674748322096e+00 1.700172252035713427e+01
6.908782583105771202e+00 1.646291826062907404e+01
7.159060853508338873e+00 1.534410912018384288e+01
7.409414762591408632e+00 1.442179528030290037e+01
7.659227149364629561e+00 1.394915276496389112e+01
7.911559474606142395e+00 1.309437759170951843e+01
8.163750941790897997e+00 1.223578985413656461e+01
8.415757210439384295e+00 1.165000828538920707e+01
8.667638839289207198e+00 1.112594734459087675e+01
8.918801124864609520e+00 1.052776714211657705e+01
9.170480108345369530e+00 1.011512975282529148e+01
9.420566033467249412e+00 9.674189817224656096e+00
9.671642335271435797e+00 9.281212983578276621e+00
9.923426157758477473e+00 8.756166402644517177e+00
1.017396902749181820e+01 8.452757088229141402e+00
1.042533700753922155e+01 8.007681410450697257e+00
1.067702948358784276e+01 7.653222855101533995e+00
1.092969337256462303e+01 7.442197257975264435e+00
1.118211872033766419e+01 7.021443497827798197e+00
1.143346516925797296e+01 6.671706520807164864e+00
1.168350508557724687e+01 6.321561885703775197e+00
1.193379937775929100e+01 6.015007674840277652e+00
1.218553055762879112e+01 5.870354840312436373e+00
1.243711650801278878e+01 5.591599409605565008e+00
1.268867268647359303e+01 5.363559638041710542e+00
1.294075027177769144e+01 5.233185484691310840e+00
1.319267287020158363e+01 4.964828649489882118e+00
1.344470571782862756e+01 4.841253637296184742e+00
1.369480150283709641e+01 4.584068053017760214e+00
1.394591277066507828e+01 4.438660213887831496e+00
1.419764645764527167e+01 4.255486260567587387e+00
1.444766774168416212e+01 4.104575282569379091e+00
1.469906835825429070e+01 3.979446677725581250e+00
1.495059118111036511e+01 3.845575055610072734e+00
1.520261612590052991e+01 3.724424212271703727e+00
1.545415944503929495e+01 3.554719220693610016e+00
1.570456072545780124e+01 3.427791512181179723e+00
1.595705800128773966e+01 3.282537463740573092e+00
1.620829297830731619e+01 3.198767413790238656e+00
1.645966591028190962e+01 3.062680682328667192e+00
1.671125708846596325e+01 2.953798459739594318e+00
1.696160259490052624e+01 2.852222166746839260e+00
1.721370276108077135e+01 2.763581833453935488e+00
1.746543424102250341e+01 2.670996140628279392e+00
1.771598473288305442e+01 2.574867741026820589e+00
1.796653767411944003e+01 2.508458221888552053e+00
1.821765658501893270e+01 2.426418020144151200e+00
1.847053788120423334e+01 2.347942316379316274e+00
1.872257696809484173e+01 2.273839654767234375e+00
1.897394097105746269e+01 2.223695515319909610e+00
1.922542454726159988e+01 2.146050358082482123e+00
1.947607703355479103e+01 2.101884260522090209e+00
1.972678839839982601e+01 2.023036369329761275e+00
1.997802698857814363e+01 1.954092370712521287e+00
2.022863620534168660e+01 1.904399932863289902e+00
2.047969598507238231e+01 1.835404881051881709e+00
2.073250439107362553e+01 1.776953337119972387e+00
2.098435855211640089e+01 1.737053797940093958e+00
2.123502923393334640e+01 1.685885267483286043e+00
2.148629411178690773e+01 1.640220474780611060e+00
2.173831825513516591e+01 1.603061494896781181e+00
2.198972260956887226e+01 1.553888502360527779e+00
2.223974971000711420e+01 1.534532290473727301e+00
2.249141870643862973e+01 1.463257118612149910e+00
2.274404614890906373e+01 1.423862692153399667e+00
2.299521835768831579e+01 1.386882682747469842e+00
2.324620084136223852e+01 1.346855136940755093e+00
2.349757798664387209e+01 1.301934137966976879e+00
2.374870488118759937e+01 1.260517143523678607e+00
2.399988781917473091e+01 1.230744275476434169e+00
2.425071646049711305e+01 1.191824065115715259e+00
2.450187830577813841e+01 1.152130955357460573e+00
2.475391093216606109e+01 1.115047616015202969e+00
2.500524226975159792e+01 1.089927906335593777e+00
2.525610980153284402e+01 1.054617517435654017e+00
2.550801425092822328e+01 1.032870739588648057e+00
2.575943113325822864e+01 1.005569017424215339e+00
2.601074166866445125e+01 9.747622658526811090e-01
2.626234447079615464e+01 9.471299072693286636e-01
2.651347712943701751e+01 9.184407086714216906e-01
2.676474177984877656e+01 8.954812353985401874e-01
2.701628079430242479e+01 8.749925163390261940e-01
2.726734205837282232e+01 8.448852689829212670e-01
2.751837013544679422e+01 8.297882399709246570e-01
2.776937726815812724e+01 8.113596104632322392e-01
2.802070160973895341e+01 7.883198161495144074e-01
2.827249982643487058e+01 7.724743297376553963e-01
2.852407603869968966e+01 7.525922654285275293e-01
2.877567300468570721e+01 7.265495779978434765e-01
2.902733523039245256e+01 7.099133150685228433e-01
2.927861073083739996e+01 6.919280347121982144e-01
2.953003196193969160e+01 6.761047697988469274e-01
2.978106336846375157e+01 6.622250378294521900e-01
3.003148440777084716e+01 6.426233633349074381e-01
3.028303386126418673e+01 6.288609303932298777e-01
3.053456493440382857e+01 6.131402041943980752e-01
3.078585183944906944e+01 6.012978499204788552e-01
3.103757946070165730e+01 5.821833801910412109e-01
3.128931656795834826e+01 5.655599842104915842e-01
3.154125974608096428e+01 5.561962019360928711e-01
3.179158626791808828e+01 5.442313127725493249e-01
3.204196438636942190e+01 5.310112053698143875e-01
3.229345624690945016e+01 5.179076365111970892e-01
3.254491795349546379e+01 5.040636035899928036e-01
3.279661199584414533e+01 4.911002955147530935e-01
3.304781054557115993e+01 4.793099139529288788e-01
3.329958828032162188e+01 4.655730252629683985e-01
3.355183723684311303e+01 4.542086597061091857e-01
3.380253855881218072e+01 4.453348372866157145e-01
3.405313147025059095e+01 4.344514592097658556e-01
3.430479305560803738e+01 4.224823247933232606e-01
3.455623390824965924e+01 4.154746618491503285e-01
3.480735498195039668e+01 4.057741474339738308e-01
3.505856438430107858e+01 3.962414973731681056e-01
3.531001549359893943e+01 3.859946706298240104e-01
3.556133107357548084e+01 3.765776516323809386e-01
3.581233698845250757e+01 3.690482926675185960e-01
3.606382608666838507e+01 3.603352414993801767e-01
3.631533331237931606e+01 3.514752293630203916e-01
3.656697642527945646e+01 3.450220102167693703e-01
3.681852327087045751e+01 3.375413564259677202e-01
3.706973766105884494e+01 3.292141033535811445e-01
3.732129678941971207e+01 3.217612184782655538e-01
3.757306314229551703e+01 3.158343610555335301e-01
3.782389924159279104e+01 3.079032894257349162e-01
3.807464007418068519e+01 3.005636091039590174e-01
3.832565302212735503e+01 2.947886219793967588e-01
3.857740378043642693e+01 2.890866872138680987e-01
3.882942253427300017e+01 2.810864865979372240e-01
3.908032307380011616e+01 2.746018853650188385e-01
3.933129330145365543e+01 2.676730209514813774e-01
3.958227876786669697e+01 2.624628344369958066e-01
3.983382520768443413e+01 2.563585300614888984e-01
4.008544842975349098e+01 2.493869968171435747e-01
4.033619301340542052e+01 2.455122977526337236e-01
4.058776599344974301e+01 2.393832708443405233e-01
4.083970221749189022e+01 2.342563240673674052e-01
4.109095921749577940e+01 2.286750111892544846e-01
4.134236727584069371e+01 2.239206387623824401e-01
4.159390229570379915e+01 2.191733652248605557e-01
4.184507899773220174e+01 2.143632704352097240e-01
4.209613747244114279e+01 2.093392286378592815e-01
4.234722818606434913e+01 2.044660973610852028e-01
4.259857332263157303e+01 1.991944129483006198e-01
4.285027109763341713e+01 1.956530149656840745e-01
4.310176195204312677e+01 1.911772682247307453e-01
4.335299280752174411e+01 1.867934320945889848e-01
4.360432095771267313e+01 1.827298562230476875e-01
4.385558663826572712e+01 1.793591662994121760e-01
4.410724528235365938e+01 1.747892037255550646e-01
4.435852190379520010e+01 1.715497888037119389e-01
4.460901713855037087e+01 1.674488097514630069e-01
4.486008510459071630e+01 1.644227925635855236e-01
4.511170295299168487e+01 1.601873637126267069e-01
4.536358210673532199e+01 1.577032174824127275e-01
4.561456198601624124e+01 1.536473036899416444e-01
4.586556721283918137e+01 1.497483584872488505e-01
4.611769651966599781e+01 1.475133299830912736e-01
4.636915627004315610e+01 1.433630804333367037e-01
4.662034887549072693e+01 1.408594537899852950e-01
4.687172305024841279e+01 1.373097447628462142e-01
4.712349745478636009e+01 1.341190387819987673e-01
4.737470617006108142e+01 1.312174055718209054e-01
4.762538569197067062e+01 1.283003185132001178e-01
4.787648835337603259e+01 1.252344560937622142e-01
4.812806309416585293e+01 1.225315140940069908e-01
4.837947377766823820e+01 1.194552576637498836e-01
4.863055608299239907e+01 1.174721045376001388e-01
4.888199020684587026e+01 1.140867678316011824e-01
4.913362466485948232e+01 1.117004031715350260e-01
4.938531946307731602e+01 1.090227065659949840e-01
4.963608988707425596e+01 1.068572852995755967e-01
4.988699356578750610e+01 1.044903458694158710e-01
5.013861839733769443e+01 1.022202405365405936e-01
5.038999807568713862e+01 9.997230250098439186e-02
5.064128572509015669e+01 9.763569746541735095e-02
5.089265153888026560e+01 9.564570337990575821e-02
5.114416620234485578e+01 9.409459976955057703e-02
5.139546355734375993e+01 9.168134324303420235e-02
5.164701680266333028e+01 8.973106296003401094e-02
5.189862905495089507e+01 8.771253141463287994e-02
5.214967308047777550e+01 8.600545565361916722e-02
5.240069291691047226e+01 8.414565613298449764e-02
5.265205790651547346e+01 8.242939152090507371e-02
5.290347041453212995e+01 8.093896115590543117e-02
5.315461969811498477e+01 7.884481254810271622e-02
5.340579219818222612e+01 7.708713806211893449e-02
5.365762065089100474e+01 7.595094906696268910e-02
5.390923473668377852e+01 7.446139625974149134e-02
5.416006359979510876e+01 7.249192276579935479e-02
5.441130437191114311e+01 7.100281233074520748e-02
5.466262745830391623e+01 6.966194004346126789e-02
5.491405993929731011e+01 6.819408580781739782e-02
5.516541491717607215e+01 6.693915238817281510e-02
5.541638268596229011e+01 6.540501451316046988e-02
5.566794564877197615e+01 6.404747730621478119e-02
5.591937805757883950e+01 6.268866936127079348e-02
5.617071533636728020e+01 6.130695579472939666e-02
5.642219117939477258e+01 6.024170294044459834e-02
5.667351334189861944e+01 5.907175153434571918e-02
5.692472708748548627e+01 5.791778845490146155e-02
5.717591204656960002e+01 5.662763617263405491e-02
5.742747687291149106e+01 5.547356087257166585e-02
5.767908487077198032e+01 5.443080573338422018e-02
5.793014671413330063e+01 5.345851395445373744e-02
5.818129395888691135e+01 5.236535147936665496e-02
5.843277276607519610e+01 5.133227255468065381e-02
5.868441457608106049e+01 5.027339565677452216e-02
5.893571635795849062e+01 4.946222684795768126e-02
5.918679860974395979e+01 4.842076616961346613e-02
5.943824578411374659e+01 4.756971754741313313e-02
5.968934443052460637e+01 4.664862965590012289e-02
5.994009881519919958e+01 4.571257004967384935e-02
6.019143008204730450e+01 4.495612129758756736e-02
6.044303967578304793e+01 4.405858182058424583e-02
6.069446539940648933e+01 4.334328633217226362e-02
6.094594283876522667e+01 4.250053927496038469e-02
6.119752142863568878e+01 4.180870890240278442e-02
6.144920707655568037e+01 4.114772580413799535e-02
6.170042875117553649e+01 4.045405658789916897e-02
6.195135852331920745e+01 3.980749813175597090e-02
6.220292279118605450e+01 3.906872103140766883e-02
6.245429299708936099e+01 3.850036182239159610e-02
6.270516484212564734e+01 3.781434111514306307e-02
6.295654789617530156e+01 3.717517894373617571e-02
6.320814180923495940e+01 3.660513300268824349e-02
6.345941573738152641e+01 3.590657506875502558e-02
6.371040057052023542e+01 3.542375066261184424e-02
6.396185745578683424e+01 3.480277639343509755e-02
6.421368546549915379e+01 3.428367433325705399e-02
6.446479073454199238e+01 3.370028088179065351e-02
6.471588673409551973e+01 3.287535191710527771e-02
6.496730834160189261e+01 3.226830760679318122e-02
6.521856319783852030e+01 3.155832453295958490e-02
6.546992987326736113e+01 3.087881128102548667e-02
6.572120553073852989e+01 3.020554771416195800e-02
6.597232322532917692e+01 2.957000055471871100e-02
6.622368994537650622e+01 2.892050900675864969e-02
6.647513103932683975e+01 2.836891128772897619e-02
6.672672959741110787e+01 2.768760148593123888e-02
6.697798244417811020e+01 2.720558743155309170e-02
6.722885542524284119e+01 2.651002804321457573e-02
6.748048616955249202e+01 2.594752679716485003e-02
6.773229923195737001e+01 2.538390909933715273e-02
6.798322572139460362e+01 2.486179094634054232e-02
6.823447173775937813e+01 2.432110909650567893e-02
6.848606896751729778e+01 2.387194528247571154e-02
6.873741544680683546e+01 2.337706633979835108e-02
6.898873787744179253e+01 2.298738578956012121e-02
6.923979673744193519e+01 2.238861706223824882e-02
6.949145441276264989e+01 2.189039140822886600e-02
6.974265210301840057e+01 2.157134536842451530e-02
6.999344031108012132e+01 2.111410896476968377e-02
7.024493114765583357e+01 2.073405867845602366e-02
7.049642464225027538e+01 2.027062659450431722e-02
7.074774315836204153e+01 1.986810917460147055e-02
7.099906993548422918e+01 1.940246324090682400e-02
7.125054486425644029e+01 1.897979801454830265e-02
7.150182990423201090e+01 1.863103350197597291e-02
7.175309169194970593e+01 1.830781086856410333e-02
7.200430886966613286e+01 1.790842608419032644e-02
7.225563655627148307e+01 1.755674483097274460e-02
7.250698057097335436e+01 1.716680694193041187e-02
7.275814540940223196e+01 1.678509665912078855e-02
7.300954011634642882e+01 1.645891939180240890e-02
7.326094744803241099e+01 1.612051659079275640e-02
7.351241635922633577e+01 1.579315670914402392e-02
7.376385704484314942e+01 1.548473298925670712e-02
7.401507686011912313e+01 1.514411970519738068e-02
7.426642983754513239e+01 1.486947785545871502e-02
7.451774392350500875e+01 1.449375152595898386e-02
7.476888196695857403e+01 1.427535825469899815e-02
7.502031254291918572e+01 1.393666288170299083e-02
7.527179980263341008e+01 1.366394771130836731e-02
7.552311252549999665e+01 1.341734287750469615e-02
7.577409780062980360e+01 1.314999545742190704e-02
7.602551875404107307e+01 1.290169546760126275e-02
7.627713348914349467e+01 1.266933082039102543e-02
7.652808863434110265e+01 1.240262858027168374e-02
7.677928937816385258e+01 1.215846738643332203e-02
7.703080422988723797e+01 1.192467595050290471e-02
7.728259641407451852e+01 1.170068976774612038e-02
7.753362846048165125e+01 1.151201593231550649e-02
7.778433144503740948e+01 1.128388488552213229e-02
7.803587445609785789e+01 1.109146062080319274e-02
7.828752478929132508e+01 1.088782262768952375e-02
7.853900368295268208e+01 1.065450441782058236e-02
7.879021312407734001e+01 1.044638574446421324e-02
7.904165509986182769e+01 1.026108279278925561e-02
7.929330413459700821e+01 1.009005151729675670e-02
7.954446877222407863e+01 9.906897657536665319e-03
7.979551714753698377e+01 9.679088393076424462e-03
8.004692165377868207e+01 9.523694202056925961e-03
8.029810489950233432e+01 9.346862339557468133e-03
8.054908874480256031e+01 9.157806797437976001e-03
8.080044321541014085e+01 9.011713737093323198e-03
8.105216211323228492e+01 8.863697690768669937e-03
8.130349433109076074e+01 8.681514155886008513e-03
8.155444015076058406e+01 8.518698422482708435e-03
8.180579598042007206e+01 8.373589634928495923e-03
8.205747345046690100e+01 8.199657577001077946e-03
8.230895288137371324e+01 8.049490873254573978e-03
8.256017853616197044e+01 7.920334357871252826e-03
8.281171136842024794e+01 7.773419000037940299e-03
8.306338874103768433e+01 7.628728974974074983e-03
8.331416972271263433e+01 7.512260532579807283e-03
8.356490365514949303e+01 7.338268532962134716e-03
8.381669207113579034e+01 7.237811983509649834e-03
8.406812178552961257e+01 7.081799433461441820e-03
8.431890933464019611e+01 6.972796263436680311e-03
8.457023187027826339e+01 6.817653313434246347e-03
8.482151559398789686e+01 6.714678707017330064e-03
8.507283003168710422e+01 6.583504744423995976e-03
8.532426808165841692e+01 6.497281026591397203e-03
8.557600476924378086e+01 6.347049516976754381e-03
8.582757594343893004e+01 6.262371083849669479e-03
8.607831587296919906e+01 6.155145285504762080e-03
8.632961333877408094e+01 6.028546920904141217e-03
8.658121923681562748e+01 5.914113795545365183e-03
8.683268673150530503e+01 5.813245236782270745e-03
8.708396519721972595e+01 5.746504805569396281e-03
8.733506961066505880e+01 5.632912841679599616e-03
8.758618105842411694e+01 5.538807591684197056e-03
8.783752567351578477e+01 5.417442771640266184e-03
8.808868914679788986e+01 5.367369650597659386e-03
8.833994003395393690e+01 5.233819311392371755e-03
8.859174898584991809e+01 5.150442350798200251e-03
8.884303273375222432e+01 5.032762696991902214e-03
8.909352487970716084e+01 4.934704422732849420e-03
8.934511690540148265e+01 4.852687567224241161e-03
8.959715158813172309e+01 4.752418261010209546e-03
8.984803368908821142e+01 4.678571435793768551e-03
9.009924288814356430e+01 4.556782455328251338e-03
9.035039732041329330e+01 4.449582278782502828e-03
9.060151066709157419e+01 4.332774093018094269e-03
9.085215645777752513e+01 4.238877795358439969e-03
9.110358912880106175e+01 4.151263885671890516e-03
9.135593221689693166e+01 4.045364605795952542e-03
9.160680049007517312e+01 3.910976986024349879e-03
9.185814296072571494e+01 3.843174201945042702e-03
9.211014914083067140e+01 3.746288168612384433e-03
9.236133039430572467e+01 3.690118582246386131e-03
9.261226961967061300e+01 3.607566499818940994e-03
9.286339612223196127e+01 3.540254423574545721e-03
9.311503395193372512e+01 3.502333050438134841e-03
9.336621751977830286e+01 3.412284684511801645e-03
9.361677474844866254e+01 3.395404712527460948e-03
9.386828402731896404e+01 3.288684124362476098e-03
9.412013166396859276e+01 3.234260892806555768e-03
9.437159577797395116e+01 3.194528975931161269e-03
9.462215507964623384e+01 3.139188266750745412e-03
9.487303142853234306e+01 3.049086072954867738e-03
9.512563612801736213e+01 3.023500182396747591e-03
9.537712370347337298e+01 2.983146646155101101e-03
9.562770329733204733e+01 2.911993363736161723e-03
9.587952553542562839e+01 2.844990956686149070e-03
9.613214193709879396e+01 2.783856046989572307e-03
9.638292294616348954e+01 2.719402617685280198e-03
9.663323205539920480e+01 2.672890340289150839e-03
9.688575427051634392e+01 2.625795753650368020e-03
9.713720230214802598e+01 2.576911299800924409e-03
9.738711075112470894e+01 2.516878916088255338e-03
9.763880850310884796e+01 2.503042959742574070e-03
9.789195925073893534e+01 2.459687765666618113e-03
9.814276473823834124e+01 2.395189733251261183e-03
9.839200152577470249e+01 2.357080236448863639e-03
9.864436939619000100e+01 2.330004532969610822e-03
9.889657229158518703e+01 2.279839290353076302e-03
9.914654206758739008e+01 2.243289356699209539e-03
9.939737265117041431e+01 2.200325488470455861e-03
9.964971324453516388e+01 2.158444327743899108e-03
9.990221505033474614e+01 2.110777321470884947e-03
1.001521516083068519e+02 2.080119564766963729e-03
1.004020181344354228e+02 2.073095237309970779e-03
1.006555261342845853e+02 2.044691354290103288e-03
1.009078779715744503e+02 2.013536251664211837e-03
1.011564847190979037e+02 1.986673295147919991e-03
1.014077980390921851e+02 1.930488497322253860e-03
1.016621206036857075e+02 1.912346601202277296e-03
1.019133439536030323e+02 1.890477738527088876e-03
1.021611090492770160e+02 1.844508124299289089e-03
1.024134287982906386e+02 1.851902307026655073e-03
1.026689526987222933e+02 1.842119024713981213e-03
1.029179005362147450e+02 1.811728967818044753e-03
1.031645010122565509e+02 1.789904546865040596e-03
1.034190198448752227e+02 1.764447577027857938e-03
1.036740078018821123e+02 1.763159008382571800e-03
1.039223728592707516e+02 1.712692005057159586e-03
1.041718863957155321e+02 1.679489393130439816e-03
1.044269799004653407e+02 1.651456789451384403e-03
1.046773133673284093e+02 1.699906948626826557e-03
1.049203418007823814e+02 1.670975465598108136e-03
1.051759012379430231e+02 1.671596771625411372e-03
1.054364230283171651e+02 1.622245044282358186e-03
1.056811914497119176e+02 1.618755609205723995e-03
1.059215804876414495e+02 1.612555079924720379e-03
1.061816384917722758e+02 1.595507009063884107e-03
1.064472113030423515e+02 1.531898825782732195e-03
1.066878058983536732e+02 1.525414248968056351e-03
1.069236360402103827e+02 1.515256780325660840e-03
1.071892705778195563e+02 1.496446059578596197e-03
1.074586772409291342e+02 1.496488684914851425e-03
1.076879342587935611e+02 1.475628331033727002e-03
1.079185870885384446e+02 1.545887222843239650e-03
1.081956775747713095e+02 1.497518928754919742e-03
1.084728105259587352e+02 1.478519786258058631e-03
1.086839161354765366e+02 1.439554464204417317e-03
1.089114578639759117e+02 1.495574261387048890e-03
1.091979138747751392e+02 1.571284907312775524e-03
1.094826115122194068e+02 1.509817594879773583e-03
1.096995281563482934e+02 1.466198574683401498e-03
1.099149327348783771e+02 1.607433483693073567e-03
1.102017255337961075e+02 1.350791673146848650e-03
1.104879737748566555e+02 1.357311495224956246e-03
1.107157115274964241e+02 1.438235800862738487e-03
1.109132792987308136e+02 1.024815298461815910e-03
1.111862324688471801e+02 7.317856141960599929e-04
1.114398329385503388e+02 2.258202076784897512e-04
