3.559856489878782115e-01 4.179560658859992941e+02
6.031648866026231293e-01 2.420817458594177367e+02
8.579160745827347778e-01 1.766493569621055428e+02
1.113464310595710716e+00 1.271846316876899436e+02
1.374039914321364408e+00 1.192261663348651410e+02
1.619154704570298309e+00 9.222429229731471878e+01
1.870686673430271840e+00 9.150900242012549768e+01
2.123290040706380832e+00 7.797924854183322907e+01
2.378144976376236119e+00 7.023002735344576308e+01
2.630489925835516996e+00 5.922544873419909806e+01
2.878653162679494670e+00 6.032028940295725761e+01
3.131144366275339319e+00 5.091191497601914051e+01
3.388159578333816313e+00 4.596987870849354607e+01
3.638741848210948149e+00 4.240347729879810146e+01
3.888315910732085268e+00 3.843126752775383181e+01
4.139052155837465996e+00 3.613272532960708361e+01
4.390305777018236988e+00 3.228632991937056573e+01
4.642172339120373081e+00 2.981360867883494947e+01
4.894678666149941293e+00 2.805771281418475738e+01
5.147269052361176378e+00 2.540459912863871139e+01
5.398003206656323272e+00 2.262383882865833229e+01
5.647798235368590269e+00 2.100630720760241132e+01
5.900534302989873581e+00 2.011990459702397871e+01
6.151460297009074374e+00 1.865353268354579086e+01
6.402630176204441526e+00 1.743453774001928380e+01
6.655964674748322096e+00 1.673793531215006070e+01
6.908782583105771202e+00 1.619705752709519686e+01
7.159060853508338873e+00 1.508448834063018396e+01
7.409414762591408632e+00 1.417033309906265792e+01
7.659227149364629561e+00 1.369699185641688643e+01
7.911559474606142395e+00 1.284359235113536712e+01
8.163750941790897997e+00 1.198931839336608718e+01
8.415757210439384295e+00 1.141013472241241189e+01
8.667638839289207198e+00 1.088129813994958006e+01
8.918801124864609520e+00 1.028312248206686341e+01
9.170480108345369530e+00 9.873255591819891208e+00
9.420566033467249412e+00 9.426159662430299235e+00
9.671642335271435797e+00 9.029080387886232018e+00
9.923426157758477473e+00 8.516182261375440987e+00
1.017396902749181820e+01 8.209766437271092343e+00
1.042533700753922155e+01 7.774644797615600567e+00
1.067702948358784276e+01 7.417050230238997344e+00
1.092969337256462303e+01 7.205701451429512794e+00
1.118211872033766419e+01 6.795666790718514427e+00
1.143346516925797296e+01 6.451231374682754982e+00
1.168350508557724687e+01 6.111299449846266718e+00
1.193379937775929100e+01 5.809907349937182275e+00
1.218553055762879112e+01 5.671339395358964808e+00
1.243711650801278878e+01 5.402456845176137890e+00
1.268867268647359303e+01 5.184974957051547761e+00
1.294075027177769144e+01 5.057617292918688001e+00
1.319267287020158363e+01 4.793197416754768625e+00
1.344470571782862756e+01 4.674251233316012666e+00
1.369480150283709641e+01 4.425758180569817846e+00
1.394591277066507828e+01 4.286936537308673856e+00
1.419764645764527167e+01 4.111225614023767072e+00
1.444766774168416212e+01 3.958745370612071213e+00
1.469906835825429070e+01 3.833757350250704743e+00
1.495059118111036511e+01 3.694139559207398893e+00
1.520261612590052991e+01 3.576957945886972468e+00
1.545415944503929495e+01 3.413117198361115268e+00
1.570456072545780124e+01 3.289374883101374270e+00
1.595705800128773966e+01 3.141860903228372859e+00
1.620829297830731619e+01 3.058758701421366411e+00
1.645966591028190962e+01 2.926525341360872723e+00
1.671125708846596325e+01 2.817904850363790459e+00
1.696160259490052624e+01 2.714268747845155705e+00
1.721370276108077135e+01 2.629340499753832106e+00
1.746543424102250341e+01 2.537202398923327440e+00
1.771598473288305442e+01 2.441746407454056911e+00
1.796653767411944003e+01 2.372306244614989179e+00
1.821765658501893270e+01 2.293322393724984032e+00
1.847053788120423334e+01 2.214279106048862023e+00
1.872257696809484173e+01 2.141303757441044286e+00
1.897394097105746269e+01 2.090858550791534043e+00
1.922542454726159988e+01 2.013899169595112504e+00
1.947607703355479103e+01 1.970312015684089646e+00
1.972678839839982601e+01 1.893529147465713658e+00
1.997802698857814363e+01 1.824992883189717974e+00
2.022863620534168660e+01 1.778308537022172731e+00
2.047969598507238231e+01 1.711146376337144392e+00
2.073250439107362553e+01 1.655575992182339196e+00
2.098435855211640089e+01 1.615607770054739989e+00
2.123502923393334640e+01 1.568307799306424943e+00
2.148629411178690773e+01 1.523721219295162355e+00
2.173831825513516591e+01 1.490289592742751745e+00
2.198972260956887226e+01 1.443253779835352635e+00
2.223974971000711420e+01 1.423628830400380352e+00
2.249141870643862973e+01 1.357336221381402641e+00
2.274404614890906373e+01 1.316611753527574313e+00
2.299521835768831579e+01 1.281726413921263852e+00
2.324620084136223852e+01 1.242342326799985575e+00
2.349757798664387209e+01 1.200061794654433855e+00
2.374870488118759937e+01 1.160079084555030837e+00
2.399988781917473091e+01 1.131095008615235153e+00
2.425071646049711305e+01 1.094563160104227828e+00
2.450187830577813841e+01 1.058114091544492430e+00
2.475391093216606109e+01 1.022989845217911142e+00
2.500524226975159792e+01 9.978286038554038395e-01
2.525610980153284402e+01 9.659458299953853633e-01
2.550801425092822328e+01 9.427242615111521840e-01
2.575943113325822864e+01 9.171363966560018843e-01
2.601074166866445125e+01 8.877456441712963109e-01
2.626234447079615464e+01 8.624927884735968941e-01
2.651347712943701751e+01 8.337882450199461948e-01
2.676474177984877656e+01 8.120744366733853026e-01
2.701628079430242479e+01 7.918080770182462924e-01
2.726734205837282232e+01 7.638625436872047425e-01
2.751837013544679422e+01 7.480624635740590334e-01
2.776937726815812724e+01 7.304518640995214529e-01
2.802070160973895341e+01 7.078985421983143844e-01
2.827249982643487058e+01 6.922340452551720702e-01
2.852407603869968966e+01 6.754387438971279911e-01
2.877567300468570721e+01 6.503874626646175550e-01
2.902733523039245256e+01 6.349823941150999351e-01
2.927861073083739996e+01 6.180678534759762588e-01
2.953003196193969160e+01 6.028013671064182954e-01
2.978106336846375157e+01 5.894611628998313035e-01
3.003148440777084716e+01 5.712157194844909025e-01
3.028303386126418673e+01 5.584379664465863868e-01
3.053456493440382857e+01 5.432697497161554923e-01
3.078585183944906944e+01 5.310537431205747394e-01
3.103757946070165730e+01 5.132714125810114991e-01
3.128931656795834826e+01 4.983766484591941048e-01
3.154125974608096428e+01 4.898431900267693484e-01
3.179158626791808828e+01 4.783088495340496737e-01
3.204196438636942190e+01 4.660473629851500932e-01
3.229345624690945016e+01 4.535765706411646336e-01
3.254491795349546379e+01 4.415293611074589952e-01
3.279661199584414533e+01 4.293998226771320037e-01
3.304781054557115993e+01 4.182785951445469053e-01
3.329958828032162188e+01 4.058206289445542292e-01
3.355183723684311303e+01 3.952572994753617008e-01
3.380253855881218072e+01 3.871891734827953568e-01
3.405313147025059095e+01 3.766066072883427207e-01
3.430479305560803738e+01 3.663414015673662760e-01
3.455623390824965924e+01 3.597940791507977520e-01
3.480735498195039668e+01 3.503851044841965190e-01
3.505856438430107858e+01 3.417438953676379398e-01
3.531001549359893943e+01 3.326593542256084945e-01
3.556133107357548084e+01 3.241209664885896791e-01
3.581233698845250757e+01 3.163255701652326057e-01
3.606382608666838507e+01 3.086335859669648851e-01
3.631533331237931606e+01 3.001637329542339860e-01
3.656697642527945646e+01 2.939216353087885647e-01
3.681852327087045751e+01 2.867469681432004425e-01
3.706973766105884494e+01 2.793539356551755781e-01
3.732129678941971207e+01 2.722344722923672466e-01
3.757306314229551703e+01 2.665595113649312231e-01
3.782389924159279104e+01 2.588238694893232883e-01
3.807464007418068519e+01 2.528425928666373501e-01
3.832565302212735503e+01 2.473589597265688222e-01
3.857740378043642693e+01 2.416855355148367357e-01
3.882942253427300017e+01 2.347291067329786429e-01
3.908032307380011616e+01 2.290257499271140251e-01
3.933129330145365543e+01 2.227532101479298421e-01
3.958227876786669697e+01 2.180320834521059237e-01
3.983382520768443413e+01 2.128305456582640087e-01
4.008544842975349098e+01 2.062913597752642769e-01
4.033619301340542052e+01 2.023597854005170227e-01
4.058776599344974301e+01 1.968751875774625570e-01
4.083970221749189022e+01 1.921837371123565619e-01
4.109095921749577940e+01 1.871302735264736283e-01
4.134236727584069371e+01 1.826727936059438506e-01
4.159390229570379915e+01 1.784036731101839024e-01
4.184507899773220174e+01 1.742352176597016244e-01
4.209613747244114279e+01 1.696356517979456247e-01
4.234722818606434913e+01 1.653653822144101060e-01
4.259857332263157303e+01 1.606912548487515191e-01
4.285027109763341713e+01 1.575315832064069776e-01
4.310176195204312677e+01 1.535971670478507578e-01
4.335299280752174411e+01 1.496397770458550436e-01
4.360432095771267313e+01 1.463556917989096151e-01
4.385558663826572712e+01 1.434638265015495684e-01
4.410724528235365938e+01 1.394019727745481885e-01
4.435852190379520010e+01 1.366787899162167363e-01
4.460901713855037087e+01 1.331108214333832362e-01
4.486008510459071630e+01 1.305097916312190076e-01
4.511170295299168487e+01 1.267984111066311481e-01
4.536358210673532199e+01 1.246628066294430126e-01
4.561456198601624124e+01 1.210018426605735942e-01
4.586556721283918137e+01 1.179060522422830520e-01
4.611769651966599781e+01 1.158593423004823791e-01
4.636915627004315610e+01 1.123797708596218914e-01
4.662034887549072693e+01 1.102744895723222623e-01
4.687172305024841279e+01 1.073830949611655067e-01
4.712349745478636009e+01 1.048449036674746759e-01
4.737470617006108142e+01 1.021851186614713830e-01
4.762538569197067062e+01 9.989949892711620649e-02
4.787648835337603259e+01 9.732560039666103557e-02
4.812806309416585293e+01 9.513609527491698192e-02
4.837947377766823820e+01 9.266223861587842558e-02
4.863055608299239907e+01 9.076653126603156929e-02
4.888199020684587026e+01 8.819859712184792422e-02
4.913362466485948232e+01 8.630126273277588522e-02
4.938531946307731602e+01 8.406718092931116104e-02
4.963608988707425596e+01 8.221710504678564346e-02
4.988699356578750610e+01 8.011280805196062393e-02
5.013861839733769443e+01 7.825606815406094263e-02
5.038999807568713862e+01 7.651747705310452119e-02
5.064128572509015669e+01 7.461497293225921590e-02
5.089265153888026560e+01 7.292112126827039742e-02
5.114416620234485578e+01 7.156482164090083309e-02
5.139546355734375993e+01 6.950004153087438463e-02
5.164701680266333028e+01 6.791926960645240652e-02
5.189862905495089507e+01 6.634281816858610126e-02
5.214967308047777550e+01 6.493144532945992198e-02
5.240069291691047226e+01 6.339609889020569877e-02
5.265205790651547346e+01 6.196007854909794943e-02
5.290347041453212995e+01 6.073749754187396377e-02
5.315461969811498477e+01 5.899445081501604460e-02
5.340579219818222612e+01 5.758850843427458510e-02
5.365762065089100474e+01 5.657525176516702697e-02
5.390923473668377852e+01 5.537810397879992103e-02
5.416006359979510876e+01 5.390610103262433173e-02
5.441130437191114311e+01 5.262649963771315331e-02
5.466262745830391623e+01 5.144831735073501777e-02
5.491405993929731011e+01 5.026821961702457320e-02
5.516541491717607215e+01 4.913066776323779528e-02
5.541638268596229011e+01 4.792829100683534266e-02
5.566794564877197615e+01 4.687609996658866074e-02
5.591937805757883950e+01 4.577907170939589376e-02
5.617071533636728020e+01 4.465747456693080347e-02
5.642219117939477258e+01 4.367545829856925299e-02
5.667351334189861944e+01 4.277481075747327499e-02
5.692472708748548627e+01 4.177892407589265528e-02
5.717591204656960002e+01 4.082049088708407381e-02
5.742747687291149106e+01 3.983655280281590133e-02
5.767908487077198032e+01 3.901126151151074889e-02
5.793014671413330063e+01 3.820402273108075564e-02
5.818129395888691135e+01 3.730442226443657361e-02
5.843277276607519610e+01 3.653042776161920940e-02
5.868441457608106049e+01 3.571080806411129627e-02
5.893571635795849062e+01 3.509494202231817905e-02
5.918679860974395979e+01 3.426856298546365753e-02
5.943824578411374659e+01 3.359135993807270404e-02
5.968934443052460637e+01 3.284092821404793749e-02
5.994009881519919958e+01 3.215339837734586259e-02
6.019143008204730450e+01 3.153565179214447289e-02
6.044303967578304793e+01 3.086786465330183457e-02
6.069446539940648933e+01 3.028063889839662307e-02
6.094594283876522667e+01 2.966620895603531635e-02
6.119752142863568878e+01 2.907324504536357157e-02
6.144920707655568037e+01 2.856605426788071111e-02
6.170042875117553649e+01 2.803087656146046810e-02
6.195135852331920745e+01 2.756444465905820776e-02
6.220292279118605450e+01 2.701285503584601941e-02
6.245429299708936099e+01 2.654431350035826517e-02
6.270516484212564734e+01 2.600493475934694682e-02
6.295654789617530156e+01 2.554900229624431501e-02
6.320814180923495940e+01 2.507134999392506350e-02
6.345941573738152641e+01 2.458634652255323877e-02
6.371040057052023542e+01 2.419769673399333604e-02
6.396185745578683424e+01 2.377106481779776154e-02
6.421368546549915379e+01 2.338922204988532275e-02
6.446479073454199238e+01 2.293766572976698934e-02
6.471588673409551973e+01 2.234965877939329437e-02
6.496730834160189261e+01 2.189360337505144236e-02
6.521856319783852030e+01 2.140384689217816536e-02
6.546992987326736113e+01 2.092109447373309214e-02
6.572120553073852989e+01 2.041539609251761395e-02
6.597232322532917692e+01 1.999049998876827397e-02
6.622368994537650622e+01 1.948944282865597635e-02
6.647513103932683975e+01 1.906253199300195558e-02
6.672672959741110787e+01 1.855618446395489868e-02
6.697798244417811020e+01 1.820501034741337995e-02
6.722885542524284119e+01 1.770043592854435646e-02
6.748048616955249202e+01 1.726232990837628725e-02
6.773229923195737001e+01 1.684936246420908057e-02
6.798322572139460362e+01 1.644727821059101952e-02
6.823447173775937813e+01 1.608167979295221581e-02
6.848606896751729778e+01 1.574639331664903080e-02
6.873741544680683546e+01 1.536798023874366009e-02
6.898873787744179253e+01 1.505853745463665676e-02
6.923979673744193519e+01 1.463693709326485681e-02
6.949145441276264989e+01 1.428500348235147571e-02
6.974265210301840057e+01 1.403674168717155939e-02
6.999344031108012132e+01 1.371520927501579390e-02
7.024493114765583357e+01 1.338949421484258127e-02
7.049642464225027538e+01 1.305588931849850295e-02
7.074774315836204153e+01 1.277174348756471636e-02
7.099906993548422918e+01 1.248620288139240878e-02
7.125054486425644029e+01 1.215568497615950906e-02
7.150182990423201090e+01 1.192390258208200077e-02
7.175309169194970593e+01 1.168922133932558116e-02
7.200430886966613286e+01 1.136801102589439331e-02
7.225563655627148307e+01 1.115418108941668152e-02
7.250698057097335436e+01 1.088631200037142553e-02
7.275814540940223196e+01 1.063263773383965778e-02
7.300954011634642882e+01 1.040667419826925982e-02
7.326094744803241099e+01 1.018106486752178713e-02
7.351241635922633577e+01 9.948356202519511790e-03
7.376385704484314942e+01 9.748894394480867379e-03
7.401507686011912313e+01 9.525170907249873656e-03
7.426642983754513239e+01 9.303071854728860168e-03
7.451774392350500875e+01 9.057955346005014050e-03
7.476888196695857403e+01 8.898841243807700807e-03
7.502031254291918572e+01 8.692972519148524715e-03
7.527179980263341008e+01 8.516726901996281990e-03
7.552311252549999665e+01 8.342622917143875660e-03
7.577409780062980360e+01 8.160911671666855674e-03
7.602551875404107307e+01 7.980604517741220205e-03
7.627713348914349467e+01 7.834198025528902459e-03
7.652808863434110265e+01 7.635176695032835567e-03
7.677928937816385258e+01 7.468442732627794851e-03
7.703080422988723797e+01 7.311773542904344454e-03
7.728259641407451852e+01 7.160598653421328987e-03
7.753362846048165125e+01 7.042370293620608783e-03
7.778433144503740948e+01 6.852229351269393393e-03
7.803587445609785789e+01 6.715661604291752428e-03
7.828752478929132508e+01 6.579445978014689805e-03
7.853900368295268208e+01 6.424168167768480597e-03
7.879021312407734001e+01 6.288226942675318940e-03
7.904165509986182769e+01 6.150920930795808310e-03
7.929330413459700821e+01 6.031279201794342154e-03
7.954446877222407863e+01 5.897405563869049204e-03
7.979551714753698377e+01 5.752733949374754484e-03
8.004692165377868207e+01 5.654289180761908756e-03
8.029810489950233432e+01 5.528245895923356544e-03
8.054908874480256031e+01 5.408854105073450207e-03
8.080044321541014085e+01 5.319971445878390361e-03
8.105216211323228492e+01 5.223068349660345798e-03
8.130349433109076074e+01 5.102549766705421000e-03
8.155444015076058406e+01 4.982008169303180425e-03
8.180579598042007206e+01 4.897738085665974753e-03
8.205747345046690100e+01 4.782601752117967772e-03
8.230895288137371324e+01 4.677898664518603117e-03
8.256017853616197044e+01 4.604255883085455262e-03
8.281171136842024794e+01 4.507890520533332224e-03
8.306338874103768433e+01 4.406731718645556795e-03
8.331416972271263433e+01 4.323023943652701609e-03
8.356490365514949303e+01 4.210340109591623019e-03
8.381669207113579034e+01 4.167252294780727367e-03
8.406812178552961257e+01 4.055148442444957146e-03
8.431890933464019611e+01 3.992886058118889220e-03
8.457023187027826339e+01 3.895104426523140519e-03
8.482151559398789686e+01 3.825166285095057007e-03
8.507283003168710422e+01 3.741758021947917852e-03
8.532426808165841692e+01 3.700154244663292000e-03
8.557600476924378086e+01 3.599933133127136090e-03
8.582757594343893004e+01 3.540817517101934545e-03
8.607831587296919906e+01 3.466153115170855521e-03
8.632961333877408094e+01 3.386725514087819775e-03
8.658121923681562748e+01 3.325052682602630018e-03
8.683268673150530503e+01 3.247185987670029618e-03
8.708396519721972595e+01 3.210987740075629902e-03
8.733506961066505880e+01 3.147998802923840204e-03
8.758618105842411694e+01 3.085492083446879624e-03
8.783752567351578477e+01 3.026181932383166084e-03
8.808868914679788986e+01 2.995353443423407012e-03
8.833994003395393690e+01 2.904042902252042951e-03
8.859174898584991809e+01 2.845514063242540921e-03
8.884303273375222432e+01 2.786038529041360862e-03
8.909352487970716084e+01 2.731270075855557564e-03
8.934511690540148265e+01 2.685320881820097566e-03
8.959715158813172309e+01 2.629544768623808416e-03
8.984803368908821142e+01 2.590529175713397227e-03
9.009924288814356430e+01 2.514710723606496633e-03
9.035039732041329330e+01 2.448338024494697927e-03
9.060151066709157419e+01 2.389715263984454677e-03
9.085215645777752513e+01 2.340118763640641579e-03
9.110358912880106175e+01 2.285284373481547612e-03
9.135593221689693166e+01 2.222977718526776385e-03
9.160680049007517312e+01 2.154520534670386137e-03
9.185814296072571494e+01 2.105387626748837955e-03
9.211014914083067140e+01 2.050205690377410878e-03
9.236133039430572467e+01 2.005431324690217215e-03
9.261226961967061300e+01 1.953214946350415124e-03
9.286339612223196127e+01 1.912908819151573235e-03
9.311503395193372512e+01 1.881357930704012507e-03
9.336621751977830286e+01 1.825662521955405144e-03
9.361677474844866254e+01 1.814395458211034984e-03
9.386828402731896404e+01 1.768801771247672247e-03
9.412013166396859276e+01 1.735247346163620429e-03
9.437159577797395116e+01 1.703374004070345961e-03
9.462215507964623384e+01 1.667413866337681249e-03
9.487303142853234306e+01 1.622082826759095164e-03
9.512563612801736213e+01 1.602010333101801199e-03
9.537712370347337298e+01 1.579087099742180946e-03
9.562770329733204733e+01 1.539264180171394120e-03
9.587952553542562839e+01 1.510254050774164540e-03
9.613214193709879396e+01 1.470080134683003376e-03
9.638292294616348954e+01 1.435161906949678889e-03
9.663323205539920480e+01 1.406169393870687232e-03
9.688575427051634392e+01 1.386877701914596660e-03
9.713720230214802598e+01 1.353031994695772563e-03
9.738711075112470894e+01 1.321111650770338255e-03
9.763880850310884796e+01 1.314220631060376539e-03
9.789195925073893534e+01 1.291408151856949290e-03
9.814276473823834124e+01 1.263097259700075815e-03
9.839200152577470249e+01 1.232681344229695324e-03
9.864436939619000100e+01 1.222399812632963189e-03
9.889657229158518703e+01 1.196266878239984725e-03
9.914654206758739008e+01 1.170908843746729620e-03
9.939737265117041431e+01 1.144898958645847262e-03
9.964971324453516388e+01 1.120588244245820670e-03
9.990221505033474614e+01 1.103832605716569904e-03
1.001521516083068519e+02 1.089898868753073121e-03
1.004020181344354228e+02 1.065159497538983304e-03
1.006555261342845853e+02 1.046877222943408403e-03
1.009078779715744503e+02 1.035000438500541979e-03
1.011564847190979037e+02 1.017465618196496330e-03
1.014077980390921851e+02 9.760285157373232772e-04
1.016621206036857075e+02 9.733792452294247853e-04
1.019133439536030323e+02 9.529453480327428885e-04
1.021611090492770160e+02 9.327544899413345129e-04
1.024134287982906386e+02 9.353487646597434188e-04
1.026689526987222933e+02 9.385094524419776776e-04
1.029179005362147450e+02 9.096498823542730925e-04
1.031645010122565509e+02 9.192452435848269630e-04
1.034190198448752227e+02 8.998667481067127881e-04
1.036740078018821123e+02 8.950170257246523476e-04
1.039223728592707516e+02 8.745644659226884353e-04
1.041718863957155321e+02 8.559366792834852133e-04
1.044269799004653407e+02 8.380892724053793730e-04
1.046773133673284093e+02 8.529465665574148493e-04
1.049203418007823814e+02 8.527715182396754549e-04
1.051759012379430231e+02 8.446797936908200790e-04
1.054364230283171651e+02 8.164521603080915173e-04
1.056811914497119176e+02 8.158801153248738383e-04
1.059215804876414495e+02 8.080503638535350194e-04
1.061816384917722758e+02 7.822659684311438497e-04
1.064472113030423515e+02 7.547099541169991670e-04
1.066878058983536732e+02 7.610420907543368483e-04
1.069236360402103827e+02 7.586709494077095934e-04
1.071892705778195563e+02 7.526149062660681321e-04
1.074586772409291342e+02 7.465636801467449152e-04
1.076879342587935611e+02 7.500233917160153627e-04
1.079185870885384446e+02 7.723300833512474536e-04
1.081956775747713095e+02 7.531049906317722423e-04
1.084728105259587352e+02 7.437779291945902397e-04
1.086839161354765366e+02 7.073592521316885351e-04
1.089114578639759117e+02 7.303699159918053277e-04
1.091979138747751392e+02 7.652835283839271724e-04
1.094826115122194068e+02 7.004020177098403558e-04
1.096995281563482934e+02 7.052437262241952921e-04
1.099149327348783771e+02 7.918736539984426535e-04
1.102017255337961075e+02 6.487136136536644304e-04
1.104879737748566555e+02 6.213394424336349166e-04
1.107157115274964241e+02 7.340030367646096935e-04
1.109132792987308136e+02 6.032623703067447121e-04
1.111862324688471801e+02 3.225898826858745040e-04
1.114398329385503388e+02 9.378966635641399624e-04
