3.559856489878782115e-01 4.179713973866336119e+02
6.031648866026231293e-01 2.420994573182515808e+02
8.579160745827347778e-01 1.766925666268059842e+02
1.113464310595710716e+00 1.272494510770258103e+02
1.374039914321364408e+00 1.193129392465428253e+02
1.619154704570298309e+00 9.233523479859633198e+01
1.870686673430271840e+00 9.165306842800448806e+01
2.123290040706380832e+00 7.812162158413958934e+01
2.378144976376236119e+00 7.039023715579727991e+01
2.630489925835516996e+00 5.938502043324622548e+01
2.878653162679494670e+00 6.051267361699099467e+01
3.131144366275339319e+00 5.108213044636661948e+01
3.388159578333816313e+00 4.614644499051968296e+01
3.638741848210948149e+00 4.258467203635701281e+01
3.888315910732085268e+00 3.864759975340788856e+01
4.139052155837465996e+00 3.636163110365598072e+01
4.390305777018236988e+00 3.250895664342019842e+01
4.642172339120373081e+00 3.003161409156591688e+01
4.894678666149941293e+00 2.828574152387271923e+01
5.147269052361176378e+00 2.562235329854882693e+01
5.398003206656323272e+00 2.282705034068237637e+01
5.647798235368590269e+00 2.118788932862770125e+01
5.900534302989873581e+00 2.031722167161541748e+01
6.151460297009074374e+00 1.883754456720421544e+01
6.402630176204441526e+00 1.762838247210771669e+01
6.655964674748322096e+00 1.691857850482471193e+01
6.908782583105771202e+00 1.637483637984678708e+01
7.159060853508338873e+00 1.526780181493789534e+01
7.409414762591408632e+00 1.435086736468822544e+01
7.659227149364629561e+00 1.388586589703076513e+01
7.911559474606142395e+00 1.302482217083735350e+01
8.163750941790897997e+00 1.216811333253073002e+01
8.415757210439384295e+00 1.158661054609535235e+01
8.667638839289207198e+00 1.106409262565362539e+01
8.918801124864609520e+00 1.046625809281433384e+01
9.170480108345369530e+00 1.006171816522384432e+01
9.420566033467249412e+00 9.614595892273237965e+00
9.671642335271435797e+00 9.227427215003130456e+00
9.923426157758477473e+00 8.708765571651372994e+00
1.017396902749181820e+01 8.407792208291741787e+00
1.042533700753922155e+01 7.964971052427646470e+00
1.067702948358784276e+01 7.607573540481682883e+00
1.092969337256462303e+01 7.397112986805574053e+00
1.118211872033766419e+01 6.988293383074233311e+00
1.143346516925797296e+01 6.638010690728200380e+00
1.168350508557724687e+01 6.293568043949863799e+00
1.193379937775929100e+01 5.990322327756088860e+00
1.218553055762879112e+01 5.848823495080741175e+00
1.243711650801278878e+01 5.579556333610229402e+00
1.268867268647359303e+01 5.353249496752313874e+00
1.294075027177769144e+01 5.230381970131036340e+00
1.319267287020158363e+01 4.964494915579239276e+00
1.344470571782862756e+01 4.843071068881569907e+00
1.369480150283709641e+01 4.588251250271305537e+00
1.394591277066507828e+01 4.448412995781693802e+00
1.419764645764527167e+01 4.261610850523945615e+00
1.444766774168416212e+01 4.113356886449294869e+00
1.469906835825429070e+01 3.990592778310564803e+00
1.495059118111036511e+01 3.852681915468223917e+00
1.520261612590052991e+01 3.733312999676304145e+00
1.545415944503929495e+01 3.562785080135780991e+00
1.570456072545780124e+01 3.437242230251561725e+00
1.595705800128773966e+01 3.286562036717780355e+00
1.620829297830731619e+01 3.204455719116487078e+00
1.645966591028190962e+01 3.067630229797752239e+00
1.671125708846596325e+01 2.958922972596294443e+00
1.696160259490052624e+01 2.855049134879941608e+00
1.721370276108077135e+01 2.768178246898763462e+00
1.746543424102250341e+01 2.672331377998443003e+00
1.771598473288305442e+01 2.574782965040215643e+00
1.796653767411944003e+01 2.508163567122202231e+00
1.821765658501893270e+01 2.424023376954937081e+00
1.847053788120423334e+01 2.343247024020871372e+00
1.872257696809484173e+01 2.269403133036739906e+00
1.897394097105746269e+01 2.216625042752875530e+00
1.922542454726159988e+01 2.138367499381698345e+00
1.947607703355479103e+01 2.093001285507131826e+00
1.972678839839982601e+01 2.014618630471627370e+00
1.997802698857814363e+01 1.947175028124473073e+00
2.022863620534168660e+01 1.896883125265171222e+00
2.047969598507238231e+01 1.827394384435323094e+00
2.073250439107362553e+01 1.770368300562997321e+00
2.098435855211640089e+01 1.729322141898407494e+00
2.123502923393334640e+01 1.680256414492640182e+00
2.148629411178690773e+01 1.635747832899333343e+00
2.173831825513516591e+01 1.602759551043963615e+00
2.198972260956887226e+01 1.554309408411119531e+00
2.223974971000711420e+01 1.533434934836825247e+00
2.249141870643862973e+01 1.465037380615760831e+00
2.274404614890906373e+01 1.426023390495891219e+00
2.299521835768831579e+01 1.391527096508481831e+00
2.324620084136223852e+01 1.350085779636081673e+00
2.349757798664387209e+01 1.306064296752066811e+00
2.374870488118759937e+01 1.264215658523689223e+00
2.399988781917473091e+01 1.235357141191360641e+00
2.425071646049711305e+01 1.197617920267009417e+00
2.450187830577813841e+01 1.155819931421546265e+00
2.475391093216606109e+01 1.118026775482254376e+00
2.500524226975159792e+01 1.092736713476791577e+00
2.525610980153284402e+01 1.058236178128785898e+00
2.550801425092822328e+01 1.036472024113656687e+00
2.575943113325822864e+01 1.010495841847304677e+00
2.601074166866445125e+01 9.794713949203583958e-01
2.626234447079615464e+01 9.516739784384209422e-01
2.651347712943701751e+01 9.225150306180973647e-01
2.676474177984877656e+01 8.987289974376294621e-01
2.701628079430242479e+01 8.776490782554494663e-01
2.726734205837282232e+01 8.472830897448345722e-01
2.751837013544679422e+01 8.314352296342277793e-01
2.776937726815812724e+01 8.129574769614041907e-01
2.802070160973895341e+01 7.892574170767451269e-01
2.827249982643487058e+01 7.732104909599973874e-01
2.852407603869968966e+01 7.532391419932288334e-01
2.877567300468570721e+01 7.262333529660410791e-01
2.902733523039245256e+01 7.091870325712181788e-01
2.927861073083739996e+01 6.913021544450443923e-01
2.953003196193969160e+01 6.753527232089727717e-01
2.978106336846375157e+01 6.613091337393267599e-01
3.003148440777084716e+01 6.418265802538061227e-01
3.028303386126418673e+01 6.280715514486368001e-01
3.053456493440382857e+01 6.128073359481487348e-01
3.078585183944906944e+01 6.006093089980940603e-01
3.103757946070165730e+01 5.803688422613358933e-01
3.128931656795834826e+01 5.642969941393227717e-01
3.154125974608096428e+01 5.551340116333146613e-01
3.179158626791808828e+01 5.432161360586766907e-01
3.204196438636942190e+01 5.298183917638943363e-01
3.229345624690945016e+01 5.168205804057302011e-01
3.254491795349546379e+01 5.028485143076905084e-01
3.279661199584414533e+01 4.902564678561900369e-01
3.304781054557115993e+01 4.777825363161480321e-01
3.329958828032162188e+01 4.642950149229760348e-01
3.355183723684311303e+01 4.526902364292672565e-01
3.380253855881218072e+01 4.442640952383362651e-01
3.405313147025059095e+01 4.333446238745290446e-01
3.430479305560803738e+01 4.220738354402187031e-01
3.455623390824965924e+01 4.152270975276215470e-01
3.480735498195039668e+01 4.056837489515071060e-01
3.505856438430107858e+01 3.964617774047520249e-01
3.531001549359893943e+01 3.861773568857523875e-01
3.556133107357548084e+01 3.772102406566057997e-01
3.581233698845250757e+01 3.693130002469313666e-01
3.606382608666838507e+01 3.608801191904481009e-01
3.631533331237931606e+01 3.518273291061984054e-01
3.656697642527945646e+01 3.450785744764373608e-01
3.681852327087045751e+01 3.379546705546343510e-01
3.706973766105884494e+01 3.299457154238857326e-01
3.732129678941971207e+01 3.225751827970782526e-01
3.757306314229551703e+01 3.169388721879914383e-01
3.782389924159279104e+01 3.087119056552025120e-01
3.807464007418068519e+01 3.023264220295759919e-01
3.832565302212735503e+01 2.962877122420177201e-01
3.857740378043642693e+01 2.903700383362545212e-01
3.882942253427300017e+01 2.823042145129741054e-01
3.908032307380011616e+01 2.763801869630232444e-01
3.933129330145365543e+01 2.688801633582153516e-01
3.958227876786669697e+01 2.634595302719666687e-01
3.983382520768443413e+01 2.576037613094856460e-01
4.008544842975349098e+01 2.509252842449785637e-01
4.033619301340542052e+01 2.470207070182048326e-01
4.058776599344974301e+01 2.406000940317884473e-01
4.083970221749189022e+01 2.360110284384341339e-01
4.109095921749577940e+01 2.306640189606486424e-01
4.134236727584069371e+01 2.255092304267282688e-01
4.159390229570379915e+01 2.211388303352014306e-01
4.184507899773220174e+01 2.164179289831715813e-01
4.209613747244114279e+01 2.113801071200009096e-01
4.234722818606434913e+01 2.064449345345452935e-01
4.259857332263157303e+01 2.010481821718261564e-01
4.285027109763341713e+01 1.977811033458032886e-01
4.310176195204312677e+01 1.931592177248252495e-01
4.335299280752174411e+01 1.887040669618866850e-01
4.360432095771267313e+01 1.849182475059865383e-01
4.385558663826572712e+01 1.815911634076788628e-01
4.410724528235365938e+01 1.771403507846407432e-01
4.435852190379520010e+01 1.738421906079289647e-01
4.460901713855037087e+01 1.697585336754613983e-01
4.486008510459071630e+01 1.668458884768120321e-01
4.511170295299168487e+01 1.623179930984882946e-01
4.536358210673532199e+01 1.598266081748352940e-01
4.561456198601624124e+01 1.556779405798666693e-01
4.586556721283918137e+01 1.517006529485063482e-01
4.611769651966599781e+01 1.496232787417897669e-01
4.636915627004315610e+01 1.453615788141197629e-01
4.662034887549072693e+01 1.429308854634799286e-01
4.687172305024841279e+01 1.394057528258965672e-01
4.712349745478636009e+01 1.363871509260401182e-01
4.737470617006108142e+01 1.332149788223908615e-01
4.762538569197067062e+01 1.305124289430797668e-01
4.787648835337603259e+01 1.274363961571300663e-01
4.812806309416585293e+01 1.247880395608235299e-01
4.837947377766823820e+01 1.216416331573268034e-01
4.863055608299239907e+01 1.196587748452099531e-01
4.888199020684587026e+01 1.163814845283359933e-01
4.913362466485948232e+01 1.139880030054608029e-01
4.938531946307731602e+01 1.113950964126815962e-01
4.963608988707425596e+01 1.092769134349089455e-01
4.988699356578750610e+01 1.067221431977883883e-01
5.013861839733769443e+01 1.045558413159852207e-01
5.038999807568713862e+01 1.022674469549632731e-01
5.064128572509015669e+01 9.978988304045757762e-02
5.089265153888026560e+01 9.785983707800854914e-02
5.114416620234485578e+01 9.616674309299179380e-02
5.139546355734375993e+01 9.387929602491747183e-02
5.164701680266333028e+01 9.181652591611784431e-02
5.189862905495089507e+01 8.973282034312210498e-02
5.214967308047777550e+01 8.806011682654278638e-02
5.240069291691047226e+01 8.619041347127759378e-02
5.265205790651547346e+01 8.445892663013919444e-02
5.290347041453212995e+01 8.296659824391958149e-02
5.315461969811498477e+01 8.087147769945969566e-02
5.340579219818222612e+01 7.914240386428193774e-02
5.365762065089100474e+01 7.784813982072077976e-02
5.390923473668377852e+01 7.634916979902110767e-02
5.416006359979510876e+01 7.439709373094648137e-02
5.441130437191114311e+01 7.277707423324923652e-02
5.466262745830391623e+01 7.138652998427492957e-02
5.491405993929731011e+01 6.992037272495887912e-02
5.516541491717607215e+01 6.852071675762017033e-02
5.541638268596229011e+01 6.696385633260498738e-02
5.566794564877197615e+01 6.553720644997249045e-02
5.591937805757883950e+01 6.421407481562474429e-02
5.617071533636728020e+01 6.273711285585928388e-02
5.642219117939477258e+01 6.161836272060910308e-02
5.667351334189861944e+01 6.037308891634025898e-02
5.692472708748548627e+01 5.918329115045731226e-02
5.717591204656960002e+01 5.794329794642105042e-02
5.742747687291149106e+01 5.670483087362999247e-02
5.767908487077198032e+01 5.558407788727297988e-02
5.793014671413330063e+01 5.446848235657730797e-02
5.818129395888691135e+01 5.341160525730096614e-02
5.843277276607519610e+01 5.231306939504268283e-02
5.868441457608106049e+01 5.122781109529050275e-02
5.893571635795849062e+01 5.043065573277646929e-02
5.918679860974395979e+01 4.936423461123600614e-02
5.943824578411374659e+01 4.838112949116252920e-02
5.968934443052460637e+01 4.747022670311689535e-02
5.994009881519919958e+01 4.650670397116375698e-02
6.019143008204730450e+01 4.571276853404919460e-02
6.044303967578304793e+01 4.483249124979879485e-02
6.069446539940648933e+01 4.408544761317570448e-02
6.094594283876522667e+01 4.328207124365562181e-02
6.119752142863568878e+01 4.256294480244396383e-02
6.144920707655568037e+01 4.184883955264484534e-02
6.170042875117553649e+01 4.115255419861685998e-02
6.195135852331920745e+01 4.046525104122044442e-02
6.220292279118605450e+01 3.972159167206753411e-02
6.245429299708936099e+01 3.910964358396600005e-02
6.270516484212564734e+01 3.844291463316720781e-02
6.295654789617530156e+01 3.783153108202268189e-02
6.320814180923495940e+01 3.722723221131987031e-02
6.345941573738152641e+01 3.651931156863713612e-02
6.371040057052023542e+01 3.597102753101429073e-02
6.396185745578683424e+01 3.537599080184050671e-02
6.421368546549915379e+01 3.490645816888202080e-02
6.446479073454199238e+01 3.420944725441712325e-02
6.471588673409551973e+01 3.339183590847128597e-02
6.496730834160189261e+01 3.277319904931936395e-02
6.521856319783852030e+01 3.205514183847915644e-02
6.546992987326736113e+01 3.132161063989907096e-02
6.572120553073852989e+01 3.071043175258283617e-02
6.597232322532917692e+01 3.009511473597496073e-02
6.622368994537650622e+01 2.937659621087552325e-02
6.647513103932683975e+01 2.876592338188230236e-02
6.672672959741110787e+01 2.807764413511359622e-02
6.697798244417811020e+01 2.759284159439444675e-02
6.722885542524284119e+01 2.692711843164592028e-02
6.748048616955249202e+01 2.635641659694771405e-02
6.773229923195737001e+01 2.579539631060280211e-02
6.798322572139460362e+01 2.525534578573416372e-02
6.823447173775937813e+01 2.474628703749567546e-02
6.848606896751729778e+01 2.429686036033446711e-02
6.873741544680683546e+01 2.378126753965494750e-02
6.898873787744179253e+01 2.335396764542278791e-02
6.923979673744193519e+01 2.277001975784243362e-02
6.949145441276264989e+01 2.227343942819566894e-02
6.974265210301840057e+01 2.194512848360819640e-02
6.999344031108012132e+01 2.147399085694656068e-02
7.024493114765583357e+01 2.107396927612296272e-02
7.049642464225027538e+01 2.059573291259154254e-02
7.074774315836204153e+01 2.016519769294433315e-02
7.099906993548422918e+01 1.971672098209773655e-02
7.125054486425644029e+01 1.930875554061410593e-02
7.150182990423201090e+01 1.891744285653823229e-02
7.175309169194970593e+01 1.860803288322197477e-02
7.200430886966613286e+01 1.819418563672220088e-02
7.225563655627148307e+01 1.787834355049346124e-02
7.250698057097335436e+01 1.748639697579622634e-02
7.275814540940223196e+01 1.708945385131455455e-02
7.300954011634642882e+01 1.676392389777530550e-02
7.326094744803241099e+01 1.642899818061242107e-02
7.351241635922633577e+01 1.612022556985834645e-02
7.376385704484314942e+01 1.580987572904459307e-02
7.401507686011912313e+01 1.547053885528517150e-02
7.426642983754513239e+01 1.514994622239396529e-02
7.451774392350500875e+01 1.480359358960956981e-02
7.476888196695857403e+01 1.458573093932147118e-02
7.502031254291918572e+01 1.425358642827920415e-02
7.527179980263341008e+01 1.401210549634706454e-02
7.552311252549999665e+01 1.372421808553018173e-02
7.577409780062980360e+01 1.346056867159228267e-02
7.602551875404107307e+01 1.320908533648858241e-02
7.627713348914349467e+01 1.300664224647910677e-02
7.652808863434110265e+01 1.271642028890506912e-02
7.677928937816385258e+01 1.250346693183713651e-02
7.703080422988723797e+01 1.224547748777813673e-02
7.728259641407451852e+01 1.201742352815594016e-02
7.753362846048165125e+01 1.180890089734541390e-02
7.778433144503740948e+01 1.157167686073689618e-02
7.803587445609785789e+01 1.137981585157718176e-02
7.828752478929132508e+01 1.116031580900436054e-02
7.853900368295268208e+01 1.090372705573038233e-02
7.879021312407734001e+01 1.071910388894897412e-02
7.904165509986182769e+01 1.054376171206134784e-02
7.929330413459700821e+01 1.037345940083807434e-02
7.954446877222407863e+01 1.017272430073975532e-02
7.979551714753698377e+01 9.955060517275860985e-03
8.004692165377868207e+01 9.783381222353258050e-03
8.029810489950233432e+01 9.588800389099599517e-03
8.054908874480256031e+01 9.399162895810034626e-03
8.080044321541014085e+01 9.251059466026025774e-03
8.105216211323228492e+01 9.107397077037034452e-03
8.130349433109076074e+01 8.919536461483338133e-03
8.155444015076058406e+01 8.747459814122461250e-03
8.180579598042007206e+01 8.600578665641926343e-03
8.205747345046690100e+01 8.419241238224038637e-03
8.230895288137371324e+01 8.260963466388668644e-03
8.256017853616197044e+01 8.159000484900588018e-03
8.281171136842024794e+01 7.998746731089169393e-03
8.306338874103768433e+01 7.837226735651731460e-03
8.331416972271263433e+01 7.730172399890914217e-03
8.356490365514949303e+01 7.553620482633833545e-03
8.381669207113579034e+01 7.476984384198896542e-03
8.406812178552961257e+01 7.295271135668739138e-03
8.431890933464019611e+01 7.190915639216683905e-03
8.457023187027826339e+01 7.040862559561092068e-03
8.482151559398789686e+01 6.915728669230967844e-03
8.507283003168710422e+01 6.768099255291235711e-03
8.532426808165841692e+01 6.680874668723757633e-03
8.557600476924378086e+01 6.536373093151001505e-03
8.582757594343893004e+01 6.462974294893935462e-03
8.607831587296919906e+01 6.356640062300383809e-03
8.632961333877408094e+01 6.242621208834687671e-03
8.658121923681562748e+01 6.116798500914445887e-03
8.683268673150530503e+01 6.010632624151829306e-03
8.708396519721972595e+01 5.955226968784887477e-03
8.733506961066505880e+01 5.824122176115271825e-03
8.758618105842411694e+01 5.743211164068680319e-03
8.783752567351578477e+01 5.615503303973065456e-03
8.808868914679788986e+01 5.569172047788431036e-03
8.833994003395393690e+01 5.418365212783632368e-03
8.859174898584991809e+01 5.357598789249790397e-03
8.884303273375222432e+01 5.215183637839930150e-03
8.909352487970716084e+01 5.110544019119336173e-03
8.934511690540148265e+01 5.013562625132405096e-03
8.959715158813172309e+01 4.930200963756249319e-03
8.984803368908821142e+01 4.843237578279206874e-03
9.009924288814356430e+01 4.697714801875482217e-03
9.035039732041329330e+01 4.586337953595994929e-03
9.060151066709157419e+01 4.473918784950919707e-03
9.085215645777752513e+01 4.370350471544832104e-03
9.110358912880106175e+01 4.284025368919243577e-03
9.135593221689693166e+01 4.180485851920085101e-03
9.160680049007517312e+01 4.038060870196752764e-03
9.185814296072571494e+01 3.950839275216834826e-03
9.211014914083067140e+01 3.848210777610207908e-03
9.236133039430572467e+01 3.789446812008289301e-03
9.261226961967061300e+01 3.690829036552189298e-03
9.286339612223196127e+01 3.600399846138295935e-03
9.311503395193372512e+01 3.550435664668154072e-03
9.336621751977830286e+01 3.466354002072969450e-03
9.361677474844866254e+01 3.457326086393975456e-03
9.386828402731896404e+01 3.350623051594108382e-03
9.412013166396859276e+01 3.262886658310762238e-03
9.437159577797395116e+01 3.212835807511790331e-03
9.462215507964623384e+01 3.151211021997068779e-03
9.487303142853234306e+01 3.053982024301017586e-03
9.512563612801736213e+01 3.049517049183627076e-03
9.537712370347337298e+01 2.990344013991869977e-03
9.562770329733204733e+01 2.929253927475783826e-03
9.587952553542562839e+01 2.843434413510131237e-03
9.613214193709879396e+01 2.794999322683618375e-03
9.638292294616348954e+01 2.730725434287137755e-03
9.663323205539920480e+01 2.692200000526673818e-03
9.688575427051634392e+01 2.654655324408024004e-03
9.713720230214802598e+01 2.607992791351934018e-03
9.738711075112470894e+01 2.547767554804590117e-03
9.763880850310884796e+01 2.526296498908997372e-03
9.789195925073893534e+01 2.487656436797928104e-03
9.814276473823834124e+01 2.421724047085386036e-03
9.839200152577470249e+01 2.375439452093377514e-03
9.864436939619000100e+01 2.379193227014120976e-03
9.889657229158518703e+01 2.325324089339645631e-03
9.914654206758739008e+01 2.294368760186294744e-03
9.939737265117041431e+01 2.258084329347832906e-03
9.964971324453516388e+01 2.199813011224532704e-03
9.990221505033474614e+01 2.141375383098616247e-03
1.001521516083068519e+02 2.114635089177833212e-03
1.004020181344354228e+02 2.098908683756688879e-03
1.006555261342845853e+02 2.068009245331484721e-03
1.009078779715744503e+02 2.047997453416033637e-03
1.011564847190979037e+02 2.041126597260867377e-03
1.014077980390921851e+02 1.992806519148684289e-03
1.016621206036857075e+02 1.979977272532814411e-03
1.019133439536030323e+02 1.949657279921382987e-03
1.021611090492770160e+02 1.915521492888329650e-03
1.024134287982906386e+02 1.905006211806933858e-03
1.026689526987222933e+02 1.898474202652850268e-03
1.029179005362147450e+02 1.873711740002050215e-03
1.031645010122565509e+02 1.852574106293734509e-03
1.034190198448752227e+02 1.821134327773936542e-03
1.036740078018821123e+02 1.836344307772018111e-03
1.039223728592707516e+02 1.815230061238027161e-03
1.041718863957155321e+02 1.768203256852617176e-03
1.044269799004653407e+02 1.741606017139982285e-03
1.046773133673284093e+02 1.780830098881843859e-03
1.049203418007823814e+02 1.770985442514825875e-03
1.051759012379430231e+02 1.769590934278375072e-03
1.054364230283171651e+02 1.724358222033101377e-03
1.056811914497119176e+02 1.714676740377727923e-03
1.059215804876414495e+02 1.718382705500634761e-03
1.061816384917722758e+02 1.724359061019460496e-03
1.064472113030423515e+02 1.639153614039013610e-03
1.066878058983536732e+02 1.648809464956814365e-03
1.069236360402103827e+02 1.629468592832720867e-03
1.071892705778195563e+02 1.569939499028596454e-03
1.074586772409291342e+02 1.560694636050747935e-03
1.076879342587935611e+02 1.574080306919778491e-03
1.079185870885384446e+02 1.613764340349150943e-03
1.081956775747713095e+02 1.546029789336289019e-03
1.084728105259587352e+02 1.515685909761173202e-03
1.086839161354765366e+02 1.476530179349778938e-03
1.089114578639759117e+02 1.507212302466648260e-03
1.091979138747751392e+02 1.569762185874854291e-03
1.094826115122194068e+02 1.446318417747523895e-03
1.096995281563482934e+02 1.484739375141546410e-03
1.099149327348783771e+02 1.518325534480260237e-03
1.102017255337961075e+02 1.397837197077940203e-03
1.104879737748566555e+02 1.397129046206584558e-03
1.107157115274964241e+02 1.696783231177445127e-03
1.109132792987308136e+02 1.087591474649945381e-03
1.111862324688471801e+02 6.362686092648507565e-04
1.114398329385503388e+02 8.482598949562667259e-04
