3.559856489878782115e-01 4.177629313210756550e+02
6.031648866026231293e-01 2.421769826691313483e+02
8.579160745827347778e-01 1.765762563406880190e+02
1.113464310595710716e+00 1.272356810360174109e+02
1.374039914321364408e+00 1.192324975709899775e+02
1.619154704570298309e+00 9.225295280198869818e+01
1.870686673430271840e+00 9.158093471888795989e+01
2.123290040706380832e+00 7.806081214363859999e+01
2.378144976376236119e+00 7.030278724549047809e+01
2.630489925835516996e+00 5.927880879640487422e+01
2.878653162679494670e+00 6.041078192920458889e+01
3.131144366275339319e+00 5.099954178354398948e+01
3.388159578333816313e+00 4.604623561693421863e+01
3.638741848210948149e+00 4.252819845380118124e+01
3.888315910732085268e+00 3.860178060260831501e+01
4.139052155837465996e+00 3.629795112321799877e+01
4.390305777018236988e+00 3.247076160421235613e+01
4.642172339120373081e+00 2.998415226087491448e+01
4.894678666149941293e+00 2.825173013257818511e+01
5.147269052361176378e+00 2.562423760736025002e+01
5.398003206656323272e+00 2.282263290776459286e+01
5.647798235368590269e+00 2.118932185556390380e+01
5.900534302989873581e+00 2.031643255517255042e+01
6.151460297009074374e+00 1.886013479854965524e+01
6.402630176204441526e+00 1.765452445141554705e+01
6.655964674748322096e+00 1.693647724342073602e+01
6.908782583105771202e+00 1.639739232976570449e+01
7.159060853508338873e+00 1.530549187159472702e+01
7.409414762591408632e+00 1.440611697024971249e+01
7.659227149364629561e+00 1.394148706367808188e+01
7.911559474606142395e+00 1.304376685020391591e+01
8.163750941790897997e+00 1.220021925532187268e+01
8.415757210439384295e+00 1.163230553542068613e+01
8.667638839289207198e+00 1.109780673678170793e+01
8.918801124864609520e+00 1.048304059069890748e+01
9.170480108345369530e+00 1.008540644777205841e+01
9.420566033467249412e+00 9.642154023781960959e+00
9.671642335271435797e+00 9.245062819509543672e+00
9.923426157758477473e+00 8.725200300788204189e+00
1.017396902749181820e+01 8.436394524458618704e+00
1.042533700753922155e+01 7.989793542392060743e+00
1.067702948358784276e+01 7.632424564403933687e+00
1.092969337256462303e+01 7.420131441394662630e+00
1.118211872033766419e+01 7.006673988396043384e+00
1.143346516925797296e+01 6.661811852299422299e+00
1.168350508557724687e+01 6.314692807854615175e+00
1.193379937775929100e+01 6.004588523961277957e+00
1.218553055762879112e+01 5.867482998747109768e+00
1.243711650801278878e+01 5.607600491241510277e+00
1.268867268647359303e+01 5.375384444396626549e+00
1.294075027177769144e+01 5.262640633181911554e+00
1.319267287020158363e+01 4.998737244582611261e+00
1.344470571782862756e+01 4.868156535937459672e+00
1.369480150283709641e+01 4.613633977646469653e+00
1.394591277066507828e+01 4.476665531998046177e+00
1.419764645764527167e+01 4.289287729985922226e+00
1.444766774168416212e+01 4.141219695530218736e+00
1.469906835825429070e+01 4.018788453123568694e+00
1.495059118111036511e+01 3.881906705628264120e+00
1.520261612590052991e+01 3.754687926790276631e+00
1.545415944503929495e+01 3.588792487325955349e+00
1.570456072545780124e+01 3.462698381065904218e+00
1.595705800128773966e+01 3.312039496637089186e+00
1.620829297830731619e+01 3.232138923567230204e+00
1.645966591028190962e+01 3.095049868632548495e+00
1.671125708846596325e+01 2.987993930820691979e+00
1.696160259490052624e+01 2.882610110016966765e+00
1.721370276108077135e+01 2.793164644507053929e+00
1.746543424102250341e+01 2.701506705573450073e+00
1.771598473288305442e+01 2.603801865138891003e+00
1.796653767411944003e+01 2.527559165010284215e+00
1.821765658501893270e+01 2.446708230150769658e+00
1.847053788120423334e+01 2.367262859120952800e+00
1.872257696809484173e+01 2.291705935865269606e+00
1.897394097105746269e+01 2.243110698385303969e+00
1.922542454726159988e+01 2.164708709942300136e+00
1.947607703355479103e+01 2.121511317084613601e+00
1.972678839839982601e+01 2.044425629635817643e+00
1.997802698857814363e+01 1.973492810743586290e+00
2.022863620534168660e+01 1.922550200860278613e+00
2.047969598507238231e+01 1.851620813115216091e+00
2.073250439107362553e+01 1.797351408943112627e+00
2.098435855211640089e+01 1.755230077841959835e+00
2.123502923393334640e+01 1.705479214174651981e+00
2.148629411178690773e+01 1.663928163665622462e+00
2.173831825513516591e+01 1.627430465572933027e+00
2.198972260956887226e+01 1.577301394155723679e+00
2.223974971000711420e+01 1.555381280440869540e+00
2.249141870643862973e+01 1.486018615403540633e+00
2.274404614890906373e+01 1.447265698570315617e+00
2.299521835768831579e+01 1.411956910304691171e+00
2.324620084136223852e+01 1.372661025637258225e+00
2.349757798664387209e+01 1.326498292834685566e+00
2.374870488118759937e+01 1.283585457203459290e+00
2.399988781917473091e+01 1.253732563845876724e+00
2.425071646049711305e+01 1.212621022382738722e+00
2.450187830577813841e+01 1.174852393581522048e+00
2.475391093216606109e+01 1.136231340288213376e+00
2.500524226975159792e+01 1.111531269994936899e+00
2.525610980153284402e+01 1.074063377604898450e+00
2.550801425092822328e+01 1.051915301459949825e+00
2.575943113325822864e+01 1.024131675298404431e+00
2.601074166866445125e+01 9.925624293031827250e-01
2.626234447079615464e+01 9.649739323212763731e-01
2.651347712943701751e+01 9.349239012461417753e-01
2.676474177984877656e+01 9.109156327336769277e-01
2.701628079430242479e+01 8.901434919457313910e-01
2.726734205837282232e+01 8.598155913206781964e-01
2.751837013544679422e+01 8.426829029759959067e-01
2.776937726815812724e+01 8.250661302089519200e-01
2.802070160973895341e+01 7.995448064696192292e-01
2.827249982643487058e+01 7.858549096150644342e-01
2.852407603869968966e+01 7.657201225671111944e-01
2.877567300468570721e+01 7.382504988315211625e-01
2.902733523039245256e+01 7.220032014649444552e-01
2.927861073083739996e+01 7.032228458494742540e-01
2.953003196193969160e+01 6.864690184483085433e-01
2.978106336846375157e+01 6.723144956753548396e-01
3.003148440777084716e+01 6.509116397379761665e-01
3.028303386126418673e+01 6.380985568059925894e-01
3.053456493440382857e+01 6.205270140231388121e-01
3.078585183944906944e+01 6.074534152360376860e-01
3.103757946070165730e+01 5.877957649165733711e-01
3.128931656795834826e+01 5.695878343615314865e-01
3.154125974608096428e+01 5.595896957111580194e-01
3.179158626791808828e+01 5.470806045212239788e-01
3.204196438636942190e+01 5.338943890830748495e-01
3.229345624690945016e+01 5.203033474373653933e-01
3.254491795349546379e+01 5.057590180922115763e-01
3.279661199584414533e+01 4.926090608350263689e-01
3.304781054557115993e+01 4.818213773349986906e-01
3.329958828032162188e+01 4.681262354757489974e-01
3.355183723684311303e+01 4.558609502123359136e-01
3.380253855881218072e+01 4.463139883045394996e-01
3.405313147025059095e+01 4.356482882452318850e-01
3.430479305560803738e+01 4.248754982599539654e-01
3.455623390824965924e+01 4.174715508305638090e-01
3.480735498195039668e+01 4.072791796455985658e-01
3.505856438430107858e+01 3.978601525214348067e-01
3.531001549359893943e+01 3.873893186386035969e-01
3.556133107357548084e+01 3.780857162533169391e-01
3.581233698845250757e+01 3.694523313099000172e-01
3.606382608666838507e+01 3.616813762190292936e-01
3.631533331237931606e+01 3.519964792149474775e-01
3.656697642527945646e+01 3.448130160173846215e-01
3.681852327087045751e+01 3.368736723611779338e-01
3.706973766105884494e+01 3.287447250010024913e-01
3.732129678941971207e+01 3.205067397655851358e-01
3.757306314229551703e+01 3.147576874585167328e-01
3.782389924159279104e+01 3.061856370757148338e-01
3.807464007418068519e+01 2.987432214684185294e-01
3.832565302212735503e+01 2.929856282552795732e-01
3.857740378043642693e+01 2.867277060558558466e-01
3.882942253427300017e+01 2.788770515425192387e-01
3.908032307380011616e+01 2.727125643219045492e-01
3.933129330145365543e+01 2.659064487364792284e-01
3.958227876786669697e+01 2.602373572207106744e-01
3.983382520768443413e+01 2.548171858166543569e-01
4.008544842975349098e+01 2.468935416059484522e-01
4.033619301340542052e+01 2.432800542202730176e-01
4.058776599344974301e+01 2.369028068145660748e-01
4.083970221749189022e+01 2.324220265680610742e-01
4.109095921749577940e+01 2.269819328733087560e-01
4.134236727584069371e+01 2.218320162328582534e-01
4.159390229570379915e+01 2.178657989603602352e-01
4.184507899773220174e+01 2.126803607130843821e-01
4.209613747244114279e+01 2.075642587906222913e-01
4.234722818606434913e+01 2.026663359639457318e-01
4.259857332263157303e+01 1.976191589615023114e-01
4.285027109763341713e+01 1.940174792965435324e-01
4.310176195204312677e+01 1.896157349667279834e-01
4.335299280752174411e+01 1.849866866371539242e-01
4.360432095771267313e+01 1.814334033728632611e-01
4.385558663826572712e+01 1.780612766467082608e-01
4.410724528235365938e+01 1.731380094673806158e-01
4.435852190379520010e+01 1.699182824738617592e-01
4.460901713855037087e+01 1.658698408251585710e-01
4.486008510459071630e+01 1.631618214226371599e-01
4.511170295299168487e+01 1.589006540365069109e-01
4.536358210673532199e+01 1.563426948150788420e-01
4.561456198601624124e+01 1.522251121253297701e-01
4.586556721283918137e+01 1.482680428729964972e-01
4.611769651966599781e+01 1.460254615227153108e-01
4.636915627004315610e+01 1.420078079502741786e-01
4.662034887549072693e+01 1.393534142081573890e-01
4.687172305024841279e+01 1.359981890607617205e-01
4.712349745478636009e+01 1.329179453880058592e-01
4.737470617006108142e+01 1.298038462401522875e-01
4.762538569197067062e+01 1.270215939365828828e-01
4.787648835337603259e+01 1.238050813990995286e-01
4.812806309416585293e+01 1.213177316830777036e-01
4.837947377766823820e+01 1.183228883070395893e-01
4.863055608299239907e+01 1.162977795736827302e-01
4.888199020684587026e+01 1.128227023435104392e-01
4.913362466485948232e+01 1.105278246238509121e-01
4.938531946307731602e+01 1.079836851092588756e-01
4.963608988707425596e+01 1.058382110367743628e-01
4.988699356578750610e+01 1.034028622796597380e-01
5.013861839733769443e+01 1.010509630266017284e-01
5.038999807568713862e+01 9.866220933794794812e-02
5.064128572509015669e+01 9.639096863277245297e-02
5.089265153888026560e+01 9.436505024156782717e-02
5.114416620234485578e+01 9.293169403466269851e-02
5.139546355734375993e+01 9.054500021157611822e-02
5.164701680266333028e+01 8.832556669869799648e-02
5.189862905495089507e+01 8.660395720227792582e-02
5.214967308047777550e+01 8.486586578483742982e-02
5.240069291691047226e+01 8.294738103165276433e-02
5.265205790651547346e+01 8.124715997539179446e-02
5.290347041453212995e+01 7.991310250760835787e-02
5.315461969811498477e+01 7.783763888861548741e-02
5.340579219818222612e+01 7.618973459892894318e-02
5.365762065089100474e+01 7.491584163138589880e-02
5.390923473668377852e+01 7.357567817086872741e-02
5.416006359979510876e+01 7.180681907240946127e-02
5.441130437191114311e+01 7.036820063392251745e-02
5.466262745830391623e+01 6.919865637541817993e-02
5.491405993929731011e+01 6.766303486885325014e-02
5.516541491717607215e+01 6.643254684465457749e-02
5.541638268596229011e+01 6.485968114736341550e-02
5.566794564877197615e+01 6.348441561443951553e-02
5.591937805757883950e+01 6.231105348808022720e-02
5.617071533636728020e+01 6.084747252995368477e-02
5.642219117939477258e+01 5.978434344283639623e-02
5.667351334189861944e+01 5.859741694622368213e-02
5.692472708748548627e+01 5.739881054031879121e-02
5.717591204656960002e+01 5.618364530135601387e-02
5.742747687291149106e+01 5.501422561656778981e-02
5.767908487077198032e+01 5.379342562279776363e-02
5.793014671413330063e+01 5.288610826918264257e-02
5.818129395888691135e+01 5.169859862881302087e-02
5.843277276607519610e+01 5.059529507651844282e-02
5.868441457608106049e+01 4.957808535251780058e-02
5.893571635795849062e+01 4.877906761795773594e-02
5.918679860974395979e+01 4.772244142128834882e-02
5.943824578411374659e+01 4.673885552606219657e-02
5.968934443052460637e+01 4.588469315921798325e-02
5.994009881519919958e+01 4.498212202257922954e-02
6.019143008204730450e+01 4.414733561332030709e-02
6.044303967578304793e+01 4.333847334473461821e-02
6.069446539940648933e+01 4.257465130184385355e-02
6.094594283876522667e+01 4.177454168097551046e-02
6.119752142863568878e+01 4.113289153240878848e-02
6.144920707655568037e+01 4.043201909214833023e-02
6.170042875117553649e+01 3.987136594041598703e-02
6.195135852331920745e+01 3.921447382238316126e-02
6.220292279118605450e+01 3.853697086188996590e-02
6.245429299708936099e+01 3.794317059461243397e-02
6.270516484212564734e+01 3.730663301629719847e-02
6.295654789617530156e+01 3.670099272424253573e-02
6.320814180923495940e+01 3.615282664335053159e-02
6.345941573738152641e+01 3.555294264689337624e-02
6.371040057052023542e+01 3.504618646399617482e-02
6.396185745578683424e+01 3.443711185750192999e-02
6.421368546549915379e+01 3.399998356190563759e-02
6.446479073454199238e+01 3.343524226225436102e-02
6.471588673409551973e+01 3.266188738795002683e-02
6.496730834160189261e+01 3.204589913707799748e-02
6.521856319783852030e+01 3.143094223857692548e-02
6.546992987326736113e+01 3.077182595034365711e-02
6.572120553073852989e+01 3.015377160419695571e-02
6.597232322532917692e+01 2.950447971591847393e-02
6.622368994537650622e+01 2.884710974568116884e-02
6.647513103932683975e+01 2.824601032066533304e-02
6.672672959741110787e+01 2.763164433205391596e-02
6.697798244417811020e+01 2.713542822292102849e-02
6.722885542524284119e+01 2.647977931043226513e-02
6.748048616955249202e+01 2.591685212034392297e-02
6.773229923195737001e+01 2.537244079503747987e-02
6.798322572139460362e+01 2.481068314223142807e-02
6.823447173775937813e+01 2.434325520783187785e-02
6.848606896751729778e+01 2.384593992310993227e-02
6.873741544680683546e+01 2.333974126504292576e-02
6.898873787744179253e+01 2.290843025615139222e-02
6.923979673744193519e+01 2.238421351887169911e-02
6.949145441276264989e+01 2.187132604754727858e-02
6.974265210301840057e+01 2.148904496728105268e-02
6.999344031108012132e+01 2.107427108670030871e-02
7.024493114765583357e+01 2.058495070054800619e-02
7.049642464225027538e+01 2.016100014964687659e-02
7.074774315836204153e+01 1.976727301777098100e-02
7.099906993548422918e+01 1.933251729192309032e-02
7.125054486425644029e+01 1.890397860743364342e-02
7.150182990423201090e+01 1.855738792957874889e-02
7.175309169194970593e+01 1.821444375501918983e-02
7.200430886966613286e+01 1.780232312351314253e-02
7.225563655627148307e+01 1.748777712018588504e-02
7.250698057097335436e+01 1.711528734469629567e-02
7.275814540940223196e+01 1.675836725460998905e-02
7.300954011634642882e+01 1.642519834686412619e-02
7.326094744803241099e+01 1.615862991781959190e-02
7.351241635922633577e+01 1.575510583691368607e-02
7.376385704484314942e+01 1.548316435225267039e-02
7.401507686011912313e+01 1.515948595694545029e-02
7.426642983754513239e+01 1.487392116276237998e-02
7.451774392350500875e+01 1.447956191494336430e-02
7.476888196695857403e+01 1.425692358495094306e-02
7.502031254291918572e+01 1.393246768976271442e-02
7.527179980263341008e+01 1.367192451932435805e-02
7.552311252549999665e+01 1.341138550221325325e-02
7.577409780062980360e+01 1.315693248555123950e-02
7.602551875404107307e+01 1.288131966793389614e-02
7.627713348914349467e+01 1.265650714965796050e-02
7.652808863434110265e+01 1.236540379752712297e-02
7.677928937816385258e+01 1.212329722679835083e-02
7.703080422988723797e+01 1.188008729149759961e-02
7.728259641407451852e+01 1.162245291591532462e-02
7.753362846048165125e+01 1.144761365850379894e-02
7.778433144503740948e+01 1.120109080303992137e-02
7.803587445609785789e+01 1.100622944639382227e-02
7.828752478929132508e+01 1.078102596507120661e-02
7.853900368295268208e+01 1.055573532419074902e-02
7.879021312407734001e+01 1.032377759239121694e-02
7.904165509986182769e+01 1.015303014535717460e-02
7.929330413459700821e+01 9.974810138842863175e-03
7.954446877222407863e+01 9.790265152073072269e-03
7.979551714753698377e+01 9.553187625360341079e-03
8.004692165377868207e+01 9.396429283901885920e-03
8.029810489950233432e+01 9.215697168225053804e-03
8.054908874480256031e+01 9.036487314183746025e-03
8.080044321541014085e+01 8.907681443644037064e-03
8.105216211323228492e+01 8.749363432375459673e-03
8.130349433109076074e+01 8.573531740536368892e-03
8.155444015076058406e+01 8.413503926233923888e-03
8.180579598042007206e+01 8.270396877517119036e-03
8.205747345046690100e+01 8.091264912908629689e-03
8.230895288137371324e+01 7.969560667656043831e-03
8.256017853616197044e+01 7.845523345219250835e-03
8.281171136842024794e+01 7.706583077244566135e-03
8.306338874103768433e+01 7.556244767175306076e-03
8.331416972271263433e+01 7.444631809085528774e-03
8.356490365514949303e+01 7.279989399434431442e-03
8.381669207113579034e+01 7.196579398047691853e-03
8.406812178552961257e+01 7.050201250180118673e-03
8.431890933464019611e+01 6.930214063371250600e-03
8.457023187027826339e+01 6.791182648238088850e-03
8.482151559398789686e+01 6.675514177245242368e-03
8.507283003168710422e+01 6.541994222938422691e-03
8.532426808165841692e+01 6.466965693520388553e-03
8.557600476924378086e+01 6.320068642556790628e-03
8.582757594343893004e+01 6.241501388667539119e-03
8.607831587296919906e+01 6.133000899609605990e-03
8.632961333877408094e+01 6.001682331945624137e-03
8.658121923681562748e+01 5.890806872731876517e-03
8.683268673150530503e+01 5.800044804536382687e-03
8.708396519721972595e+01 5.716195534051412772e-03
8.733506961066505880e+01 5.586534102549489504e-03
8.758618105842411694e+01 5.498251133538290675e-03
8.783752567351578477e+01 5.400621354697884326e-03
8.808868914679788986e+01 5.343691130520903353e-03
8.833994003395393690e+01 5.201847819899792051e-03
8.859174898584991809e+01 5.125216480585655619e-03
8.884303273375222432e+01 5.017729569259063785e-03
8.909352487970716084e+01 4.932369976688504194e-03
8.934511690540148265e+01 4.817479473678795351e-03
8.959715158813172309e+01 4.750300404550556084e-03
8.984803368908821142e+01 4.680136729777726635e-03
9.009924288814356430e+01 4.557068581964794987e-03
9.035039732041329330e+01 4.438426608768230794e-03
9.060151066709157419e+01 4.342969345558368721e-03
9.085215645777752513e+01 4.229062740110868870e-03
9.110358912880106175e+01 4.150895794291218667e-03
9.135593221689693166e+01 4.053181364966539947e-03
9.160680049007517312e+01 3.946924667178110593e-03
9.185814296072571494e+01 3.850804314051551030e-03
9.211014914083067140e+01 3.784374119371433816e-03
9.236133039430572467e+01 3.713274463592000640e-03
9.261226961967061300e+01 3.616183887167465170e-03
9.286339612223196127e+01 3.554140936723073577e-03
9.311503395193372512e+01 3.484400421953612152e-03
9.336621751977830286e+01 3.393027419011121221e-03
9.361677474844866254e+01 3.361206693274662767e-03
9.386828402731896404e+01 3.260980803264910011e-03
9.412013166396859276e+01 3.226986461793053713e-03
9.437159577797395116e+01 3.164370541390322446e-03
9.462215507964623384e+01 3.104478431511028657e-03
9.487303142853234306e+01 3.014663479595353340e-03
9.512563612801736213e+01 2.987467446853661873e-03
9.537712370347337298e+01 2.955555998974731830e-03
9.562770329733204733e+01 2.905934660917736979e-03
9.587952553542562839e+01 2.838042689648570711e-03
9.613214193709879396e+01 2.789347951876212147e-03
9.638292294616348954e+01 2.705802825277803334e-03
9.663323205539920480e+01 2.670861943001131677e-03
9.688575427051634392e+01 2.641003885623192243e-03
9.713720230214802598e+01 2.596160722455160934e-03
9.738711075112470894e+01 2.555578681561101149e-03
9.763880850310884796e+01 2.518809531452699015e-03
9.789195925073893534e+01 2.482801784941477460e-03
9.814276473823834124e+01 2.436219732845794350e-03
9.839200152577470249e+01 2.384287855786456148e-03
9.864436939619000100e+01 2.351458780398011685e-03
9.889657229158518703e+01 2.300332536876674178e-03
9.914654206758739008e+01 2.265034815767393711e-03
9.939737265117041431e+01 2.228796942987069409e-03
9.964971324453516388e+01 2.179209730313556685e-03
9.990221505033474614e+01 2.154506163271776784e-03
1.001521516083068519e+02 2.129257212458413994e-03
1.004020181344354228e+02 2.099615257649619943e-03
1.006555261342845853e+02 2.063630517709324087e-03
1.009078779715744503e+02 2.021521738226830008e-03
1.011564847190979037e+02 1.989219274910618979e-03
1.014077980390921851e+02 1.925756268050773674e-03
1.016621206036857075e+02 1.926024635259881079e-03
1.019133439536030323e+02 1.876643163039375291e-03
1.021611090492770160e+02 1.826704733820833917e-03
1.024134287982906386e+02 1.856364550938419990e-03
1.026689526987222933e+02 1.830779000144185922e-03
1.029179005362147450e+02 1.795040050014885813e-03
1.031645010122565509e+02 1.766452153944012655e-03
1.034190198448752227e+02 1.768800330060299030e-03
1.036740078018821123e+02 1.761225895943566025e-03
1.039223728592707516e+02 1.725814592853557690e-03
1.041718863957155321e+02 1.718922873154262116e-03
1.044269799004653407e+02 1.724223162256083340e-03
1.046773133673284093e+02 1.738441260456197266e-03
1.049203418007823814e+02 1.713532207174420447e-03
1.051759012379430231e+02 1.710129038554233927e-03
1.054364230283171651e+02 1.644869615524204281e-03
1.056811914497119176e+02 1.623918311214705068e-03
1.059215804876414495e+02 1.651584332349649315e-03
1.061816384917722758e+02 1.604343314476030982e-03
1.064472113030423515e+02 1.569094142876331904e-03
1.066878058983536732e+02 1.574925502958371372e-03
1.069236360402103827e+02 1.603470673614842577e-03
1.071892705778195563e+02 1.578273751211847764e-03
1.074586772409291342e+02 1.549687266689482893e-03
1.076879342587935611e+02 1.546387430265505061e-03
1.079185870885384446e+02 1.573091159130191865e-03
1.081956775747713095e+02 1.547148994340407247e-03
1.084728105259587352e+02 1.597355520319397983e-03
1.086839161354765366e+02 1.555796376309639397e-03
1.089114578639759117e+02 1.529237411631679177e-03
1.091979138747751392e+02 1.617743866694252436e-03
1.094826115122194068e+02 1.627010552626229414e-03
1.096995281563482934e+02 1.684407688447427933e-03
1.099149327348783771e+02 1.678072945403061679e-03
1.102017255337961075e+02 1.420124909919992908e-03
1.104879737748566555e+02 1.232987419544697653e-03
1.107157115274964241e+02 1.492487191070793109e-03
1.109132792987308136e+02 1.122546434219036035e-03
1.111862324688471801e+02 6.434641425174029939e-04
1.114398329385503388e+02 5.497705464326847887e-04
