3.559859402833074893e-01 5.986099603889415144e-02
6.031653801595265874e-01 2.695001314656728791e-02
8.579167765970769910e-01 1.256201298389616680e-02
1.113465221719699194e+00 5.145171034236117880e-03
1.374041038668786463e+00 3.411143781601731415e-03
1.619156029489901449e+00 2.085350073143386884e-03
1.870688204173095892e+00 1.543434087637380638e-03
2.123291778149127840e+00 1.177394822744290675e-03
2.378146922361316751e+00 8.793144259195159827e-04
2.630492078309062620e+00 7.596094757778023123e-04
2.878655518219700227e+00 5.543367638656237486e-04
3.131146928423687026e+00 4.545808638386170672e-04
3.388162350792204958e+00 3.596082334187649786e-04
3.638744825715439557e+00 3.058418605432170357e-04
3.888319092457684700e+00 2.671190968096062994e-04
4.139055542735162518e+00 2.250211641206144775e-04
4.390309369511387949e+00 1.857637989589785695e-04
4.642176137710536388e+00 1.698049614189399187e-04
4.894682671360621740e+00 1.493337384400526238e-04
5.147273264261157166e+00 1.337977469778064120e-04
5.398007623726690518e+00 1.138629756607610735e-04
5.647802856840877794e+00 1.020134394657167340e-04
5.900539131270670090e+00 9.072502517030713249e-05
6.151465330617234883e+00 8.184097514931343265e-05
6.402635415339533509e+00 7.415080130970451661e-05
6.655970121181606025e+00 6.803931684827670470e-05
6.908788236414532768e+00 6.183804515746366506e-05
7.159066711614446632e+00 5.494414498935169583e-05
7.409420825556756185e+00 5.068268458812576460e-05
7.659233416746101142e+00 4.709153081777024599e-05
7.911565948465749010e+00 4.293013170420977769e-05
8.163757622013378068e+00 3.947547237004195737e-05
8.415764096873195044e+00 3.742379202111940163e-05
8.667645931832357320e+00 3.372697527330637050e-05
8.918808422928476531e+00 3.125844086778358904e-05
9.170487612352756557e+00 2.925173403200601692e-05
9.420573742114591198e+00 2.734800823464215489e-05
9.671650249369136532e+00 2.511640062940845734e-05
9.923434277885485599e+00 2.417450202202563067e-05
1.017397735263268821e+01 2.258936354179279644e-05
1.042534553836912359e+01 2.118679034043472638e-05
1.067703822037230488e+01 1.971937251394772670e-05
1.092970231609853293e+01 1.865041371731753473e-05
1.118212787042582690e+01 1.761496675272413652e-05
1.143347452501754979e+01 1.626030064229924698e-05
1.168351464593912858e+01 1.561565133577813065e-05
1.193380914293163109e+01 1.493971175790835777e-05
1.218554052878736016e+01 1.398471558453055847e-05
1.243712668503875207e+01 1.329588315512035664e-05
1.268868306934258783e+01 1.249966129734951168e-05
1.294076086091637379e+01 1.189920816562707057e-05
1.319268366548312876e+01 1.137891140549686295e-05
1.344471671934325130e+01 1.084905833807430288e-05
1.369481270899974312e+01 1.039887164243718581e-05
1.394592418230669750e+01 9.862660635903258214e-06
1.419765807527517154e+01 9.270784362317708563e-06
1.444767956390112218e+01 9.042697349902402922e-06
1.469908038618698853e+01 8.701836063117246629e-06
1.495060341485880073e+01 8.257408644072277679e-06
1.520262856587557643e+01 7.955120929428626916e-06
1.545417209084684984e+01 7.503852968418160601e-06
1.570457357616335869e+01 7.300114896826858772e-06
1.595707105860640951e+01 6.980221272112849115e-06
1.620830624120618424e+01 6.702592037868114556e-06
1.645967937887386157e+01 6.399540241487359951e-06
1.671127076292958691e+01 6.143937036839783025e-06
1.696161647421651253e+01 5.930885910874565930e-06
1.721371684668492108e+01 5.743480630794511378e-06
1.746544853261313435e+01 5.438438125150505486e-06
1.771599922949378225e+01 5.354308142077693908e-06
1.796655237575226849e+01 5.139278096851891768e-06
1.821767149213698644e+01 4.925820101923971797e-06
1.847055299524963701e+01 4.787522341052344042e-06
1.872259228837842926e+01 4.621684726075391029e-06
1.897395649702682974e+01 4.400128618021579717e-06
1.922544027901458819e+01 4.321725134427794378e-06
1.947609297041133658e+01 4.157988382359099021e-06
1.972680454040811071e+01 4.024152591369993329e-06
1.997804333616958417e+01 3.885354986017467594e-06
2.022865275800127804e+01 3.751211711708322829e-06
2.047971274316881107e+01 3.640102104769943738e-06
2.073252135603775770e+01 3.542448842178707112e-06
2.098437572316739619e+01 3.433521840791457694e-06
2.123504661010279193e+01 3.348955967399921180e-06
2.148631169356101722e+01 3.235380686425264754e-06
2.173833604313523438e+01 3.140984233796051260e-06
2.198974060328773561e+01 3.013197018620023238e-06
2.223976790831779837e+01 2.953680141544370762e-06
2.249143711068466089e+01 2.879091398384185793e-06
2.274406475987471765e+01 2.784724492405732706e-06
2.299523717418280810e+01 2.697920366681975460e-06
2.324621986323031919e+01 2.649541096749465550e-06
2.349759721420848635e+01 2.553366840129014102e-06
2.374872431424396879e+01 2.508731918123392969e-06
2.399990745776871393e+01 2.447016902890274974e-06
2.425073630433880112e+01 2.366950036802110106e-06
2.450189835514018455e+01 2.306656024173798045e-06
2.475393118776100465e+01 2.231770710183093597e-06
2.500526273100559038e+01 2.179520856297081883e-06
2.525613046806636319e+01 2.137235513382113948e-06
2.550803512358975311e+01 2.089608446369314209e-06
2.575945221164880650e+01 2.026172840180710161e-06
2.601076295269705696e+01 1.996747171343794571e-06
2.626236596070994267e+01 1.942057600081559893e-06
2.651349882484727871e+01 1.890011998403581569e-06
2.676476368086352053e+01 1.838149486091140077e-06
2.701630290114615462e+01 1.798776802970455134e-06
2.726736437065460450e+01 1.765790481872672194e-06
2.751839265313947536e+01 1.716997060550728287e-06
2.776939999124456548e+01 1.666924850341731013e-06
2.802072453847871358e+01 1.639561413782302096e-06
2.827252296121571717e+01 1.602462527788887337e-06
2.852409937933995820e+01 1.565837143473960101e-06
2.877569655120238679e+01 1.550041506300711505e-06
2.902735898283894045e+01 1.507642363844450147e-06
2.927863468889724530e+01 1.476444269859143750e-06
2.953005612573214123e+01 1.437293875132224069e-06
2.978108773766982154e+01 1.409236681970745036e-06
3.003150898189108986e+01 1.390660178039792176e-06
3.028305864122195601e+01 1.355929112859151819e-06
3.053458992018408580e+01 1.334167683808755159e-06
3.078587703085201710e+01 1.306357862248433420e-06
3.103760485808792424e+01 1.283205652056930796e-06
3.128934217133569717e+01 1.256684589174205320e-06
3.154128555561801761e+01 1.235414871082040975e-06
3.179161228229197178e+01 1.212836844632444866e-06
3.204199060562235246e+01 1.189087007533335947e-06
3.229348267195278055e+01 1.163203073456864760e-06
3.254494458430452397e+01 1.145423451032584425e-06
3.279663883260904811e+01 1.123443526408215074e-06
3.304783758788645542e+01 1.105045695272212526e-06
3.329961552866124208e+01 1.094769347369562979e-06
3.355186469159264817e+01 1.082052025819340388e-06
3.380256621870523759e+01 1.066793078425338422e-06
3.405315933519845828e+01 1.055660058695646206e-06
3.430482112648518722e+01 1.051171105302299594e-06
3.455626218487547163e+01 1.037257383417910910e-06
3.480738346406320005e+01 1.026558860774693683e-06
3.505859307197315644e+01 1.022112677256392276e-06
3.531004438702807846e+01 1.016460071052282504e-06
3.556136017265076532e+01 1.014161830030022651e-06
3.581236629292055795e+01 1.009432384011560490e-06
3.606385559692457576e+01 1.017170245590183901e-06
3.631536302843848318e+01 1.016118656251859759e-06
3.656700634725278576e+01 1.020016586312075738e-06
3.681855339867918531e+01 1.029076060615587761e-06
3.706976799443092574e+01 1.033938803203553880e-06
3.732132732863723845e+01 1.041105455255159848e-06
3.757309388752805290e+01 1.049299780659580217e-06
3.782393019207913198e+01 1.062809600868905777e-06
3.807467122984288466e+01 1.072645291156035940e-06
3.832568438318806869e+01 1.088224458295364635e-06
3.857743534749938874e+01 1.109440402231775680e-06
3.882945430755750493e+01 1.136615601919710704e-06
3.908035505239116247e+01 1.159567105457720809e-06
3.933132548540825724e+01 1.166601125092966666e-06
3.958231115719733140e+01 1.198413358575223887e-06
3.983385780285012601e+01 1.232684137475996540e-06
4.008548123081708070e+01 1.255575114287568356e-06
4.033622601964792409e+01 1.296407411121092550e-06
4.058779920554902532e+01 1.332467643806491190e-06
4.083973563574519261e+01 1.362493844909533590e-06
4.109099284134730112e+01 1.432414507573274483e-06
4.134240110541404079e+01 1.456458317832444965e-06
4.159393633110286714e+01 1.517963688268943872e-06
4.184511323866378518e+01 1.578606592669465828e-06
4.209617191880849418e+01 1.619245913312290772e-06
4.234726283789385093e+01 1.684917661026971608e-06
4.259860818013141426e+01 1.763015601072963680e-06
4.285030616109215629e+01 1.806703699806801817e-06
4.310179722129144153e+01 1.879394141622505883e-06
4.335302828234688377e+01 1.970344728681401211e-06
4.360435663819425400e+01 2.082561891165834346e-06
4.385562252435263275e+01 2.144718979008983108e-06
4.410728137436743879e+01 2.249193744663165137e-06
4.435855820142325712e+01 2.335717471742681762e-06
4.460905364115330940e+01 2.456080542979072269e-06
4.486012181263718901e+01 2.576713589240247653e-06
4.511173986693165716e+01 2.686211117950716761e-06
4.536361922678261038e+01 2.794760934714392531e-06
4.561459931143498636e+01 2.980953678226072057e-06
4.586560474365012396e+01 3.135066367147797857e-06
4.611773425678894966e+01 3.291706024072678824e-06
4.636919421293023191e+01 3.442177056566264439e-06
4.662038702392333533e+01 3.649442119320868102e-06
4.687176140437512117e+01 3.799621402962455516e-06
4.712353601493466471e+01 4.063050107623224470e-06
4.737474493576809920e+01 4.287139063275344083e-06
4.762542466280336839e+01 4.507854939769868019e-06
4.787652752968066494e+01 4.725436546094768493e-06
4.812810247632869931e+01 4.976376081052086876e-06
4.837951336555505577e+01 5.356470856817176342e-06
4.863059587633449610e+01 5.617736906022650782e-06
4.888203020593112313e+01 5.927223446876789538e-06
4.913366486985182036e+01 6.366496179074916420e-06
4.938535987402611482e+01 6.710931538689681583e-06
4.963613050322312148e+01 7.077677589258239945e-06
4.988703438724547112e+01 7.500465935070795232e-06
5.013865942469486470e+01 7.915419601603237287e-06
5.039003930874292081e+01 8.575667771011031746e-06
5.064132716376924037e+01 9.072913151684696483e-06
5.089269318324659963e+01 9.686051710961274668e-06
5.114420805252025559e+01 1.016376931826707444e-05
5.139550561315039801e+01 1.100302120345716685e-05
5.164705906431059645e+01 1.183312926383935142e-05
5.189867152248707782e+01 1.262710123096375599e-05
5.214971575343790278e+01 1.346899678187230523e-05
5.240073579527476255e+01 1.442518174067597190e-05
5.265210099056634618e+01 1.547211663827207298e-05
5.290351370430846600e+01 1.664088788424989408e-05
5.315466319340140444e+01 1.756855174748075070e-05
5.340583589899772221e+01 1.916357407073977990e-05
5.365766455777232125e+01 2.093129329177989388e-05
5.390927884945551796e+01 2.223963470309937884e-05
5.416010791781472733e+01 2.387179696060723100e-05
5.441134889551570097e+01 2.570155723404440930e-05
5.466267218756077284e+01 2.784152722891273924e-05
5.491410487429597964e+01 3.020387143246618100e-05
5.516546005785313866e+01 3.277042414600706661e-05
5.541642803200090128e+01 3.684275666591485879e-05
5.566799120065917350e+01 3.958798188943156340e-05
5.591942381520778582e+01 4.299002811333176488e-05
5.617076129966013553e+01 4.761308859910303619e-05
5.642223734846491823e+01 5.223295846695265987e-05
5.667355971662031067e+01 5.633712004388601816e-05
5.692477366777000469e+01 6.192612260825551486e-05
5.717595883239339116e+01 6.767241879353301341e-05
5.742752386458538894e+01 7.632216461980879756e-05
5.767913206833131312e+01 8.334050529283167660e-05
5.793019411713115119e+01 9.520410185507160994e-05
5.818134156739317575e+01 1.052292922219238150e-04
5.843282058036118087e+01 1.154288095971806976e-04
5.868446259628014161e+01 1.310812614013472511e-04
5.893576458379244087e+01 1.499331558183219116e-04
5.918684704103313976e+01 1.705994730361729331e-04
5.943829442115675477e+01 1.972921976460636129e-04
5.968939327303625930e+01 2.326810171281751976e-04
5.994014786289779551e+01 2.621962022329661266e-04
6.019147933540489248e+01 2.934527063941733344e-04
6.044308913502737113e+01 3.518299814786087355e-04
6.069451506438709742e+01 4.292186514829190807e-04
6.094599270952443248e+01 5.011268688682942200e-04
6.119757150525627054e+01 6.063550330540236474e-04
6.144925735912523379e+01 7.404355448682065511e-04
6.170047923931439726e+01 9.128774518037568227e-04
6.195140921678853374e+01 1.127663154044564317e-03
6.220297369050502567e+01 1.559947943218296116e-03
6.245434410209918497e+01 2.084877403149109319e-03
6.270521615241852942e+01 2.632885260603335959e-03
6.295659941216955247e+01 3.759479909880302211e-03
6.320819353110312022e+01 5.153145292511050572e-03
6.345946766486175505e+01 9.073313851711220165e-03
6.371045270337597088e+01 1.302482678173403664e-02
6.396190979440435598e+01 1.780126124528734477e-02
6.421373801018214067e+01 1.375680617698338964e-02
6.446484348469904546e+01 5.389277964424898232e-02
6.471593968971905042e+01 1.210116996692694624e-05
6.496736150295832601e+01 7.020684522413971197e-06
6.521861656479141800e+01 5.517610123823552237e-06
6.546998344590822683e+01 4.793306627995677832e-06
6.572125930899288448e+01 4.430944524086302013e-06
6.597237720906775849e+01 4.147723490439691825e-06
6.622374413480309840e+01 4.013842564723509535e-06
6.647518543450227924e+01 3.923948106147015743e-06
6.672678419846427289e+01 3.887781787914795973e-06
6.697803725082609105e+01 3.910063301342824533e-06
6.722891043717480386e+01 3.895675402653201478e-06
6.748054138738849872e+01 3.990251302948933867e-06
6.773235465584660631e+01 4.005276271812724310e-06
6.798328135061161959e+01 4.149586045509524340e-06
6.823452757256562506e+01 4.233267086234871244e-06
6.848612500820016180e+01 4.344643716524780591e-06
6.873747169316114025e+01 4.533091284920801041e-06
6.898879432944785606e+01 4.642830044931684545e-06
6.923985339488409352e+01 4.862803113129361430e-06
6.949151127613087908e+01 5.024155816890980326e-06
6.974270917193632613e+01 5.265377220101453766e-06
6.999349758521266551e+01 5.520306868452321773e-06
7.024498862757793916e+01 5.664835787610757201e-06
7.049648232796411662e+01 6.099662368254399663e-06
7.074780104972444406e+01 6.323313474228355474e-06
7.099912803250194315e+01 6.714056626214722653e-06
7.125060316705071273e+01 7.032629439553918016e-06
7.150188841264743189e+01 7.291100055529891366e-06
7.175315040596727556e+01 7.942691817704592135e-06
7.200436778924932923e+01 8.181557424095734497e-06
7.225569568151074407e+01 8.827356932012168914e-06
7.250703990188203818e+01 9.344491323433253151e-06
7.275820494583372522e+01 9.802414427743253919e-06
7.300959985848881217e+01 1.061812363880307746e-05
7.326100739589602995e+01 1.093672091375858385e-05
7.351247651286158202e+01 1.211281621758007627e-05
7.376391740422691612e+01 1.261970725506082905e-05
7.401513742507069082e+01 1.358523273895645344e-05
7.426649060817345571e+01 1.454690650471499268e-05
7.451780489977825539e+01 1.507328977977175336e-05
7.476894314873270275e+01 1.700614620091196521e-05
7.502037393043356417e+01 1.747072887825718907e-05
7.527186139593443670e+01 1.918406461658898036e-05
7.552317432444482392e+01 2.048669677071352765e-05
7.577415980495051429e+01 2.171938698997581422e-05
7.602558096409417487e+01 2.382379943698547767e-05
7.627719590508753811e+01 2.482485034969175518e-05
7.652815125563635945e+01 2.772065218310903036e-05
7.677935220501129265e+01 2.943592088846403096e-05
7.703086726254389305e+01 3.152566465786194537e-05
7.728265965276733596e+01 3.488878875985649007e-05
7.753369190458859350e+01 3.632202256193665550e-05
7.778439509428923770e+01 4.174422128255891211e-05
7.803593831118195112e+01 4.285123479486067146e-05
7.828758885029549219e+01 4.795119215048217328e-05
7.853906794973664773e+01 5.185046577299027226e-05
7.879027759642059436e+01 5.545034631193981097e-05
7.904171977795466830e+01 6.355941884628852311e-05
7.929336901860885689e+01 6.471049653236136501e-05
7.954453386175858043e+01 7.560825685700698934e-05
7.979558244249898280e+01 7.919610708440754949e-05
8.004698715445960033e+01 8.598321039820797725e-05
8.029817060572112553e+01 9.805917502512837372e-05
8.054915465639605543e+01 1.016932733710718633e-04
8.080050933268159952e+01 1.231189755432686667e-04
8.105222843647993614e+01 1.265818723748520847e-04
8.130356085999818561e+01 1.460007704859764776e-04
8.155450688501159107e+01 1.605743385357356293e-04
8.180586292035016527e+01 1.665551014327667340e-04
8.205754059633927966e+01 2.106072582748500454e-04
8.230902023302631676e+01 2.069677149506883996e-04
8.256024609338714981e+01 2.583709665864085230e-04
8.281177913146935055e+01 2.732560633464786032e-04
8.306345671002898712e+01 3.026588092927274252e-04
8.331423789691265824e+01 3.767443489944425402e-04
8.356497203451971245e+01 3.688607878846769227e-04
8.381676065653907415e+01 4.878174135029977746e-04
8.406819057667243555e+01 4.900522336795616390e-04
8.431897833099709771e+01 5.989324622196129985e-04
8.457030107228700899e+01 6.951382413420431226e-04
8.482158500161673942e+01 6.777618275216299197e-04
8.507289964496116852e+01 1.059438405198101637e-03
8.532433790067885582e+01 9.557472435057881880e-04
8.557607479425495001e+01 1.386723407370964514e-03
8.582764617430540000e+01 1.412473542855538977e-03
8.607838630901076726e+01 1.639518491697080586e-03
8.632968398044700109e+01 2.256107998978906792e-03
8.658129008437225593e+01 1.992403913561564734e-03
8.683275778483239549e+01 3.589343683037745335e-03
8.708403645616260746e+01 3.124654037589038799e-03
8.733514107508129598e+01 5.142611499644541076e-03
8.758625272831947939e+01 5.324697493710398716e-03
8.783759754908105322e+01 4.854669707651676665e-03
8.808876122788485930e+01 1.190335197626419921e-02
8.834001232063411635e+01 8.378269897118682114e-03
8.859182147857995915e+01 2.044039357279137797e-02
8.884310543210237654e+01 1.542931225076732936e-02
8.909359778302966504e+01 3.149400745278132380e-02
8.934519001459635490e+01 3.333714329952051220e-02
8.959722490356116964e+01 3.481395708055215477e-02
8.984810720980911469e+01 9.367531835960647701e-02
9.009931661442357154e+01 6.694532781285617018e-02
9.035047125220759767e+01 1.743745576883536930e-01
9.060158480436653861e+01 7.247856656701742728e-02
9.085223080015057917e+01 7.088493113900573572e-02
9.110366367691607081e+01 5.615735212760009087e-02
9.135600697149888560e+01 3.355254930990490163e-05
9.160687544995725773e+01 3.361402099519712446e-05
9.185821812627597183e+01 3.592118784082757237e-05
9.211022451259216837e+01 3.856405992038098619e-05
9.236140597160346033e+01 4.126059613196826007e-05
9.261234540230655909e+01 4.450901951267177578e-05
9.286347211035933924e+01 4.822159481654044843e-05
9.311511014597093094e+01 5.267782735890680574e-05
9.336629391935365163e+01 5.702523263721042296e-05
9.361685135304962557e+01 6.117223637829161803e-05
9.386836083772458039e+01 6.894945333891624507e-05
9.412020868045573252e+01 7.584272959335664648e-05
9.437167300022879601e+01 8.120658671232876681e-05
9.462223250692836984e+01 8.796210889633350168e-05
9.487310906110123199e+01 9.944939919849465719e-05
9.512571396728726825e+01 1.072649590389455838e-04
9.537720174853016886e+01 1.170193502986561021e-04
9.562778154743274683e+01 1.308314274599099518e-04
9.587960399158707503e+01 1.449667578644133501e-04
9.613222059997082170e+01 1.593238021877923269e-04
9.638300181424425261e+01 1.743473733069105197e-04
9.663331112830255165e+01 1.915421364219060832e-04
9.688583355005320641e+01 2.167782362265651547e-04
9.713728178743942010e+01 2.377925136106979608e-04
9.738719044091084243e+01 2.573914986175683387e-04
9.763888839885386517e+01 2.940456428194351541e-04
9.789203935363177322e+01 3.293022105790776796e-04
9.814284504635993756e+01 3.606371036170371203e-04
9.839208203784143336e+01 4.077092351107698513e-04
9.864445011476394143e+01 4.676386433751599349e-04
9.889665321653136232e+01 5.212414936628123217e-04
9.914662319707846905e+01 5.686113825973075761e-04
9.939745398591078640e+01 6.438086415594923258e-04
9.964979478576043448e+01 7.604752382988747049e-04
9.990229679817683461e+01 8.392247555055199751e-04
1.001522335606666729e+02 9.380589230465423813e-04
1.004021002912556639e+02 1.080420623080538241e-03
1.006556084985449928e+02 1.237444528434261280e-03
1.009079605423289649e+02 1.429455176210559864e-03
1.011565674932819832e+02 1.557602992467514366e-03
1.014078810189205768e+02 1.891393460516672866e-03
1.016622037916208114e+02 2.168197941486505690e-03
1.019134273471088221e+02 2.474200128673607543e-03
1.021611926455236699e+02 2.764508506955660333e-03
1.024135126010051380e+02 3.395451251533416776e-03
1.026690367105265267e+02 4.060153447017574371e-03
1.029179847517276443e+02 4.561449261620767123e-03
1.031645854295573486e+02 5.225515072689786503e-03
1.034191044704433153e+02 6.545711131764281841e-03
1.036740926361013919e+02 7.713305079705817628e-03
1.039224578967218378e+02 8.556247792901663929e-03
1.041719716373382170e+02 1.084006622119876480e-02
1.044270653508255720e+02 1.333678339170432832e-02
1.046773990225311479e+02 1.634716996131264227e-02
1.049204276548500729e+02 1.771533384298024441e-02
1.051759873011295241e+02 2.460465144707121160e-02
1.054365093046830708e+02 3.139258745928280581e-02
1.056812779263665760e+02 3.670044970102583071e-02
1.059216671610013094e+02 4.232768944697334890e-02
1.061817253779320254e+02 6.113698120666513636e-02
1.064472984065146477e+02 8.094788190001987738e-02
1.066878931986993706e+02 9.807139068534387327e-02
1.069237235335308327e+02 1.107172295039467735e-01
1.071893582885030582e+02 1.723682967286717937e-01
1.074587651720623427e+02 2.580799131139843161e-01
1.076880223775228700e+02 2.954086496994818289e-01
1.079186753960060088e+02 3.804513693615662051e-01
1.081957661089760876e+02 6.004262540156919403e-01
1.084728992869354727e+02 9.786640516849810512e-01
1.086840050691964734e+02 1.077136090369653187e+00
1.089115469838883712e+02 1.781703572480333397e+00
1.091980032290884139e+02 2.821531950735421734e+00
1.094827010994946477e+02 5.133701580217503668e+00
1.096996179211217850e+02 7.430415494593962222e+00
1.099150226759128230e+02 1.169589457852083569e+01
1.102018157095069455e+02 2.287301726628345477e+01
1.104880641847983043e+02 4.556909463933600790e+01
1.107158021237909935e+02 7.433516535412850601e+01
1.109133700566908516e+02 1.088431567305191692e+02
1.111863234501589517e+02 1.806881329383585637e+02
1.114399241273779495e+02 6.892043266220226769e+02
