3.559856489878782115e-01 4.179763542381554089e+02
6.031648866026231293e-01 2.424065759171572267e+02
8.579160745827347778e-01 1.764829832493860522e+02
1.113464310595710716e+00 1.269851653037431163e+02
1.374039914321364408e+00 1.191834726081529254e+02
1.619154704570298309e+00 9.202236554946549063e+01
1.870686673430271840e+00 9.148450768351862905e+01
2.123290040706380832e+00 7.802991209789212235e+01
2.378144976376236119e+00 7.045900300386142590e+01
2.630489925835516996e+00 5.926986777063035561e+01
2.878653162679494670e+00 6.034476484519814932e+01
3.131144366275339319e+00 5.104643951688507997e+01
3.388159578333816313e+00 4.640112254751414866e+01
3.638741848210948149e+00 4.284273115042807945e+01
3.888315910732085268e+00 3.881865475843632396e+01
4.139052155837465996e+00 3.650909477932205505e+01
4.390305777018236988e+00 3.254911587791958993e+01
4.642172339120373081e+00 3.021125469484307757e+01
4.894678666149941293e+00 2.853188239693942307e+01
5.147269052361176378e+00 2.591967885286550555e+01
5.398003206656323272e+00 2.305508282969228517e+01
5.647798235368590269e+00 2.146371649001483561e+01
5.900534302989873581e+00 2.067656057481829990e+01
6.151460297009074374e+00 1.920167160999715961e+01
6.402630176204441526e+00 1.797406047227777393e+01
6.655964674748322096e+00 1.723758466831968406e+01
6.908782583105771202e+00 1.672355799014016497e+01
7.159060853508338873e+00 1.555499716074956496e+01
7.409414762591408632e+00 1.468058378510994011e+01
7.659227149364629561e+00 1.426572771221368896e+01
7.911559474606142395e+00 1.333666204870825922e+01
8.163750941790897997e+00 1.246924061515851889e+01
8.415757210439384295e+00 1.180470514454335706e+01
8.667638839289207198e+00 1.127672185437455354e+01
8.918801124864609520e+00 1.063012980674725583e+01
9.170480108345369530e+00 1.025086133483309325e+01
9.420566033467249412e+00 9.781724042890509452e+00
9.671642335271435797e+00 9.338485551451947586e+00
9.923426157758477473e+00 8.781037295575831791e+00
1.017396902749181820e+01 8.498350781927292985e+00
1.042533700753922155e+01 8.010218850713584970e+00
1.067702948358784276e+01 7.665824262199036454e+00
1.092969337256462303e+01 7.411323247592192409e+00
1.118211872033766419e+01 7.055395725311794486e+00
1.143346516925797296e+01 6.684993250232944106e+00
1.168350508557724687e+01 6.363489540711162462e+00
1.193379937775929100e+01 6.035426033425683734e+00
1.218553055762879112e+01 5.857929815695084308e+00
1.243711650801278878e+01 5.618735743897900647e+00
1.268867268647359303e+01 5.327209770327165472e+00
1.294075027177769144e+01 5.212253616453612182e+00
1.319267287020158363e+01 4.952592662316587457e+00
1.344470571782862756e+01 4.833191348088021755e+00
1.369480150283709641e+01 4.594602463946295678e+00
1.394591277066507828e+01 4.428322116420226884e+00
1.419764645764527167e+01 4.255413559962842207e+00
1.444766774168416212e+01 4.083782619168606409e+00
1.469906835825429070e+01 3.969901401766993576e+00
1.495059118111036511e+01 3.820992508657903741e+00
1.520261612590052991e+01 3.705405995087235560e+00
1.545415944503929495e+01 3.544520863552941492e+00
1.570456072545780124e+01 3.417473724995140127e+00
1.595705800128773966e+01 3.272592464459146644e+00
1.620829297830731619e+01 3.192304964426735836e+00
1.645966591028190962e+01 3.063622683439356287e+00
1.671125708846596325e+01 2.945209431601364614e+00
1.696160259490052624e+01 2.858142784127033043e+00
1.721370276108077135e+01 2.754212451270575457e+00
1.746543424102250341e+01 2.667088688571641608e+00
1.771598473288305442e+01 2.579900668090978400e+00
1.796653767411944003e+01 2.500417815230660423e+00
1.821765658501893270e+01 2.427472989318646857e+00
1.847053788120423334e+01 2.361822192116452612e+00
1.872257696809484173e+01 2.284714372313704445e+00
1.897394097105746269e+01 2.232143327237888109e+00
1.922542454726159988e+01 2.142933081090085512e+00
1.947607703355479103e+01 2.106166161160942796e+00
1.972678839839982601e+01 2.035780068136556320e+00
1.997802698857814363e+01 1.963088013887362759e+00
2.022863620534168660e+01 1.913932234325834258e+00
2.047969598507238231e+01 1.854143049551507660e+00
2.073250439107362553e+01 1.790241983138546100e+00
2.098435855211640089e+01 1.742008788860639257e+00
2.123502923393334640e+01 1.699791139402298423e+00
2.148629411178690773e+01 1.657578975211323913e+00
2.173831825513516591e+01 1.617286305711498562e+00
2.198972260956887226e+01 1.570328438299912310e+00
2.223974971000711420e+01 1.547364548776533733e+00
2.249141870643862973e+01 1.480816088896466320e+00
2.274404614890906373e+01 1.446534121139253726e+00
2.299521835768831579e+01 1.406594043411334427e+00
2.324620084136223852e+01 1.368986714158426210e+00
2.349757798664387209e+01 1.331482188211723594e+00
2.374870488118759937e+01 1.287686468434193987e+00
2.399988781917473091e+01 1.257373497413245556e+00
2.425071646049711305e+01 1.221284878856591538e+00
2.450187830577813841e+01 1.182320856101746198e+00
2.475391093216606109e+01 1.145466841196562724e+00
2.500524226975159792e+01 1.124159657757711761e+00
2.525610980153284402e+01 1.087116833402828275e+00
2.550801425092822328e+01 1.066656049176830878e+00
2.575943113325822864e+01 1.036593138222767996e+00
2.601074166866445125e+01 1.002512138577437595e+00
2.626234447079615464e+01 9.738280848134035494e-01
2.651347712943701751e+01 9.411860365530099193e-01
2.676474177984877656e+01 9.174339572236148710e-01
2.701628079430242479e+01 8.964027409571226901e-01
2.726734205837282232e+01 8.667236743587003467e-01
2.751837013544679422e+01 8.502088535240306388e-01
2.776937726815812724e+01 8.295061121017136552e-01
2.802070160973895341e+01 8.054570999093926265e-01
2.827249982643487058e+01 7.879481248913420277e-01
2.852407603869968966e+01 7.705645325877072960e-01
2.877567300468570721e+01 7.462278369934786104e-01
2.902733523039245256e+01 7.277849193723808785e-01
2.927861073083739996e+01 7.069953831201565286e-01
2.953003196193969160e+01 6.877788612211991337e-01
2.978106336846375157e+01 6.746383744909573155e-01
3.003148440777084716e+01 6.546438272806297531e-01
3.028303386126418673e+01 6.390845025226249421e-01
3.053456493440382857e+01 6.197995233529322023e-01
3.078585183944906944e+01 6.097970693794855235e-01
3.103757946070165730e+01 5.892013000208167206e-01
3.128931656795834826e+01 5.738487943632533117e-01
3.154125974608096428e+01 5.625251679343789002e-01
3.179158626791808828e+01 5.490579609234483849e-01
3.204196438636942190e+01 5.356995961726476185e-01
3.229345624690945016e+01 5.242055189388562519e-01
3.254491795349546379e+01 5.109741869821891047e-01
3.279661199584414533e+01 4.998641181728077920e-01
3.304781054557115993e+01 4.845956402419988596e-01
3.329958828032162188e+01 4.715671135375177903e-01
3.355183723684311303e+01 4.625402809905621582e-01
3.380253855881218072e+01 4.495912156838668405e-01
3.405313147025059095e+01 4.390787844803999418e-01
3.430479305560803738e+01 4.288872521939685600e-01
3.455623390824965924e+01 4.193664841536612897e-01
3.480735498195039668e+01 4.080578326763503738e-01
3.505856438430107858e+01 3.983673036474765783e-01
3.531001549359893943e+01 3.898974074506282861e-01
3.556133107357548084e+01 3.791743400819539422e-01
3.581233698845250757e+01 3.702312123516731113e-01
3.606382608666838507e+01 3.624541504987974228e-01
3.631533331237931606e+01 3.537868629088901096e-01
3.656697642527945646e+01 3.454473544954864694e-01
3.681852327087045751e+01 3.358862738423926131e-01
3.706973766105884494e+01 3.292749882790897420e-01
3.732129678941971207e+01 3.199997275620089510e-01
3.757306314229551703e+01 3.142574201975127379e-01
3.782389924159279104e+01 3.065989710617589292e-01
3.807464007418068519e+01 2.993947001465782076e-01
3.832565302212735503e+01 2.937654312858554717e-01
3.857740378043642693e+01 2.870612335050108377e-01
3.882942253427300017e+01 2.790707459226073328e-01
3.908032307380011616e+01 2.732931149076815447e-01
3.933129330145365543e+01 2.661144991137544547e-01
3.958227876786669697e+01 2.603500195108724991e-01
3.983382520768443413e+01 2.551556743033211450e-01
4.008544842975349098e+01 2.483049271176754891e-01
4.033619301340542052e+01 2.432769756232566194e-01
4.058776599344974301e+01 2.375234657448868636e-01
4.083970221749189022e+01 2.323720893110930719e-01
4.109095921749577940e+01 2.263846584986421717e-01
4.134236727584069371e+01 2.219046705981930212e-01
4.159390229570379915e+01 2.168464178171394807e-01
4.184507899773220174e+01 2.123041139800575794e-01
4.209613747244114279e+01 2.081561089300385525e-01
4.234722818606434913e+01 2.026346247925751853e-01
4.259857332263157303e+01 1.978324088814046866e-01
4.285027109763341713e+01 1.937765296721475350e-01
4.310176195204312677e+01 1.895479747007501881e-01
4.335299280752174411e+01 1.844780193578070271e-01
4.360432095771267313e+01 1.803752591440640207e-01
4.385558663826572712e+01 1.768878905173596472e-01
4.410724528235365938e+01 1.717450499186516932e-01
4.435852190379520010e+01 1.686213028422560989e-01
4.460901713855037087e+01 1.651914114103061881e-01
4.486008510459071630e+01 1.616403816800488780e-01
4.511170295299168487e+01 1.577265820422572018e-01
4.536358210673532199e+01 1.544534853476016434e-01
4.561456198601624124e+01 1.516814597467104897e-01
4.586556721283918137e+01 1.479549905395340093e-01
4.611769651966599781e+01 1.450026506079761524e-01
4.636915627004315610e+01 1.414360797974123785e-01
4.662034887549072693e+01 1.386240719185498349e-01
4.687172305024841279e+01 1.355228264216353506e-01
4.712349745478636009e+01 1.320525057423483917e-01
4.737470617006108142e+01 1.294608098389259943e-01
4.762538569197067062e+01 1.266328976090012048e-01
4.787648835337603259e+01 1.241375357905193932e-01
4.812806309416585293e+01 1.206894047898700167e-01
4.837947377766823820e+01 1.177649299787597720e-01
4.863055608299239907e+01 1.157074746270866789e-01
4.888199020684587026e+01 1.128769434009116723e-01
4.913362466485948232e+01 1.098940404123224940e-01
4.938531946307731602e+01 1.073440034886954386e-01
4.963608988707425596e+01 1.054011153555400870e-01
4.988699356578750610e+01 1.027890429948075390e-01
5.013861839733769443e+01 1.000087310824170628e-01
5.038999807568713862e+01 9.803477388880579846e-02
5.064128572509015669e+01 9.578167620867562848e-02
5.089265153888026560e+01 9.357330156531309950e-02
5.114416620234485578e+01 9.181215222061002434e-02
5.139546355734375993e+01 8.985824801620881375e-02
5.164701680266333028e+01 8.747153617772990275e-02
5.189862905495089507e+01 8.561874332661566223e-02
5.214967308047777550e+01 8.390624854432532365e-02
5.240069291691047226e+01 8.200503003224184073e-02
5.265205790651547346e+01 8.016395096926393071e-02
5.290347041453212995e+01 7.848677032598826153e-02
5.315461969811498477e+01 7.665911281637076413e-02
5.340579219818222612e+01 7.469530040265999482e-02
5.365762065089100474e+01 7.327598986029722206e-02
5.390923473668377852e+01 7.171198973564982260e-02
5.416006359979510876e+01 6.970551916546144366e-02
5.441130437191114311e+01 6.855119574830217943e-02
5.466262745830391623e+01 6.722452152499366895e-02
5.491405993929731011e+01 6.586756156844501831e-02
5.516541491717607215e+01 6.438413448043338316e-02
5.541638268596229011e+01 6.291119481636499311e-02
5.566794564877197615e+01 6.163945801838341398e-02
5.591937805757883950e+01 6.040319451835492182e-02
5.617071533636728020e+01 5.881553689040292660e-02
5.642219117939477258e+01 5.798372727474516986e-02
5.667351334189861944e+01 5.682955675424439940e-02
5.692472708748548627e+01 5.552992725953226349e-02
5.717591204656960002e+01 5.417391272082382886e-02
5.742747687291149106e+01 5.297611228510085146e-02
5.767908487077198032e+01 5.197267516986404934e-02
5.793014671413330063e+01 5.096196554103472193e-02
5.818129395888691135e+01 4.988362231648213463e-02
5.843277276607519610e+01 4.870171245552661760e-02
5.868441457608106049e+01 4.780156363615425258e-02
5.893571635795849062e+01 4.694903429636297643e-02
5.918679860974395979e+01 4.605692299334185336e-02
5.943824578411374659e+01 4.518242995083299185e-02
5.968934443052460637e+01 4.416192761620024027e-02
5.994009881519919958e+01 4.342976578636471158e-02
6.019143008204730450e+01 4.268322850322068401e-02
6.044303967578304793e+01 4.179355334563906316e-02
6.069446539940648933e+01 4.100770314480477879e-02
6.094594283876522667e+01 4.025216284811886092e-02
6.119752142863568878e+01 3.932725503913606785e-02
6.144920707655568037e+01 3.868610358298378571e-02
6.170042875117553649e+01 3.798899448193720357e-02
6.195135852331920745e+01 3.737686605507910959e-02
6.220292279118605450e+01 3.669398927211488942e-02
6.245429299708936099e+01 3.617758849675974803e-02
6.270516484212564734e+01 3.544916658743495902e-02
6.295654789617530156e+01 3.489927595626610146e-02
6.320814180923495940e+01 3.430765678332096252e-02
6.345941573738152641e+01 3.380288141449797751e-02
6.371040057052023542e+01 3.326439579865177881e-02
6.396185745578683424e+01 3.276672541882671291e-02
6.421368546549915379e+01 3.239064549175614538e-02
6.446479073454199238e+01 3.163112290608648819e-02
6.471588673409551973e+01 3.089781127312748663e-02
6.496730834160189261e+01 3.040559109641467056e-02
6.521856319783852030e+01 2.980378559704954453e-02
6.546992987326736113e+01 2.906892838256826955e-02
6.572120553073852989e+01 2.842626657662611703e-02
6.597232322532917692e+01 2.783108758865397714e-02
6.622368994537650622e+01 2.720463552978959546e-02
6.647513103932683975e+01 2.662156010198754585e-02
6.672672959741110787e+01 2.598602023265032118e-02
6.697798244417811020e+01 2.540822641670132526e-02
6.722885542524284119e+01 2.490598989708077415e-02
6.748048616955249202e+01 2.438649378400344070e-02
6.773229923195737001e+01 2.385813589760053116e-02
6.798322572139460362e+01 2.328955640656693582e-02
6.823447173775937813e+01 2.283197063282470934e-02
6.848606896751729778e+01 2.240052686939900811e-02
6.873741544680683546e+01 2.185001756545159809e-02
6.898873787744179253e+01 2.135035416025338889e-02
6.923979673744193519e+01 2.089518557131247664e-02
6.949145441276264989e+01 2.045431195932757157e-02
6.974265210301840057e+01 2.006203113270305441e-02
6.999344031108012132e+01 1.960959855849401384e-02
7.024493114765583357e+01 1.916119496306310788e-02
7.049642464225027538e+01 1.875799569231673125e-02
7.074774315836204153e+01 1.826423430336040349e-02
7.099906993548422918e+01 1.793713043483868841e-02
7.125054486425644029e+01 1.754277903168225891e-02
7.150182990423201090e+01 1.714690046380248911e-02
7.175309169194970593e+01 1.680177957472717490e-02
7.200430886966613286e+01 1.642663130257188825e-02
7.225563655627148307e+01 1.611447694400867589e-02
7.250698057097335436e+01 1.575050777955506326e-02
7.275814540940223196e+01 1.540809533000193042e-02
7.300954011634642882e+01 1.516463116124117799e-02
7.326094744803241099e+01 1.485297569740018711e-02
7.351241635922633577e+01 1.454827607448303840e-02
7.376385704484314942e+01 1.422912796471115932e-02
7.401507686011912313e+01 1.395589844606701969e-02
7.426642983754513239e+01 1.360627685488057480e-02
7.451774392350500875e+01 1.336943768344235270e-02
7.476888196695857403e+01 1.307204090898073448e-02
7.502031254291918572e+01 1.287095371952105653e-02
7.527179980263341008e+01 1.256033510874025871e-02
7.552311252549999665e+01 1.231364830482263063e-02
7.577409780062980360e+01 1.205722065005913543e-02
7.602551875404107307e+01 1.178750870321296218e-02
7.627713348914349467e+01 1.156492215496935337e-02
7.652808863434110265e+01 1.131545640412237076e-02
7.677928937816385258e+01 1.106726359184895259e-02
7.703080422988723797e+01 1.084958525513998566e-02
7.728259641407451852e+01 1.060960313339515820e-02
7.753362846048165125e+01 1.037671304077608311e-02
7.778433144503740948e+01 1.016010875090665212e-02
7.803587445609785789e+01 9.982970877267200588e-03
7.828752478929132508e+01 9.771478169781430342e-03
7.853900368295268208e+01 9.558107179066396841e-03
7.879021312407734001e+01 9.335681542259745974e-03
7.904165509986182769e+01 9.203148549755641589e-03
7.929330413459700821e+01 9.030922262290861161e-03
7.954446877222407863e+01 8.825270152460297501e-03
7.979551714753698377e+01 8.643785363221660398e-03
8.004692165377868207e+01 8.453883065955186335e-03
8.029810489950233432e+01 8.288671739154120782e-03
8.054908874480256031e+01 8.092911266061224643e-03
8.080044321541014085e+01 7.943448169882485338e-03
8.105216211323228492e+01 7.785292594703622365e-03
8.130349433109076074e+01 7.625625569176070449e-03
8.155444015076058406e+01 7.479536267306428031e-03
8.180579598042007206e+01 7.309993006684461017e-03
8.205747345046690100e+01 7.188999992996438285e-03
8.230895288137371324e+01 7.068484478299653234e-03
8.256017853616197044e+01 6.932790506848864401e-03
8.281171136842024794e+01 6.793193461250061037e-03
8.306338874103768433e+01 6.673376067948488810e-03
8.331416972271263433e+01 6.537092994123129726e-03
8.356490365514949303e+01 6.386408059250903331e-03
8.381669207113579034e+01 6.320903090833843163e-03
8.406812178552961257e+01 6.181800713451339122e-03
8.431890933464019611e+01 6.112207476795353776e-03
8.457023187027826339e+01 5.948575676856773971e-03
8.482151559398789686e+01 5.861998103979305409e-03
8.507283003168710422e+01 5.750937195575972320e-03
8.532426808165841692e+01 5.665275385771661142e-03
8.557600476924378086e+01 5.561127745943944545e-03
8.582757594343893004e+01 5.440444412543697129e-03
8.607831587296919906e+01 5.366428944636823968e-03
8.632961333877408094e+01 5.274480397224603698e-03
8.658121923681562748e+01 5.175385397994897684e-03
8.683268673150530503e+01 5.087177701340400704e-03
8.708396519721972595e+01 4.978210061156985132e-03
8.733506961066505880e+01 4.850211326117320754e-03
8.758618105842411694e+01 4.787255084990424230e-03
8.783752567351578477e+01 4.666052986391281548e-03
8.808868914679788986e+01 4.617885913082230877e-03
8.833994003395393690e+01 4.501706297492863960e-03
8.859174898584991809e+01 4.445991876021985686e-03
8.884303273375222432e+01 4.352596942062435248e-03
8.909352487970716084e+01 4.293794363128889888e-03
8.934511690540148265e+01 4.175350718788920293e-03
8.959715158813172309e+01 4.113277584445026482e-03
8.984803368908821142e+01 4.057734894985082046e-03
9.009924288814356430e+01 3.950979219995982665e-03
9.035039732041329330e+01 3.856298710354581771e-03
9.060151066709157419e+01 3.766931711660346377e-03
9.085215645777752513e+01 3.659531669664719232e-03
9.110358912880106175e+01 3.585546025853322306e-03
9.135593221689693166e+01 3.504329961061111807e-03
9.160680049007517312e+01 3.403460613623808962e-03
9.185814296072571494e+01 3.336858213238044681e-03
9.211014914083067140e+01 3.287892473076689959e-03
9.236133039430572467e+01 3.185981545724574961e-03
9.261226961967061300e+01 3.126411270042160889e-03
9.286339612223196127e+01 3.074388383048819173e-03
9.311503395193372512e+01 2.980909896894408904e-03
9.336621751977830286e+01 2.941439978588820774e-03
9.361677474844866254e+01 2.892046289819140154e-03
9.386828402731896404e+01 2.825162477306307311e-03
9.412013166396859276e+01 2.747177511715452082e-03
9.437159577797395116e+01 2.699421459221169363e-03
9.462215507964623384e+01 2.654783851061561038e-03
9.487303142853234306e+01 2.592917341891106276e-03
9.512563612801736213e+01 2.534278165074869624e-03
9.537712370347337298e+01 2.494062616350671904e-03
9.562770329733204733e+01 2.447512196559978575e-03
9.587952553542562839e+01 2.370544797688870723e-03
9.613214193709879396e+01 2.312598047934802739e-03
9.638292294616348954e+01 2.280940589449014736e-03
9.663323205539920480e+01 2.203718413752581151e-03
9.688575427051634392e+01 2.165658202421242521e-03
9.713720230214802598e+01 2.121666951484508287e-03
9.738711075112470894e+01 2.100215100506807198e-03
9.763880850310884796e+01 2.054669202153928433e-03
9.789195925073893534e+01 2.013368112399293620e-03
9.814276473823834124e+01 1.986893543644778493e-03
9.839200152577470249e+01 1.947809949900680898e-03
9.864436939619000100e+01 1.917839346418141527e-03
9.889657229158518703e+01 1.888589500701929116e-03
9.914654206758739008e+01 1.861537567029439592e-03
9.939737265117041431e+01 1.844979507932102475e-03
9.964971324453516388e+01 1.801169831451144513e-03
9.990221505033474614e+01 1.776135117306464322e-03
1.001521516083068519e+02 1.734680644318490001e-03
1.004020181344354228e+02 1.726108877184478118e-03
1.006555261342845853e+02 1.698315727482021392e-03
1.009078779715744503e+02 1.663648588206372925e-03
1.011564847190979037e+02 1.636941752384843494e-03
1.014077980390921851e+02 1.587328505196760990e-03
1.016621206036857075e+02 1.606003021509504842e-03
1.019133439536030323e+02 1.564751167299662481e-03
1.021611090492770160e+02 1.589239521434825759e-03
1.024134287982906386e+02 1.561477339500571670e-03
1.026689526987222933e+02 1.534957611405627503e-03
1.029179005362147450e+02 1.494433488109799197e-03
1.031645010122565509e+02 1.509204202327945948e-03
1.034190198448752227e+02 1.501262010533032298e-03
1.036740078018821123e+02 1.472268340079904659e-03
1.039223728592707516e+02 1.462491640252692885e-03
1.041718863957155321e+02 1.402789941164423295e-03
1.044269799004653407e+02 1.357495545276762340e-03
1.046773133673284093e+02 1.358206715533415328e-03
1.049203418007823814e+02 1.367796470940176512e-03
1.051759012379430231e+02 1.351863190321752955e-03
1.054364230283171651e+02 1.337112547498714877e-03
1.056811914497119176e+02 1.330588524742002191e-03
1.059215804876414495e+02 1.304786920225524524e-03
1.061816384917722758e+02 1.259919985380483992e-03
1.064472113030423515e+02 1.246907349659690531e-03
1.066878058983536732e+02 1.306041790318263930e-03
1.069236360402103827e+02 1.271128808474462349e-03
1.071892705778195563e+02 1.259053380269026549e-03
1.074586772409291342e+02 1.224926691920968100e-03
1.076879342587935611e+02 1.265176210575472875e-03
1.079185870885384446e+02 1.251084871540355907e-03
1.081956775747713095e+02 1.255972034996896171e-03
1.084728105259587352e+02 1.303414313681562414e-03
1.086839161354765366e+02 1.185284626763384239e-03
1.089114578639759117e+02 1.176991866287043029e-03
1.091979138747751392e+02 1.286191058989148098e-03
1.094826115122194068e+02 1.255197413710192620e-03
1.096995281563482934e+02 1.243934282016604873e-03
1.099149327348783771e+02 1.226424930905477750e-03
1.102017255337961075e+02 1.461118307451776460e-03
1.104879737748566555e+02 1.519625939630751387e-03
1.107157115274964241e+02 1.695516662321780964e-03
1.109132792987308136e+02 1.203688701880698160e-03
1.111862324688471801e+02 1.933999238625942188e-03
1.114398329385503388e+02 2.339943866817557167e-04
