3.559859402833099318e-01 4.167891777251363123e+02
6.031653801595306952e-01 2.416514883342522353e+02
8.579167765970828752e-01 1.759435970069546897e+02
1.113465221719706744e+00 1.266018920199395410e+02
1.374041038668795789e+00 1.187764095372855735e+02
1.619156029489912552e+00 9.170979970281874216e+01
1.870688204173108549e+00 9.110669843887389163e+01
2.123291778149142495e+00 7.772368678615312376e+01
2.378146922361332738e+00 7.020202261763944307e+01
2.630492078309080828e+00 5.904179685529616251e+01
2.878655518219719767e+00 6.009905905845842256e+01
3.131146928423708342e+00 5.076254522241924150e+01
3.388162350792228050e+00 4.624479950194715627e+01
3.638744825715464426e+00 4.265498011004340384e+01
3.888319092457711346e+00 3.866900941168920980e+01
4.139055542735190940e+00 3.629013078234518730e+01
4.390309369511418147e+00 3.234990017511280058e+01
4.642176137710567474e+00 3.001495763956119944e+01
4.894682671360654602e+00 2.827910359898191217e+01
5.147273264261192693e+00 2.568883255154103296e+01
5.398007623726727822e+00 2.285936249358511674e+01
5.647802856840916874e+00 2.131387803405939962e+01
5.900539131270710946e+00 2.050016510702629446e+01
6.151465330617277516e+00 1.910812142004394687e+01
6.402635415339577030e+00 1.784765198893127902e+01
6.655970121181652210e+00 1.714386499520244911e+01
6.908788236414579842e+00 1.659425897128347316e+01
7.159066711614495482e+00 1.543812909820347024e+01
7.409420825556806811e+00 1.453918825569662587e+01
7.659233416746153544e+00 1.413594702011703319e+01
7.911565948465803189e+00 1.323997513950905081e+01
8.163757622013434911e+00 1.239844615745983880e+01
8.415764096873253663e+00 1.176589914523851910e+01
8.667645931832417716e+00 1.127045580835532412e+01
8.918808422928538704e+00 1.066501824034791213e+01
9.170487612352818729e+00 1.027500461474016191e+01
9.420573742114656923e+00 9.834989709178818984e+00
9.671650249369202257e+00 9.394501138397634676e+00
9.923434277885553101e+00 8.848303687751682745e+00
1.017397735263275749e+01 8.544585721529688982e+00
1.042534553836919464e+01 8.077314719638915008e+00
1.067703822037237948e+01 7.761105372461971186e+00
1.092970231609860754e+01 7.508012070715120778e+00
1.118212787042590506e+01 7.137719319159943510e+00
1.143347452501762795e+01 6.750804056301523026e+00
1.168351464593921030e+01 6.442631460596154547e+00
1.193380914293171280e+01 6.123111632694258510e+00
1.218554052878744365e+01 5.942055113879900041e+00
1.243712668503883734e+01 5.678435636729260771e+00
1.268868306934267487e+01 5.396959143911006507e+00
1.294076086091646260e+01 5.280580995631547481e+00
1.319268366548321936e+01 5.027133465284365776e+00
1.344471671934334367e+01 4.891505191530843177e+00
1.369481270899983727e+01 4.646396756807435580e+00
1.394592418230679165e+01 4.478911338147307575e+00
1.419765807527526924e+01 4.289437971976418851e+00
1.444767956390122166e+01 4.126208508202320324e+00
1.469908038618708979e+01 4.010557587265849655e+00
1.495060341485890376e+01 3.874815211364895706e+00
1.520262856587568123e+01 3.748157727517458682e+00
1.545417209084695642e+01 3.587082429086371427e+00
1.570457357616346705e+01 3.465237699557690565e+00
1.595707105860651787e+01 3.326909447981481804e+00
1.620830624120629437e+01 3.249601452173746630e+00
1.645967937887397525e+01 3.120731466032801826e+00
1.671127076292970415e+01 3.005300413389833114e+00
1.696161647421662977e+01 2.918017183827246175e+00
1.721371684668504187e+01 2.814727854034492438e+00
1.746544853261325159e+01 2.730665418308567460e+00
1.771599922949390304e+01 2.645326850357636150e+00
1.796655237575239283e+01 2.568352532056893178e+00
1.821767149213711079e+01 2.502682616031210117e+00
1.847055299524976135e+01 2.422618278367239864e+00
1.872259228837855716e+01 2.338443387103221749e+00
1.897395649702695763e+01 2.281170148731215708e+00
1.922544027901471964e+01 2.189745460164216340e+00
1.947609297041146803e+01 2.157846275651975620e+00
1.972680454040824571e+01 2.082955318502744735e+00
1.997804333616971917e+01 2.008771523697572281e+00
2.022865275800141660e+01 1.962163201028330084e+00
2.047971274316895318e+01 1.898856418118023637e+00
2.073252135603789981e+01 1.836286581782926364e+00
2.098437572316753830e+01 1.792510102151583684e+00
2.123504661010293759e+01 1.747150146398063431e+00
2.148631169356116288e+01 1.701555100748862959e+00
2.173833604313538359e+01 1.656683332458584124e+00
2.198974060328788482e+01 1.600601524572398349e+00
2.223976790831795114e+01 1.577571763811753902e+00
2.249143711068481721e+01 1.505662924962110072e+00
2.274406475987487397e+01 1.472488072153019356e+00
2.299523717418296442e+01 1.433568393846160527e+00
2.324621986323047906e+01 1.388161875148496760e+00
2.349759721420864622e+01 1.352684726871452359e+00
2.374872431424413222e+01 1.309469271998132012e+00
2.399990745776888090e+01 1.283361162553045443e+00
2.425073630433896454e+01 1.247328299657561645e+00
2.450189835514035153e+01 1.202441163007447855e+00
2.475393118776117163e+01 1.167582564394440858e+00
2.500526273100576091e+01 1.144836727185322145e+00
2.525613046806653728e+01 1.111015649071900091e+00
2.550803512358992720e+01 1.090300514114560748e+00
2.575945221164898413e+01 1.060689121009053881e+00
2.601076295269723460e+01 1.027692559587010557e+00
2.626236596071012386e+01 9.975541277280738361e-01
2.651349882484745990e+01 9.725059062781069574e-01
2.676476368086370172e+01 9.497403748498985943e-01
2.701630290114633937e+01 9.318726221468739412e-01
2.726736437065478924e+01 9.029414636317286691e-01
2.751839265313966365e+01 8.870417526836457123e-01
2.776939999124475378e+01 8.664154605209779536e-01
2.802072453847890543e+01 8.436255059194617267e-01
2.827252296121590902e+01 8.284493344958298033e-01
2.852409937934015360e+01 8.102337452401737750e-01
2.877569655120258219e+01 7.834927172909075255e-01
2.902735898283913940e+01 7.662337243098458206e-01
2.927863468889744425e+01 7.425758136523783470e-01
2.953005612573234373e+01 7.268739302945845804e-01
2.978108773767002759e+01 7.114701885071491594e-01
3.003150898189129592e+01 6.922835030165276349e-01
3.028305864122216207e+01 6.727055120011207201e-01
3.053458992018429541e+01 6.543384339536686412e-01
3.078587703085223026e+01 6.425751998436479706e-01
3.103760485808813741e+01 6.201578063942375652e-01
3.128934217133591034e+01 6.067708263305244820e-01
3.154128555561823433e+01 5.954429496750678341e-01
3.179161228229218850e+01 5.810707033802190447e-01
3.204199060562257273e+01 5.662261157630132935e-01
3.229348267195300082e+01 5.542457973230594526e-01
3.254494458430474424e+01 5.395359305627461799e-01
3.279663883260927548e+01 5.264156223566932580e-01
3.304783758788667569e+01 5.124288237618689346e-01
3.329961552866146945e+01 4.990818248369977006e-01
3.355186469159288265e+01 4.891786755415373777e-01
3.380256621870547207e+01 4.775516031059044986e-01
3.405315933519869276e+01 4.653803392572997688e-01
3.430482112648542170e+01 4.556348732945470492e-01
3.455626218487571322e+01 4.452737320111112007e-01
3.480738346406343453e+01 4.343986192898494636e-01
3.505859307197339092e+01 4.250826263318819853e-01
3.531004438702832005e+01 4.149834945847514778e-01
3.556136017265100691e+01 4.053926359537285418e-01
3.581236629292080664e+01 3.964016383829615520e-01
3.606385559692481735e+01 3.878466208213934840e-01
3.631536302843873187e+01 3.783246486579744938e-01
3.656700634725304155e+01 3.697328043354174976e-01
3.681855339867944110e+01 3.604946650533323305e-01
3.706976799443118153e+01 3.540968138260155995e-01
3.732132732863749425e+01 3.438275215456694234e-01
3.757309388752830870e+01 3.386876072639288249e-01
3.782393019207938778e+01 3.305935218484559734e-01
3.807467122984314045e+01 3.224600115994721294e-01
3.832568438318832449e+01 3.161548222408161468e-01
3.857743534749965164e+01 3.087838267657195823e-01
3.882945430755777494e+01 2.994335611079012582e-01
3.908035505239143248e+01 2.932048668741996100e-01
3.933132548540852724e+01 2.855854780428794260e-01
3.958231115719760140e+01 2.791996085437897235e-01
3.983385780285039601e+01 2.727940210405430110e-01
4.008548123081735781e+01 2.657284165305832113e-01
4.033622601964820120e+01 2.605170191041052408e-01
4.058779920554930243e+01 2.527591308932173875e-01
4.083973563574546972e+01 2.488251548129503110e-01
4.109099284134757823e+01 2.420708267130785296e-01
4.134240110541432500e+01 2.369330396446421017e-01
4.159393633110315136e+01 2.319705350017494672e-01
4.184511323866406940e+01 2.263945615587964200e-01
4.209617191880878551e+01 2.218109206404893230e-01
4.234726283789414225e+01 2.164260729839984909e-01
4.259860818013170558e+01 2.119209974155053244e-01
4.285030616109244761e+01 2.074335699389334431e-01
4.310179722129173285e+01 2.030430741856457943e-01
4.335302828234718220e+01 1.979843399539422955e-01
4.360435663819455243e+01 1.936666775728395906e-01
4.385562252435293118e+01 1.900866239454458706e-01
4.410728137436774432e+01 1.850020084272623599e-01
4.435855820142356265e+01 1.817292217631208406e-01
4.460905364115361493e+01 1.778109537681676622e-01
4.486012181263750165e+01 1.739440333047441445e-01
4.511173986693196269e+01 1.694593521625431809e-01
4.536361922678291592e+01 1.660268679580147178e-01
4.561459931143529190e+01 1.625879408639805679e-01
4.586560474365044371e+01 1.586935617904330909e-01
4.611773425678926941e+01 1.555521897441913826e-01
4.636919421293055166e+01 1.518219763988415405e-01
4.662038702392365508e+01 1.490348562674452260e-01
4.687176140437544092e+01 1.455631723052744908e-01
4.712353601493499156e+01 1.417461439286169245e-01
4.737474493576841894e+01 1.391587040484292270e-01
4.762542466280369524e+01 1.363788198175704125e-01
4.787652752968099179e+01 1.338008982696600180e-01
4.812810247632902616e+01 1.301611791787737615e-01
4.837951336555538973e+01 1.277952101738352997e-01
4.863059587633483005e+01 1.250935082445121804e-01
4.888203020593145709e+01 1.223719845742058665e-01
4.913366486985215431e+01 1.193626367525602722e-01
4.938535987402644878e+01 1.167169806343477528e-01
4.963613050322346254e+01 1.146882816770166819e-01
4.988703438724581218e+01 1.119470175280514596e-01
5.013865942469521286e+01 1.095827179542700203e-01
5.039003930874326187e+01 1.069583238235663897e-01
5.064132716376958143e+01 1.051110732328236069e-01
5.089269318324694780e+01 1.025637573908737415e-01
5.114420805252061086e+01 1.008738030681487069e-01
5.139550561315074617e+01 9.850130957866572168e-02
5.164705906431095173e+01 9.622500091891618423e-02
5.189867152248743309e+01 9.430328318198819004e-02
5.214971575343826515e+01 9.235718823645001907e-02
5.240073579527511782e+01 9.028568911876867775e-02
5.265210099056670856e+01 8.844285365029982970e-02
5.290351370430882838e+01 8.661534141324486735e-02
5.315466319340176682e+01 8.460051717708669261e-02
5.340583589899808459e+01 8.308704681395434610e-02
5.365766455777269073e+01 8.136626142498834535e-02
5.390927884945588744e+01 7.938236156908090591e-02
5.416010791781509681e+01 7.742905515853276688e-02
5.441134889551607756e+01 7.620247796916385097e-02
5.466267218756114943e+01 7.470121348850601584e-02
5.491410487429635623e+01 7.310175903447324597e-02
5.516546005785351525e+01 7.165948884600191471e-02
5.541642803200128498e+01 7.024944266439929474e-02
5.566799120065955009e+01 6.871326414070970390e-02
5.591942381520816951e+01 6.740659708501682557e-02
5.617076129966051923e+01 6.576713035348202840e-02
5.642223734846530903e+01 6.473227815560830822e-02
5.667355971662070147e+01 6.356580100225465990e-02
5.692477366777039549e+01 6.218195272387715133e-02
5.717595883239378196e+01 6.079827283360295792e-02
5.742752386458577973e+01 5.947508488536353694e-02
5.767913206833170392e+01 5.852675753015400967e-02
5.793019411713154909e+01 5.740593723760666067e-02
5.818134156739357365e+01 5.635239110339645280e-02
5.843282058036158588e+01 5.502941645623684458e-02
5.868446259628054662e+01 5.395531937195077038e-02
5.893576458379284588e+01 5.301567872313728974e-02
5.918684704103354477e+01 5.202221231033998805e-02
5.943829442115716688e+01 5.121764466981151842e-02
5.968939327303666431e+01 5.006191058891057422e-02
5.994014786289820762e+01 4.925312670194365028e-02
6.019147933540530460e+01 4.827217658977075304e-02
6.044308913502778324e+01 4.739305174868496673e-02
6.069451506438751665e+01 4.652672494905626954e-02
6.094599270952485170e+01 4.582833022111752752e-02
6.119757150525668976e+01 4.485813487602620386e-02
6.144925735912566012e+01 4.413178605947260663e-02
6.170047923931482359e+01 4.330128381306945495e-02
6.195140921678895296e+01 4.264703179770844982e-02
6.220297369050545200e+01 4.182966596902782525e-02
6.245434410209961129e+01 4.114318356572307933e-02
6.270521615241895574e+01 4.046068270364058805e-02
6.295659941216997879e+01 3.984348722635733947e-02
6.320819353110355365e+01 3.916429982843663837e-02
6.345946766486218849e+01 3.860848399007058701e-02
6.371045270337641142e+01 3.797578216712214905e-02
6.396190979440479651e+01 3.743647583863049522e-02
6.421373801018258121e+01 3.702847974451828339e-02
6.446484348469948600e+01 3.618126921679905295e-02
6.471593968971949096e+01 3.542711978935724620e-02
6.496736150295876655e+01 3.490283384294541602e-02
6.521861656479187275e+01 3.419539660686324312e-02
6.546998344590866736e+01 3.344818940735606871e-02
6.572125930899333923e+01 3.278767378880274863e-02
6.597237720906821323e+01 3.202637200467894213e-02
6.622374413480355315e+01 3.138925383755059723e-02
6.647518543450273398e+01 3.074540014009118083e-02
6.672678419846472764e+01 3.019357575596505819e-02
6.697803725082654580e+01 2.949787654250202520e-02
6.722891043717525861e+01 2.892889206377007374e-02
6.748054138738896768e+01 2.828566369872570832e-02
6.773235465584707526e+01 2.773036711927618497e-02
6.798328135061208854e+01 2.715013064050241301e-02
6.823452757256609402e+01 2.657997723951591867e-02
6.848612500820063076e+01 2.618000955996392307e-02
6.873747169316160921e+01 2.557708847901703567e-02
6.898879432944832502e+01 2.496099432691714984e-02
6.923985339488456248e+01 2.442074192976137828e-02
6.949151127613136225e+01 2.396246668308287323e-02
6.974270917193679509e+01 2.355263011419583136e-02
6.999349758521313447e+01 2.302590548240497983e-02
7.024498862757842232e+01 2.249998059220194649e-02
7.049648232796459979e+01 2.207605316024180767e-02
7.074780104972492722e+01 2.156549457760471161e-02
7.099912803250242632e+01 2.120943016592672509e-02
7.125060316705119590e+01 2.077445163679430412e-02
7.150188841264792927e+01 2.029868419292272033e-02
7.175315040596775873e+01 1.989798185492626034e-02
7.200436778924982661e+01 1.948306739260674894e-02
7.225569568151124145e+01 1.913312742818882098e-02
7.250703990188253556e+01 1.870499899522214474e-02
7.275820494583422260e+01 1.828216878819447291e-02
7.300959985848930955e+01 1.798921826857383457e-02
7.326100739589654154e+01 1.762176298575983402e-02
7.351247651286207940e+01 1.725255609591284933e-02
7.376391740422742771e+01 1.690100449176027211e-02
7.401513742507120241e+01 1.658214165123202827e-02
7.426649060817395309e+01 1.618002500254297690e-02
7.451780489977876698e+01 1.595094785075308608e-02
7.476894314873321434e+01 1.560918027404965304e-02
7.502037393043407576e+01 1.537753245586410272e-02
7.527186139593494829e+01 1.501379978793634766e-02
7.552317432444534973e+01 1.476578853454188316e-02
7.577415980495102588e+01 1.444634334928570664e-02
7.602558096409468646e+01 1.414366056144240533e-02
7.627719590508804970e+01 1.395466151583380117e-02
7.652815125563688525e+01 1.362863138936349153e-02
7.677935220501181846e+01 1.340818931113100902e-02
7.703086726254441885e+01 1.313732047968445282e-02
7.728265965276786176e+01 1.292516156578357375e-02
7.753369190458913351e+01 1.262929436719942115e-02
7.778439509428977772e+01 1.235940398591854790e-02
7.803593831118247692e+01 1.215885833401906223e-02
7.828758885029601799e+01 1.193177105938003288e-02
7.853906794973717354e+01 1.167411307390808090e-02
7.879027759642113438e+01 1.144642112159204028e-02
7.904171977795520831e+01 1.127064282710558800e-02
7.929336901860939690e+01 1.107344619571531096e-02
7.954453386175912044e+01 1.085469886561265390e-02
7.979558244249953702e+01 1.061933307196775284e-02
8.004698715446015456e+01 1.043359946208987504e-02
8.029817060572167975e+01 1.024615442995984067e-02
8.054915465639660965e+01 1.000727759671393713e-02
8.080050933268215374e+01 9.861936893474917282e-03
8.105222843648049036e+01 9.674829270851755328e-03
8.130356085999873983e+01 9.514979170623652158e-03
8.155450688501214529e+01 9.341495380315912450e-03
8.180586292035073370e+01 9.150341552176000440e-03
8.205754059633983388e+01 8.985475078416620132e-03
8.230902023302688519e+01 8.837502885186858392e-03
8.256024609338771825e+01 8.674883470421472162e-03
8.281177913146991898e+01 8.536520435307145063e-03
8.306345671002955555e+01 8.391534430311336015e-03
8.331423789691322668e+01 8.215225016175425193e-03
8.356497203452028089e+01 8.075939382230208283e-03
8.381676065653964258e+01 7.974094805589413901e-03
8.406819057667301820e+01 7.828546387344391400e-03
8.431897833099768036e+01 7.699918362813227418e-03
8.457030107228759164e+01 7.550372234019539497e-03
8.482158500161732206e+01 7.429143663696402555e-03
8.507289964496175116e+01 7.328729813495332701e-03
8.532433790067943846e+01 7.189955645331386896e-03
8.557607479425553265e+01 7.054444461720941854e-03
8.582764617430598264e+01 6.951404867845166827e-03
8.607838630901136412e+01 6.858828800555393651e-03
8.632968398044758374e+01 6.775454663664713661e-03
8.658129008437285279e+01 6.623443763140313655e-03
8.683275778483299234e+01 6.517664021719193554e-03
8.708403645616320432e+01 6.409513163339868036e-03
8.733514107508189284e+01 6.299966553629507415e-03
8.758625272832007624e+01 6.198513680480985909e-03
8.783759754908166428e+01 6.055204562466767401e-03
8.808876122788545615e+01 5.990302421163731794e-03
8.834001232063472742e+01 5.845261163278829726e-03
8.859182147858057021e+01 5.768997713875486169e-03
8.884310543210298761e+01 5.663667804399803545e-03
8.909359778303027610e+01 5.579260846040910021e-03
8.934519001459696597e+01 5.475483983159224778e-03
8.959722490356178071e+01 5.364009428882466311e-03
8.984810720980972576e+01 5.299833900175658294e-03
9.009931661442419681e+01 5.176219106708536237e-03
9.035047125220820874e+01 5.037744956716596820e-03
9.060158480436716388e+01 4.917782045761568029e-03
9.085223080015119024e+01 4.826163347051717727e-03
9.110366367691669609e+01 4.682253029487473163e-03
9.135600697149951088e+01 4.605419821643202613e-03
9.160687544995788301e+01 4.497019991016784797e-03
9.185821812627659710e+01 4.397887609579397006e-03
9.211022451259280786e+01 4.302980964118784460e-03
9.236140597160409982e+01 4.208846924564629312e-03
9.261234540230718437e+01 4.129278543981935133e-03
9.286347211035996452e+01 4.037708149064116181e-03
9.311511014597157043e+01 3.956093248788600768e-03
9.336629391935429112e+01 3.901513578294167010e-03
9.361685135305026506e+01 3.789263541469739451e-03
9.386836083772521988e+01 3.736556678296115274e-03
9.412020868045637201e+01 3.658563178954689701e-03
9.437167300022943550e+01 3.561867727377290588e-03
9.462223250692902354e+01 3.488612878141051938e-03
9.487310906110187148e+01 3.417130972007589428e-03
9.512571396728792195e+01 3.338286399889501058e-03
9.537720174853082256e+01 3.278749613123851242e-03
9.562778154743340053e+01 3.232508969807727870e-03
9.587960399158772873e+01 3.154272955077641171e-03
9.613222059997148961e+01 3.115273105414098024e-03
9.638300181424490631e+01 3.054957791316254782e-03
9.663331112830320535e+01 2.975488124186085118e-03
9.688583355005387432e+01 2.941373922510274064e-03
9.713728178744008801e+01 2.888908390345309822e-03
9.738719044091149613e+01 2.864877842999395165e-03
9.763888839885453308e+01 2.817454370689226328e-03
9.789203935363244113e+01 2.777740640011222301e-03
9.814284504636060547e+01 2.726928845195803960e-03
9.839208203784210127e+01 2.669023096974429757e-03
9.864445011476462355e+01 2.647008613929499425e-03
9.889665321653203023e+01 2.590191348307241924e-03
9.914662319707913696e+01 2.574876695344962413e-03
9.939745398591146852e+01 2.530529840133368801e-03
9.964979478576111660e+01 2.484517652582295816e-03
9.990229679817751673e+01 2.445042658154873618e-03
1.001522335606673551e+02 2.394849534622856078e-03
1.004021002912563461e+02 2.343843443774282047e-03
1.006556084985456749e+02 2.323992738162850707e-03
1.009079605423296471e+02 2.279840958215746324e-03
1.011565674932826795e+02 2.269178859387749065e-03
1.014078810189212732e+02 2.223509738086423826e-03
1.016622037916215078e+02 2.205040294780283208e-03
1.019134273471095185e+02 2.183664432067813910e-03
1.021611926455243662e+02 2.170251634944978750e-03
1.024135126010058343e+02 2.147661563820120727e-03
1.026690367105272230e+02 2.097801265027766492e-03
1.029179847517283548e+02 2.071180190743255982e-03
1.031645854295580591e+02 2.058703279171970098e-03
1.034191044704440259e+02 2.007830845225059158e-03
1.036740926361021025e+02 1.994617359653607855e-03
1.039224578967225483e+02 1.997313653009477781e-03
1.041719716373389275e+02 1.955723268348186911e-03
1.044270653508262825e+02 1.906888430934001837e-03
1.046773990225318585e+02 1.925220799008805356e-03
1.049204276548507835e+02 1.906309416200444896e-03
1.051759873011302489e+02 1.880891308558586654e-03
1.054365093046837814e+02 1.849090178247101823e-03
1.056812779263673008e+02 1.847180177712615806e-03
1.059216671610020342e+02 1.793601562596965895e-03
1.061817253779327643e+02 1.809574565845638566e-03
1.064472984065153724e+02 1.791404107635270401e-03
1.066878931987000954e+02 1.767508419854433655e-03
1.069237235335315575e+02 1.740290514025126739e-03
1.071893582885037972e+02 1.730236021704707706e-03
1.074587651720630674e+02 1.608540960012429027e-03
1.076880223775236090e+02 1.635605155861726999e-03
1.079186753960067477e+02 1.633909556852335956e-03
1.081957661089768266e+02 1.653172301434825730e-03
1.084728992869362116e+02 1.597447366879275110e-03
1.086840050691972124e+02 1.537044371026855287e-03
1.089115469838891102e+02 1.519883851159209388e-03
1.091980032290891671e+02 1.427032290612351411e-03
1.094827010994954009e+02 1.385514712745908967e-03
1.096996179211225240e+02 1.363510655442713845e-03
1.099150226759135762e+02 1.452939098640521412e-03
1.102018157095076987e+02 1.375844575766129634e-03
1.104880641847990574e+02 1.443992580569750973e-03
1.107158021237917467e+02 1.511899763756185608e-03
1.109133700566916190e+02 1.553210096719541411e-03
1.111863234501597191e+02 2.258455440764516389e-03
1.114399241273787169e+02 8.178907701276991247e-05
