3.559859402833057684e-01 4.161454088570060890e+02
6.031653801595237008e-01 2.411034936674957407e+02
8.579167765970728832e-01 1.756545778204364012e+02
1.113465221719693865e+00 1.265447788343667526e+02
1.374041038668779802e+00 1.185421121682132508e+02
1.619156029489893678e+00 9.155086173523294235e+01
1.870688204173086788e+00 9.090812394268114360e+01
2.123291778149117626e+00 7.755889961754716921e+01
2.378146922361305204e+00 7.009679502225067438e+01
2.630492078309050186e+00 5.893101566535809610e+01
2.878655518219686460e+00 6.009608598855118800e+01
3.131146928423671483e+00 5.073041547911941507e+01
3.388162350792188526e+00 4.618026765053927107e+01
3.638744825715421793e+00 4.265451335909191499e+01
3.888319092457665604e+00 3.867384294696845615e+01
4.139055542735142978e+00 3.618015938077159888e+01
4.390309369511366633e+00 3.218560139428499411e+01
4.642176137710513295e+00 2.994461694136647267e+01
4.894682671360597759e+00 2.808237036962071898e+01
5.147273264261132297e+00 2.555117400898286562e+01
5.398007623726664761e+00 2.269189776945859904e+01
5.647802856840850261e+00 2.115600320580513127e+01
5.900539131270641668e+00 2.026105768790659667e+01
6.151465330617205574e+00 1.886515590324676950e+01
6.402635415339502423e+00 1.756686221840107009e+01
6.655970121181574051e+00 1.684581110817413929e+01
6.908788236414499018e+00 1.631285401577538963e+01
7.159066711614411105e+00 1.512775420268208748e+01
7.409420825556720658e+00 1.421314823981603048e+01
7.659233416746063838e+00 1.377260823238352039e+01
7.911565948465710818e+00 1.289663264762627648e+01
8.163757622013338988e+00 1.203140384288312958e+01
8.415764096873154188e+00 1.141408187828974796e+01
8.667645931832316464e+00 1.093352892930082021e+01
8.918808422928433899e+00 1.035121047732216759e+01
9.170487612352712148e+00 9.953773574729249063e+00
9.420573742114546789e+00 9.514595101204147198e+00
9.671650249369090346e+00 9.098876532435276943e+00
9.923434277885437638e+00 8.599066190256715814e+00
1.017397735263263847e+01 8.278975887016875035e+00
1.042534553836907207e+01 7.823494407383877913e+00
1.067703822037225336e+01 7.534057880800134832e+00
1.092970231609847964e+01 7.281019152306596354e+00
1.118212787042577361e+01 6.927820579480000518e+00
1.143347452501749473e+01 6.564708877934412712e+00
1.168351464593907352e+01 6.270453071117016997e+00
1.193380914293157247e+01 5.977571339172755849e+00
1.218554052878730154e+01 5.821199804225986263e+00
1.243712668503869168e+01 5.548074431879030044e+00
1.268868306934252566e+01 5.277639142391706173e+00
1.294076086091631161e+01 5.140064771925704434e+00
1.319268366548306481e+01 4.913853316212861699e+00
1.344471671934318735e+01 4.773009229450384083e+00
1.369481270899967740e+01 4.535125961515463544e+00
1.394592418230662823e+01 4.383800091188471804e+00
1.419765807527510226e+01 4.204788372082188808e+00
1.444767956390105113e+01 4.042596373547249655e+00
1.469908038618691748e+01 3.931427271157073466e+00
1.495060341485872790e+01 3.803234277968885468e+00
1.520262856587550360e+01 3.689221314383516415e+00
1.545417209084677523e+01 3.541540188634580311e+00
1.570457357616328231e+01 3.423108431425407883e+00
1.595707105860633135e+01 3.291845441080181178e+00
1.620830624120610608e+01 3.205891643608119512e+00
1.645967937887377985e+01 3.082203436049378187e+00
1.671127076292950875e+01 2.970313083711420887e+00
1.696161647421643082e+01 2.871864844791617521e+00
1.721371684668483937e+01 2.766082859094534108e+00
1.746544853261304908e+01 2.676756943864663008e+00
1.771599922949369699e+01 2.599328473984157561e+00
1.796655237575218322e+01 2.518044139243899249e+00
1.821767149213689763e+01 2.452215877531411792e+00
1.847055299524954819e+01 2.380823741592512643e+00
1.872259228837833689e+01 2.288330606010652080e+00
1.897395649702673737e+01 2.229832729318675266e+00
1.922544027901449581e+01 2.147024060882907204e+00
1.947609297041124066e+01 2.112868528449285854e+00
1.972680454040801479e+01 2.041664293865521174e+00
1.997804333616948469e+01 1.964703249419571307e+00
2.022865275800117857e+01 1.926805683790189461e+00
2.047971274316871160e+01 1.858918428162168235e+00
2.073252135603765822e+01 1.799033317997638104e+00
2.098437572316729316e+01 1.758346218338610045e+00
2.123504661010268890e+01 1.711665220966353207e+00
2.148631169356091419e+01 1.670582110927787411e+00
2.173833604313512780e+01 1.616226981093495718e+00
2.198974060328762903e+01 1.565341305425466567e+00
2.223976790831769179e+01 1.544967119551084123e+00
2.249143711068455431e+01 1.472602993409527716e+00
2.274406475987460752e+01 1.443699128669662324e+00
2.299523717418269797e+01 1.398675691353851169e+00
2.324621986323020550e+01 1.352358978090273611e+00
2.349759721420837266e+01 1.314523872750035016e+00
2.374872431424385155e+01 1.270904831295418536e+00
2.399990745776860024e+01 1.247107287003059950e+00
2.425073630433868033e+01 1.211698425515614908e+00
2.450189835514006731e+01 1.172332575943854094e+00
2.475393118776088386e+01 1.134846614279704458e+00
2.500526273100546959e+01 1.116066182746536795e+00
2.525613046806623885e+01 1.080480814987849314e+00
2.550803512358962877e+01 1.062980826208837160e+00
2.575945221164868215e+01 1.033693132169334117e+00
2.601076295269692906e+01 1.003294147296124539e+00
2.626236596070981477e+01 9.759372988738995724e-01
2.651349882484715081e+01 9.487032310482058639e-01
2.676476368086338908e+01 9.240941619964413434e-01
2.701630290114602317e+01 9.061568972951771217e-01
2.726736437065446950e+01 8.766045130398066876e-01
2.751839265313934035e+01 8.582500918912092658e-01
2.776939999124443048e+01 8.406656188452471534e-01
2.802072453847857858e+01 8.200315591085387545e-01
2.827252296121557862e+01 8.050052676616570313e-01
2.852409937933981965e+01 7.858737788702911953e-01
2.877569655120224468e+01 7.585829794887406496e-01
2.902735898283879834e+01 7.411763467057578270e-01
2.927863468889710319e+01 7.185218892138639513e-01
2.953005612573199912e+01 7.030107274849923815e-01
2.978108773766967943e+01 6.873305736271576594e-01
3.003150898189094420e+01 6.710247485341428453e-01
3.028305864122181035e+01 6.556204803884689847e-01
3.053458992018394014e+01 6.390279955627531372e-01
3.078587703085186789e+01 6.264050541347224721e-01
3.103760485808777148e+01 6.069771179565018882e-01
3.128934217133554441e+01 5.921458352063865282e-01
3.154128555561786484e+01 5.794007847268586309e-01
3.179161228229181546e+01 5.676904602066914496e-01
3.204199060562219614e+01 5.505794253098468261e-01
3.229348267195262423e+01 5.388926672163120157e-01
3.254494458430436765e+01 5.240178246782623006e-01
3.279663883260889179e+01 5.109475832222065694e-01
3.304783758788629200e+01 4.977210060448897244e-01
3.329961552866107866e+01 4.823003727343113112e-01
3.355186469159249185e+01 4.749163190147543956e-01
3.380256621870507416e+01 4.646075896399195493e-01
3.405315933519829485e+01 4.533206085308076339e-01
3.430482112648502380e+01 4.434792226816414162e-01
3.455626218487530821e+01 4.325965306796109022e-01
3.480738346406302952e+01 4.216495450838344539e-01
3.505859307197298591e+01 4.118111659061753360e-01
3.531004438702790083e+01 4.013310524639283616e-01
3.556136017265059479e+01 3.924253857268058532e-01
3.581236629292038742e+01 3.825147798889395045e-01
3.606385559692439813e+01 3.739178173938273453e-01
3.631536302843830555e+01 3.643723889487376910e-01
3.656700634725260812e+01 3.554166342708354742e-01
3.681855339867900767e+01 3.467838257482719899e-01
3.706976799443074810e+01 3.404988551266776575e-01
3.732132732863706082e+01 3.304833496394488090e-01
3.757309388752786816e+01 3.234491805800417397e-01
3.782393019207894724e+01 3.165789512409679096e-01
3.807467122984269281e+01 3.092564184165521035e-01
3.832568438318787685e+01 3.028846772183574343e-01
3.857743534749920400e+01 2.954742484185794993e-01
3.882945430755732019e+01 2.875445552177031683e-01
3.908035505239097063e+01 2.806513887687241970e-01
3.933132548540807250e+01 2.738977696374714776e-01
3.958231115719713955e+01 2.676369535103457764e-01
3.983385780284993416e+01 2.620111171860584065e-01
4.008548123081688885e+01 2.547208890768331568e-01
4.033622601964773224e+01 2.490239837415786084e-01
4.058779920554883347e+01 2.426687936575654125e-01
4.083973563574499366e+01 2.386268083298084541e-01
4.109099284134710217e+01 2.329557680461504243e-01
4.134240110541384183e+01 2.268623166539096847e-01
4.159393633110266819e+01 2.214327970776145682e-01
4.184511323866357912e+01 2.161539638397461938e-01
4.209617191880828813e+01 2.113986325846911318e-01
4.234726283789364487e+01 2.058424400661478526e-01
4.259860818013120820e+01 2.019147002858365514e-01
4.285030616109195023e+01 1.980460729232085548e-01
4.310179722129122837e+01 1.933676337479645901e-01
4.335302828234667061e+01 1.888859153490187182e-01
4.360435663819404084e+01 1.844028160221401202e-01
4.385562252435241959e+01 1.811716908276145843e-01
4.410728137436722562e+01 1.767663363020693379e-01
4.435855820142304395e+01 1.732274376234896884e-01
4.460905364115309624e+01 1.693276593221032800e-01
4.486012181263697585e+01 1.660932457750003144e-01
4.511173986693143689e+01 1.615101230983475855e-01
4.536361922678239011e+01 1.584547624637382690e-01
4.561459931143475899e+01 1.556169842351036170e-01
4.586560474364990370e+01 1.516370362597543875e-01
4.611773425678872940e+01 1.484612822886708650e-01
4.636919421293000454e+01 1.447729848656403584e-01
4.662038702392310796e+01 1.421626654381091537e-01
4.687176140437489380e+01 1.388389016085792571e-01
4.712353601493443733e+01 1.351127759762109082e-01
4.737474493576786472e+01 1.325523938368862176e-01
4.762542466280314102e+01 1.298521751737559127e-01
4.787652752968043046e+01 1.273360066610612074e-01
4.812810247632846483e+01 1.238532062583974913e-01
4.837951336555482129e+01 1.218329891666617981e-01
4.863059587633426162e+01 1.189549012788028853e-01
4.888203020593088155e+01 1.166146817781123085e-01
4.913366486985157877e+01 1.136826670570092873e-01
4.938535987402587324e+01 1.109611650150360562e-01
4.963613050322287990e+01 1.092546901841623258e-01
4.988703438724522954e+01 1.067050267721529472e-01
5.013865942469462311e+01 1.041342966974593276e-01
5.039003930874267212e+01 1.015804608085791733e-01
5.064132716376899168e+01 9.908198649057929630e-02
5.089269318324635094e+01 9.666616753001472384e-02
5.114420805252000690e+01 9.488162526335804092e-02
5.139550561315014932e+01 9.262384996979029783e-02
5.164705906431034776e+01 9.044214638216785396e-02
5.189867152248682203e+01 8.857149346414232294e-02
5.214971575343765409e+01 8.647200420884959549e-02
5.240073579527450676e+01 8.446527178585934437e-02
5.265210099056609039e+01 8.247882766450333192e-02
5.290351370430821021e+01 8.081626867959514071e-02
5.315466319340114865e+01 7.882476272932514849e-02
5.340583589899745931e+01 7.724666801877751177e-02
5.365766455777206545e+01 7.562718443599143747e-02
5.390927884945525506e+01 7.386797604943717843e-02
5.416010791781446443e+01 7.215154183427745227e-02
5.441134889551543807e+01 7.075347417306748765e-02
5.466267218756050283e+01 6.931492912671835538e-02
5.491410487429570964e+01 6.767222749426225759e-02
5.516546005785286866e+01 6.628945189950063988e-02
5.541642803200063128e+01 6.494285814103471777e-02
5.566799120065890349e+01 6.371852010469884753e-02
5.591942381520751582e+01 6.226481731369336997e-02
5.617076129965986553e+01 6.081332683835378311e-02
5.642223734846464822e+01 5.970025402273950593e-02
5.667355971662004066e+01 5.849572778686573660e-02
5.692477366776972758e+01 5.738308377321380688e-02
5.717595883239311405e+01 5.600542524326584254e-02
5.742752386458510472e+01 5.507468439314799208e-02
5.767913206833102890e+01 5.390788998035900281e-02
5.793019411713087408e+01 5.291429177256983668e-02
5.818134156739289153e+01 5.182281365684836272e-02
5.843282058036089666e+01 5.073433560993296371e-02
5.868446259627985739e+01 4.964452259602666201e-02
5.893576458379215666e+01 4.879820782612295099e-02
5.918684704103284844e+01 4.777139114093485739e-02
5.943829442115647055e+01 4.687247824051945372e-02
5.968939327303596798e+01 4.581141369048226386e-02
5.994014786289750418e+01 4.493813829584608621e-02
6.019147933540460116e+01 4.417944412782980057e-02
6.044308913502707981e+01 4.319986836479238618e-02
6.069451506438680610e+01 4.234068374329288953e-02
6.094599270952413406e+01 4.161430774581779263e-02
6.119757150525597211e+01 4.068601503349852239e-02
6.144925735912493536e+01 4.001815585914531015e-02
6.170047923931409883e+01 3.937579105219530390e-02
6.195140921678822821e+01 3.865196122255324523e-02
6.220297369050472724e+01 3.785719246571853103e-02
6.245434410209887943e+01 3.726918792911440570e-02
6.270521615241822388e+01 3.657983736624249166e-02
6.295659941216924693e+01 3.606913874743527398e-02
6.320819353110281469e+01 3.536664793774570159e-02
6.345946766486144242e+01 3.488853669898907273e-02
6.371045270337566535e+01 3.437597119272330776e-02
6.396190979440404334e+01 3.375689206704835660e-02
6.421373801018184224e+01 3.339405932277530326e-02
6.446484348469873282e+01 3.272513686574767683e-02
6.471593968971873778e+01 3.200567012496399050e-02
6.496736150295801338e+01 3.134874247537488418e-02
6.521861656479110536e+01 3.075318440278871149e-02
6.546998344590789998e+01 3.006092060550894299e-02
6.572125930899257185e+01 2.943652320407353501e-02
6.597237720906743164e+01 2.881059723857125679e-02
6.622374413480277155e+01 2.824475198416997665e-02
6.647518543450195239e+01 2.764306634170239987e-02
6.672678419846394604e+01 2.705700091488110609e-02
6.697803725082576420e+01 2.644085970930839039e-02
6.722891043717447701e+01 2.591948291157066681e-02
6.748054138738817187e+01 2.542526055740160218e-02
6.773235465584627946e+01 2.492907704668934424e-02
6.798328135061129274e+01 2.431039401497529090e-02
6.823452757256529821e+01 2.381052590328440466e-02
6.848612500819983495e+01 2.332942513463087328e-02
6.873747169316079919e+01 2.277821865948417845e-02
6.898879432944752921e+01 2.220771615616051742e-02
6.923985339488375246e+01 2.168785761756795993e-02
6.949151127613053802e+01 2.117306779876554357e-02
6.974270917193598507e+01 2.078346727104363884e-02
6.999349758521232445e+01 2.028124997107026012e-02
7.024498862757759809e+01 1.986353864872439021e-02
7.049648232796377556e+01 1.946802164317372810e-02
7.074780104972408878e+01 1.906784213075435677e-02
7.099912803250158788e+01 1.866515066671146569e-02
7.125060316705035746e+01 1.829349974183985816e-02
7.150188841264709083e+01 1.785450006296047595e-02
7.175315040596692029e+01 1.750490062008470959e-02
7.200436778924898817e+01 1.710382228843691094e-02
7.225569568151040301e+01 1.681689419192879467e-02
7.250703990188168291e+01 1.642736079482375391e-02
7.275820494583336995e+01 1.612785499610250653e-02
7.300959985848845690e+01 1.579459893289940006e-02
7.326100739589567468e+01 1.546460064226597153e-02
7.351247651286122675e+01 1.507830809407736603e-02
7.376391740422656085e+01 1.479951758321624601e-02
7.401513742507033555e+01 1.449011817388625410e-02
7.426649060817308623e+01 1.420141301618443527e-02
7.451780489977790012e+01 1.394173663823700463e-02
7.476894314873234748e+01 1.369696576834642486e-02
7.502037393043320890e+01 1.344248792536774893e-02
7.527186139593406722e+01 1.310817680962836698e-02
7.552317432444445444e+01 1.286894217682237919e-02
7.577415980495014480e+01 1.255778058746200888e-02
7.602558096409380539e+01 1.230464203114901497e-02
7.627719590508716863e+01 1.207303632975710063e-02
7.652815125563598997e+01 1.183377101457798453e-02
7.677935220501092317e+01 1.165889311563294076e-02
7.703086726254352357e+01 1.139790353424904173e-02
7.728265965276695226e+01 1.115546899803146474e-02
7.753369190458822402e+01 1.090462682753209206e-02
7.778439509428886822e+01 1.063259298956029976e-02
7.803593831118156743e+01 1.046030038640384345e-02
7.828758885029510850e+01 1.026903826174128780e-02
7.853906794973626404e+01 1.001668697261232435e-02
7.879027759642021067e+01 9.832902633455858216e-03
7.904171977795428461e+01 9.667453707882354627e-03
7.929336901860847320e+01 9.451703128578067131e-03
7.954453386175819674e+01 9.239103502908945637e-03
7.979558244249859911e+01 9.061000398683554530e-03
8.004698715445921664e+01 8.908361479564445504e-03
8.029817060572074183e+01 8.718279795153962425e-03
8.054915465639565753e+01 8.494044114757428460e-03
8.080050933268121582e+01 8.361594648493581722e-03
8.105222843647955244e+01 8.197409366814572759e-03
8.130356085999778770e+01 8.051536591873425033e-03
8.155450688501119316e+01 7.910654467870863182e-03
8.180586292034976736e+01 7.716919026115748488e-03
8.205754059633888176e+01 7.601329961372493317e-03
8.230902023302591886e+01 7.469103539006546368e-03
8.256024609338675191e+01 7.280499837791172546e-03
8.281177913146895264e+01 7.151791579631994536e-03
8.306345671002858921e+01 7.056600807775618642e-03
8.331423789691224613e+01 6.914376308045975736e-03
8.356497203451930034e+01 6.758740877534284881e-03
8.381676065653866203e+01 6.660186189196988168e-03
8.406819057667202344e+01 6.552601215793677110e-03
8.431897833099668560e+01 6.447449154909880124e-03
8.457030107228659688e+01 6.326165025363391856e-03
8.482158500161632730e+01 6.223806716815686799e-03
8.507289964496075640e+01 6.128452428172876006e-03
8.532433790067844370e+01 5.984670980901754013e-03
8.557607479425452368e+01 5.901576268583242843e-03
8.582764617430497367e+01 5.848252064422156810e-03
8.607838630901035515e+01 5.730121728019965839e-03
8.632968398044657476e+01 5.659172165107776049e-03
8.658129008437184382e+01 5.545974663407555842e-03
8.683275778483198337e+01 5.457089388141327276e-03
8.708403645616218114e+01 5.343574320712664132e-03
8.733514107508086965e+01 5.237728117355321296e-03
8.758625272831905306e+01 5.150890117948835577e-03
8.783759754908062689e+01 5.033141157202435621e-03
8.808876122788443297e+01 4.984037758030988863e-03
8.834001232063369002e+01 4.876605952819696409e-03
8.859182147857953282e+01 4.786419149806799000e-03
8.884310543210195021e+01 4.665053554346511137e-03
8.909359778302923871e+01 4.600265267829015993e-03
8.934519001459591436e+01 4.506082958346916377e-03
8.959722490356074331e+01 4.381105756362677940e-03
8.984810720980867416e+01 4.322140035051600000e-03
9.009931661442313100e+01 4.239595214419351714e-03
9.035047125220715714e+01 4.136126582961706204e-03
9.060158480436609807e+01 4.038574297861413122e-03
9.085223080015013863e+01 3.938629682620548543e-03
9.110366367691563028e+01 3.828290638971641475e-03
9.135600697149844507e+01 3.761743511231223705e-03
9.160687544995681719e+01 3.640979156176041634e-03
9.185821812627553129e+01 3.582563087897581988e-03
9.211022451259172783e+01 3.499223879727268987e-03
9.236140597160301979e+01 3.438161412471515618e-03
9.261234540230610435e+01 3.379378264790192533e-03
9.286347211035888449e+01 3.310438368097053021e-03
9.311511014597049041e+01 3.243784248696094091e-03
9.336629391935319688e+01 3.195037746480758681e-03
9.361685135304917083e+01 3.122397510848430677e-03
9.386836083772412564e+01 3.041552253714595658e-03
9.412020868045527777e+01 2.982365644433899315e-03
9.437167300022832706e+01 2.899799569192502806e-03
9.462223250692791510e+01 2.844005499690365184e-03
9.487310906110076303e+01 2.791235416768071426e-03
9.512571396728679929e+01 2.740474911243145299e-03
9.537720174852969990e+01 2.666272687309328721e-03
9.562778154743229209e+01 2.610657075953040900e-03
9.587960399158660607e+01 2.535751513796503324e-03
9.613222059997036695e+01 2.480811562549466946e-03
9.638300181424378366e+01 2.407545912679463773e-03
9.663331112830208269e+01 2.351436002652065784e-03
9.688583355005273745e+01 2.309853678389881763e-03
9.713728178743895114e+01 2.272856670863589688e-03
9.738719044091035926e+01 2.217895839397044169e-03
9.763888839885338200e+01 2.191432631333012880e-03
9.789203935363129006e+01 2.118704650918592364e-03
9.814284504635945439e+01 2.084480711943663411e-03
9.839208203784095019e+01 2.054645342145953839e-03
9.864445011476347247e+01 2.014797164421225795e-03
9.889665321653087915e+01 1.970094764415507380e-03
9.914662319707798588e+01 1.971002236589613262e-03
9.939745398591030323e+01 1.933781002676247330e-03
9.964979478575995131e+01 1.894012327849581507e-03
9.990229679817635144e+01 1.871275059098147535e-03
1.001522335606661898e+02 1.842934338369494598e-03
1.004021002912551808e+02 1.824242175898744579e-03
1.006556084985445096e+02 1.829241726386034118e-03
1.009079605423284676e+02 1.790381239220098552e-03
1.011565674932815000e+02 1.763127362669517214e-03
1.014078810189200794e+02 1.755177208035369005e-03
1.016622037916203141e+02 1.739679601942561602e-03
1.019134273471083247e+02 1.699257202478094645e-03
1.021611926455231725e+02 1.688837338320862969e-03
1.024135126010046406e+02 1.681756277154964089e-03
1.026690367105260293e+02 1.660450866018630669e-03
1.029179847517271469e+02 1.630884865635450886e-03
1.031645854295568512e+02 1.609440636786850639e-03
1.034191044704428180e+02 1.587958580037397444e-03
1.036740926361008945e+02 1.555980780065242862e-03
1.039224578967213404e+02 1.539488387279996364e-03
1.041719716373377054e+02 1.510172854721522672e-03
1.044270653508250604e+02 1.523529738106031619e-03
1.046773990225306363e+02 1.455089092586032713e-03
1.049204276548495613e+02 1.468568943623946516e-03
1.051759873011290125e+02 1.511229016126156401e-03
1.054365093046825450e+02 1.458348494469815506e-03
1.056812779263660644e+02 1.420588808770307208e-03
1.059216671610007836e+02 1.451025582689616927e-03
1.061817253779315138e+02 1.468979445450818841e-03
1.064472984065141361e+02 1.440874986019695554e-03
1.066878931986988448e+02 1.483224486433102566e-03
1.069237235335303069e+02 1.481960302330372807e-03
1.071893582885025324e+02 1.485383539612479976e-03
1.074587651720618169e+02 1.412202232374496153e-03
1.076880223775223442e+02 1.408371757513302578e-03
1.079186753960054830e+02 1.349256965157961648e-03
1.081957661089755618e+02 1.368700383795698385e-03
1.084728992869349469e+02 1.396392227791435877e-03
1.086840050691959334e+02 1.433845148534184733e-03
1.089115469838878454e+02 1.423277706651379692e-03
1.091980032290878881e+02 1.423199641865047216e-03
1.094827010994941219e+02 1.253671708337341295e-03
1.096996179211212450e+02 1.273866062375223493e-03
1.099150226759122972e+02 1.414833893952877108e-03
1.102018157095064055e+02 1.262022512588112811e-03
1.104880641847977643e+02 1.342423410656239839e-03
1.107158021237904535e+02 1.322421872043310015e-03
1.109133700566903116e+02 1.255090704149497763e-03
1.111863234501584117e+02 1.054329763886986335e-03
1.114399241273774095e+02 2.845777542819909245e-06
