3.559856489878782115e-01 4.176717309528861506e+02
6.031648866026231293e-01 2.421418389382301370e+02
8.579160745827347778e-01 1.763456232807217248e+02
1.113464310595710716e+00 1.269032871280621180e+02
1.374039914321364408e+00 1.191722526780068705e+02
1.619154704570298309e+00 9.199362652064591828e+01
1.870686673430271840e+00 9.144172984890514044e+01
2.123290040706380832e+00 7.798024349638836838e+01
2.378144976376236119e+00 7.042091306729606970e+01
2.630489925835516996e+00 5.920984688653138051e+01
2.878653162679494670e+00 6.020877776924621116e+01
3.131144366275339319e+00 5.094141011781874084e+01
3.388159578333816313e+00 4.635066221774889073e+01
3.638741848210948149e+00 4.275856272484738696e+01
3.888315910732085268e+00 3.871820971185344717e+01
4.139052155837465996e+00 3.641131675845340254e+01
4.390305777018236988e+00 3.247454803416148650e+01
4.642172339120373081e+00 3.011840921331613430e+01
4.894678666149941293e+00 2.842108653886347724e+01
5.147269052361176378e+00 2.582585944019722390e+01
5.398003206656323272e+00 2.298040663170785081e+01
5.647798235368590269e+00 2.140826607019974759e+01
5.900534302989873581e+00 2.060776542292922286e+01
6.151460297009074374e+00 1.918461780836008046e+01
6.402630176204441526e+00 1.793911050139709928e+01
6.655964674748322096e+00 1.722619033877716532e+01
6.908782583105771202e+00 1.670077061717145739e+01
7.159060853508338873e+00 1.552714995963168576e+01
7.409414762591408632e+00 1.464124591112391371e+01
7.659227149364629561e+00 1.423450255039541723e+01
7.911559474606142395e+00 1.332024403587144334e+01
8.163750941790897997e+00 1.246400982479591768e+01
8.415757210439384295e+00 1.181126617062810702e+01
8.667638839289207198e+00 1.128683990875716603e+01
8.918801124864609520e+00 1.066169457006724919e+01
9.170480108345369530e+00 1.028367997691822566e+01
9.420566033467249412e+00 9.846187622139195739e+00
9.671642335271435797e+00 9.407733965337177651e+00
9.923426157758477473e+00 8.847625089173451585e+00
1.017396902749181820e+01 8.568134450523364976e+00
1.042533700753922155e+01 8.086365923063196348e+00
1.067702948358784276e+01 7.750809779298853286e+00
1.092969337256462303e+01 7.500948825349494697e+00
1.118211872033766419e+01 7.129510780868300479e+00
1.143346516925797296e+01 6.751439728940864526e+00
1.168350508557724687e+01 6.429501354892033227e+00
1.193379937775929100e+01 6.100336215137647677e+00
1.218553055762879112e+01 5.914958683241022364e+00
1.243711650801278878e+01 5.668430950250241018e+00
1.268867268647359303e+01 5.385595661316683547e+00
1.294075027177769144e+01 5.275170893912527248e+00
1.319267287020158363e+01 5.014629657698780107e+00
1.344470571782862756e+01 4.885877882594247268e+00
1.369480150283709641e+01 4.635757161146830896e+00
1.394591277066507828e+01 4.469072189561993369e+00
1.419764645764527167e+01 4.278959194716992265e+00
1.444766774168416212e+01 4.116374347970249481e+00
1.469906835825429070e+01 3.994605510560630623e+00
1.495059118111036511e+01 3.851065252434378028e+00
1.520261612590052991e+01 3.730976892408544465e+00
1.545415944503929495e+01 3.570467434669553519e+00
1.570456072545780124e+01 3.451452204241115762e+00
1.595705800128773966e+01 3.309265174487230787e+00
1.620829297830731619e+01 3.234964711922802660e+00
1.645966591028190962e+01 3.109434104916538377e+00
1.671125708846596325e+01 2.991849879713150973e+00
1.696160259490052624e+01 2.907626992944272182e+00
1.721370276108077135e+01 2.803011333685597517e+00
1.746543424102250341e+01 2.721961670314797299e+00
1.771598473288305442e+01 2.636808198029349626e+00
1.796653767411944003e+01 2.558267608955336225e+00
1.821765658501893270e+01 2.486579039099626964e+00
1.847053788120423334e+01 2.410592347446425254e+00
1.872257696809484173e+01 2.331194115423860236e+00
1.897394097105746269e+01 2.278019575202619329e+00
1.922542454726159988e+01 2.184690526856331250e+00
1.947607703355479103e+01 2.153037517071827889e+00
1.972678839839982601e+01 2.078877996215128032e+00
1.997802698857814363e+01 2.002447566493544162e+00
2.022863620534168660e+01 1.950993866110373398e+00
2.047969598507238231e+01 1.893149175593228595e+00
2.073250439107362553e+01 1.826736347139037431e+00
2.098435855211640089e+01 1.781697809535860211e+00
2.123502923393334640e+01 1.736615558104943613e+00
2.148629411178690773e+01 1.695027189861123329e+00
2.173831825513516591e+01 1.650076333722964694e+00
2.198972260956887226e+01 1.598432243945131948e+00
2.223974971000711420e+01 1.575822286698317587e+00
2.249141870643862973e+01 1.506059668835665555e+00
2.274404614890906373e+01 1.469258092239053015e+00
2.299521835768831579e+01 1.434474110539817326e+00
2.324620084136223852e+01 1.393918533646717250e+00
2.349757798664387209e+01 1.356913640894345185e+00
2.374870488118759937e+01 1.313626280252789824e+00
2.399988781917473091e+01 1.286030498429610258e+00
2.425071646049711305e+01 1.250741407361229962e+00
2.450187830577813841e+01 1.207415658746415321e+00
2.475391093216606109e+01 1.171315507519669730e+00
2.500524226975159792e+01 1.150562148911632887e+00
2.525610980153284402e+01 1.114239288091562363e+00
2.550801425092822328e+01 1.092951783968804769e+00
2.575943113325822864e+01 1.062100418154728221e+00
2.601074166866445125e+01 1.028180957165754306e+00
2.626234447079615464e+01 9.973146616718920887e-01
2.651347712943701751e+01 9.709813443598782623e-01
2.676474177984877656e+01 9.468577727213709494e-01
2.701628079430242479e+01 9.276231421470269023e-01
2.726734205837282232e+01 8.977207782694944793e-01
2.751837013544679422e+01 8.803758856165458946e-01
2.776937726815812724e+01 8.578844138666740227e-01
2.802070160973895341e+01 8.351987678831587214e-01
2.827249982643487058e+01 8.206746156658689673e-01
2.852407603869968966e+01 8.034068394337330332e-01
2.877567300468570721e+01 7.780633959465290683e-01
2.902733523039245256e+01 7.587213425529921729e-01
2.927861073083739996e+01 7.374042283014098365e-01
2.953003196193969160e+01 7.199104031942752391e-01
2.978106336846375157e+01 7.051140183320082633e-01
3.003148440777084716e+01 6.854006531347567321e-01
3.028303386126418673e+01 6.661612223086714746e-01
3.053456493440382857e+01 6.477815142230940459e-01
3.078585183944906944e+01 6.356140295538497131e-01
3.103757946070165730e+01 6.135817837464468960e-01
3.128931656795834826e+01 5.997750252278154504e-01
3.154125974608096428e+01 5.880901957043800365e-01
3.179158626791808828e+01 5.751832877807196986e-01
3.204196438636942190e+01 5.599278808885792547e-01
3.229345624690945016e+01 5.498995046704426848e-01
3.254491795349546379e+01 5.345759733470927255e-01
3.279661199584414533e+01 5.226600929085019054e-01
3.304781054557115993e+01 5.082905805220367945e-01
3.329958828032162188e+01 4.954318038399561086e-01
3.355183723684311303e+01 4.856360881651675121e-01
3.380253855881218072e+01 4.730093167804269028e-01
3.405313147025059095e+01 4.614421131225941997e-01
3.430479305560803738e+01 4.523852279109005781e-01
3.455623390824965924e+01 4.415745452002016180e-01
3.480735498195039668e+01 4.296957134588541005e-01
3.505856438430107858e+01 4.203581258808030685e-01
3.531001549359893943e+01 4.109715517343320301e-01
3.556133107357548084e+01 4.019610387056912204e-01
3.581233698845250757e+01 3.921860906071328312e-01
3.606382608666838507e+01 3.833970985768623829e-01
3.631533331237931606e+01 3.740172092967871675e-01
3.656697642527945646e+01 3.653298241486457876e-01
3.681852327087045751e+01 3.559132849387099395e-01
3.706973766105884494e+01 3.488561087964285878e-01
3.732129678941971207e+01 3.392159922312946163e-01
3.757306314229551703e+01 3.335056768676094019e-01
3.782389924159279104e+01 3.254676349560423065e-01
3.807464007418068519e+01 3.182753981764567253e-01
3.832565302212735503e+01 3.125035233566774706e-01
3.857740378043642693e+01 3.053047518040013508e-01
3.882942253427300017e+01 2.962671303736044703e-01
3.908032307380011616e+01 2.900508856775014244e-01
3.933129330145365543e+01 2.821909171325021615e-01
3.958227876786669697e+01 2.758700063935886626e-01
3.983382520768443413e+01 2.703961094501777240e-01
4.008544842975349098e+01 2.635066559529544161e-01
4.033619301340542052e+01 2.586827416410853453e-01
4.058776599344974301e+01 2.514091804695677279e-01
4.083970221749189022e+01 2.473581038505906493e-01
4.109095921749577940e+01 2.411098261199720871e-01
4.134236727584069371e+01 2.361333694413639273e-01
4.159390229570379915e+01 2.311094014662089247e-01
4.184507899773220174e+01 2.254758685747347557e-01
4.209613747244114279e+01 2.212767486475372136e-01
4.234722818606434913e+01 2.157691568548144867e-01
4.259857332263157303e+01 2.111891439476191734e-01
4.285027109763341713e+01 2.068245931878629484e-01
4.310176195204312677e+01 2.021862213374641115e-01
4.335299280752174411e+01 1.973369795775842539e-01
4.360432095771267313e+01 1.928056158387006780e-01
4.385558663826572712e+01 1.895107326099536305e-01
4.410724528235365938e+01 1.842259537618040066e-01
4.435852190379520010e+01 1.810641267456599979e-01
4.460901713855037087e+01 1.769946599538392285e-01
4.486008510459071630e+01 1.733347346603920092e-01
4.511170295299168487e+01 1.689240617607236927e-01
4.536358210673532199e+01 1.653654406077099959e-01
4.561456198601624124e+01 1.622034990827894985e-01
4.586556721283918137e+01 1.581732100796341411e-01
4.611769651966599781e+01 1.546062372642218741e-01
4.636915627004315610e+01 1.505228862177790394e-01
4.662034887549072693e+01 1.478373365218738633e-01
4.687172305024841279e+01 1.441833355350629620e-01
4.712349745478636009e+01 1.406423596167997447e-01
4.737470617006108142e+01 1.375753967870629868e-01
4.762538569197067062e+01 1.352549201694023262e-01
4.787648835337603259e+01 1.322840082771919445e-01
4.812806309416585293e+01 1.286111960544949195e-01
4.837947377766823820e+01 1.258112920298776194e-01
4.863055608299239907e+01 1.234441443212982575e-01
4.888199020684587026e+01 1.206356510645423957e-01
4.913362466485948232e+01 1.176378813344256813e-01
4.938531946307731602e+01 1.151588528763380637e-01
4.963608988707425596e+01 1.131344108360334416e-01
4.988699356578750610e+01 1.102648758477323271e-01
5.013861839733769443e+01 1.081101692579632678e-01
5.038999807568713862e+01 1.055469902408552874e-01
5.064128572509015669e+01 1.034709084060495693e-01
5.089265153888026560e+01 1.011278850314786953e-01
5.114416620234485578e+01 9.955124700534814797e-02
5.139546355734375993e+01 9.721118296940454984e-02
5.164701680266333028e+01 9.478146538013770828e-02
5.189862905495089507e+01 9.270586430627998642e-02
5.214967308047777550e+01 9.099649117047116376e-02
5.240069291691047226e+01 8.886513416944004373e-02
5.265205790651547346e+01 8.691122551296018295e-02
5.290347041453212995e+01 8.527400323855424680e-02
5.315461969811498477e+01 8.319267171867497646e-02
5.340579219818222612e+01 8.148996052376060450e-02
5.365762065089100474e+01 7.994104045564329186e-02
5.390923473668377852e+01 7.802575313502670140e-02
5.416006359979510876e+01 7.608081068750346954e-02
5.441130437191114311e+01 7.474455923399198065e-02
5.466262745830391623e+01 7.327365137296000530e-02
5.491405993929731011e+01 7.179950945662469386e-02
5.516541491717607215e+01 7.033322067190476978e-02
5.541638268596229011e+01 6.886817653158265606e-02
5.566794564877197615e+01 6.731990430804767056e-02
5.591937805757883950e+01 6.602757505406717242e-02
5.617071533636728020e+01 6.445134907642746658e-02
5.642219117939477258e+01 6.335705672383767917e-02
5.667351334189861944e+01 6.219524953004373219e-02
5.692472708748548627e+01 6.086015385827115570e-02
5.717591204656960002e+01 5.956859300450221412e-02
5.742747687291149106e+01 5.819875868183522344e-02
5.767908487077198032e+01 5.724155023534471809e-02
5.793014671413330063e+01 5.612580000380001238e-02
5.818129395888691135e+01 5.519001647312776759e-02
5.843277276607519610e+01 5.371412256034590466e-02
5.868441457608106049e+01 5.276462390530202440e-02
5.893571635795849062e+01 5.189343514782952804e-02
5.918679860974395979e+01 5.072288479556988361e-02
5.943824578411374659e+01 4.984287179477875362e-02
5.968934443052460637e+01 4.878034486119819935e-02
5.994009881519919958e+01 4.796246220765858909e-02
6.019143008204730450e+01 4.710207030688547125e-02
6.044303967578304793e+01 4.618388830618824076e-02
6.069446539940648933e+01 4.529694466042984147e-02
6.094594283876522667e+01 4.461731423193936868e-02
6.119752142863568878e+01 4.362442853358362155e-02
6.144920707655568037e+01 4.292459956537390126e-02
6.170042875117553649e+01 4.209022438208912670e-02
6.195135852331920745e+01 4.152808167570675585e-02
6.220292279118605450e+01 4.070874132493825653e-02
6.245429299708936099e+01 4.005228024254232216e-02
6.270516484212564734e+01 3.933930671628779741e-02
6.295654789617530156e+01 3.875681496129276121e-02
6.320814180923495940e+01 3.805467412191089471e-02
6.345941573738152641e+01 3.756005499230329059e-02
6.371040057052023542e+01 3.694579482901724776e-02
6.396185745578683424e+01 3.637805775179373674e-02
6.421368546549915379e+01 3.598291664819455032e-02
6.446479073454199238e+01 3.518697019197770948e-02
6.471588673409551973e+01 3.443115011075187359e-02
6.496730834160189261e+01 3.383284379284931531e-02
6.521856319783852030e+01 3.315937622795536027e-02
6.546992987326736113e+01 3.251482510635266693e-02
6.572120553073852989e+01 3.180496157998312368e-02
6.597232322532917692e+01 3.115919101389829499e-02
6.622368994537650622e+01 3.056013092188306426e-02
6.647513103932683975e+01 2.991568526200228881e-02
6.672672959741110787e+01 2.933066496037161144e-02
6.697798244417811020e+01 2.876130315720788408e-02
6.722885542524284119e+01 2.815258609767493092e-02
6.748048616955249202e+01 2.757782921871141171e-02
6.773229923195737001e+01 2.697796717609030753e-02
6.798322572139460362e+01 2.638359445935813119e-02
6.823447173775937813e+01 2.586336426749686127e-02
6.848606896751729778e+01 2.536880470381621538e-02
6.873741544680683546e+01 2.473990353587097665e-02
6.898873787744179253e+01 2.412265883342376918e-02
6.923979673744193519e+01 2.366211667171418467e-02
6.949145441276264989e+01 2.318841814210254731e-02
6.974265210301840057e+01 2.278852216888120966e-02
6.999344031108012132e+01 2.228962861324131420e-02
7.024493114765583357e+01 2.180166157145884548e-02
7.049642464225027538e+01 2.135756118732736950e-02
7.074774315836204153e+01 2.088109919414236557e-02
7.099906993548422918e+01 2.048288443363837502e-02
7.125054486425644029e+01 2.007100617148796506e-02
7.150182990423201090e+01 1.961704855456571084e-02
7.175309169194970593e+01 1.923109438547942682e-02
7.200430886966613286e+01 1.882835296286806612e-02
7.225563655627148307e+01 1.850821981368941382e-02
7.250698057097335436e+01 1.812098603864579355e-02
7.275814540940223196e+01 1.771446424205359513e-02
7.300954011634642882e+01 1.740515630454375628e-02
7.326094744803241099e+01 1.703819814707880839e-02
7.351241635922633577e+01 1.667810646771156549e-02
7.376385704484314942e+01 1.633601792185772339e-02
7.401507686011912313e+01 1.602565976816169510e-02
7.426642983754513239e+01 1.564152353495550443e-02
7.451774392350500875e+01 1.533228186441536189e-02
7.476888196695857403e+01 1.496332045920136834e-02
7.502031254291918572e+01 1.476288430359243460e-02
7.527179980263341008e+01 1.439675774901407607e-02
7.552311252549999665e+01 1.415977735930567041e-02
7.577409780062980360e+01 1.385789727359401299e-02
7.602551875404107307e+01 1.358063746345044426e-02
7.627713348914349467e+01 1.334948765725613509e-02
7.652808863434110265e+01 1.306230466329834708e-02
7.677928937816385258e+01 1.284490580582650643e-02
7.703080422988723797e+01 1.259066049938994437e-02
7.728259641407451852e+01 1.236004590379792545e-02
7.753362846048165125e+01 1.211955873397410448e-02
7.778433144503740948e+01 1.186621205741034135e-02
7.803587445609785789e+01 1.167599570987594253e-02
7.828752478929132508e+01 1.145945413844407824e-02
7.853900368295268208e+01 1.121387899403698991e-02
7.879021312407734001e+01 1.098601182955789672e-02
7.904165509986182769e+01 1.082379210290330442e-02
7.929330413459700821e+01 1.063498368813654490e-02
7.954446877222407863e+01 1.040053660485501866e-02
7.979551714753698377e+01 1.018044532143965765e-02
8.004692165377868207e+01 9.987751368814318936e-03
8.029810489950233432e+01 9.838425108071936417e-03
8.054908874480256031e+01 9.606242239739787997e-03
8.080044321541014085e+01 9.494701276174046661e-03
8.105216211323228492e+01 9.289238669566645193e-03
8.130349433109076074e+01 9.089748683334007359e-03
8.155444015076058406e+01 8.932850734327014985e-03
8.180579598042007206e+01 8.727181724798209819e-03
8.205747345046690100e+01 8.614635219496923069e-03
8.230895288137371324e+01 8.435657346620970692e-03
8.256017853616197044e+01 8.317166760800475539e-03
8.281171136842024794e+01 8.176274624539710614e-03
8.306338874103768433e+01 8.034221053340279486e-03
8.331416972271263433e+01 7.878953389649867231e-03
8.356490365514949303e+01 7.705425630759894090e-03
8.381669207113579034e+01 7.605828972832403417e-03
8.406812178552961257e+01 7.480948173674698172e-03
8.431890933464019611e+01 7.356380813112080308e-03
8.457023187027826339e+01 7.186915233666414660e-03
8.482151559398789686e+01 7.074211615073860288e-03
8.507283003168710422e+01 6.968168393839452648e-03
8.532426808165841692e+01 6.862331012615659545e-03
8.557600476924378086e+01 6.742944161310587131e-03
8.582757594343893004e+01 6.645232759313206977e-03
8.607831587296919906e+01 6.557986374626853868e-03
8.632961333877408094e+01 6.475144656302510120e-03
8.658121923681562748e+01 6.347344523587265114e-03
8.683268673150530503e+01 6.225228389161181763e-03
8.708396519721972595e+01 6.135776926854683185e-03
8.733506961066505880e+01 6.028288289973326303e-03
8.758618105842411694e+01 5.930952515471491632e-03
8.783752567351578477e+01 5.796325821342841571e-03
8.808868914679788986e+01 5.764845358698823460e-03
8.833994003395393690e+01 5.645637333784150717e-03
8.859174898584991809e+01 5.528951260071885733e-03
8.884303273375222432e+01 5.432134094418315969e-03
8.909352487970716084e+01 5.339379935721269566e-03
8.934511690540148265e+01 5.225001124371238953e-03
8.959715158813172309e+01 5.141206921653981160e-03
8.984803368908821142e+01 5.101559147643203521e-03
9.009924288814356430e+01 4.975353598790217130e-03
9.035039732041329330e+01 4.828045804547255633e-03
9.060151066709157419e+01 4.701762946785259523e-03
9.085215645777752513e+01 4.613907346883797285e-03
9.110358912880106175e+01 4.492634174208563064e-03
9.135593221689693166e+01 4.410635092912606851e-03
9.160680049007517312e+01 4.310739862016375011e-03
9.185814296072571494e+01 4.227010395134954066e-03
9.211014914083067140e+01 4.148495261516720913e-03
9.236133039430572467e+01 4.051284848464970639e-03
9.261226961967061300e+01 3.945604244510435461e-03
9.286339612223196127e+01 3.866727117793000539e-03
9.311503395193372512e+01 3.780516544043492806e-03
9.336621751977830286e+01 3.720321847860295385e-03
9.361677474844866254e+01 3.662205488808670164e-03
9.386828402731896404e+01 3.603920109493982497e-03
9.412013166396859276e+01 3.519220543536007856e-03
9.437159577797395116e+01 3.449462241943462154e-03
9.462215507964623384e+01 3.362908734930198686e-03
9.487303142853234306e+01 3.308578762502970439e-03
9.512563612801736213e+01 3.237295993809619511e-03
9.537712370347337298e+01 3.190620506257877981e-03
9.562770329733204733e+01 3.122752216845360584e-03
9.587952553542562839e+01 3.057935639245642438e-03
9.613214193709879396e+01 2.999824238011485848e-03
9.638292294616348954e+01 2.934916601799375611e-03
9.663323205539920480e+01 2.885370320496376782e-03
9.688575427051634392e+01 2.820506422086361490e-03
9.713720230214802598e+01 2.784737809606298471e-03
9.738711075112470894e+01 2.767977606247209576e-03
9.763880850310884796e+01 2.705170289502156853e-03
9.789195925073893534e+01 2.659673420162560545e-03
9.814276473823834124e+01 2.625488174180046295e-03
9.839200152577470249e+01 2.556742953470455670e-03
9.864436939619000100e+01 2.533961969531745191e-03
9.889657229158518703e+01 2.482339284369431288e-03
9.914654206758739008e+01 2.455439760789847152e-03
9.939737265117041431e+01 2.424271277880482925e-03
9.964971324453516388e+01 2.382898453183921426e-03
9.990221505033474614e+01 2.342177541161747766e-03
1.001521516083068519e+02 2.303433676070814479e-03
1.004020181344354228e+02 2.289454544272723907e-03
1.006555261342845853e+02 2.266737887034650598e-03
1.009078779715744503e+02 2.217491685342723798e-03
1.011564847190979037e+02 2.206400033550691593e-03
1.014077980390921851e+02 2.158795105452826837e-03
1.016621206036857075e+02 2.172192910568469890e-03
1.019133439536030323e+02 2.128535379365957894e-03
1.021611090492770160e+02 2.098650508718017879e-03
1.024134287982906386e+02 2.074882889106590984e-03
1.026689526987222933e+02 2.050965855689958640e-03
1.029179005362147450e+02 2.017554659849951117e-03
1.031645010122565509e+02 2.003338608053648138e-03
1.034190198448752227e+02 1.991937677985464693e-03
1.036740078018821123e+02 1.991281288816042824e-03
1.039223728592707516e+02 1.954837409153784272e-03
1.041718863957155321e+02 1.899675669974746012e-03
1.044269799004653407e+02 1.862514115607239937e-03
1.046773133673284093e+02 1.869650952142368466e-03
1.049203418007823814e+02 1.847523323176871119e-03
1.051759012379430231e+02 1.848753950370315285e-03
1.054364230283171651e+02 1.811376573373645613e-03
1.056811914497119176e+02 1.815520022825669894e-03
1.059215804876414495e+02 1.757504880880846358e-03
1.061816384917722758e+02 1.748586440254410075e-03
1.064472113030423515e+02 1.665565543340411436e-03
1.066878058983536732e+02 1.687869273045933347e-03
1.069236360402103827e+02 1.670380207416740205e-03
1.071892705778195563e+02 1.718214149986917443e-03
1.074586772409291342e+02 1.651221223317855986e-03
1.076879342587935611e+02 1.705015810631272007e-03
1.079185870885384446e+02 1.658172749945876958e-03
1.081956775747713095e+02 1.663771191263147984e-03
1.084728105259587352e+02 1.700777844387538510e-03
1.086839161354765366e+02 1.682448807193865801e-03
1.089114578639759117e+02 1.693734921676161081e-03
1.091979138747751392e+02 1.695714635613036888e-03
1.094826115122194068e+02 1.639910349875815018e-03
1.096995281563482934e+02 1.610059808121994075e-03
1.099149327348783771e+02 1.672207299921919538e-03
1.102017255337961075e+02 1.608574962913424762e-03
1.104879737748566555e+02 1.702591401925787834e-03
1.107157115274964241e+02 2.227730368024390291e-03
1.109132792987308136e+02 1.746896048095482627e-03
1.111862324688471801e+02 2.597831059777148174e-03
1.114398329385503388e+02 5.265425481643812517e-04
