3.559856489878782115e-01 4.176644028884705335e+02
6.031648866026231293e-01 2.421530105939830264e+02
8.579160745827347778e-01 1.763277025073948607e+02
1.113464310595710716e+00 1.268566895932080598e+02
1.374039914321364408e+00 1.190938684880592859e+02
1.619154704570298309e+00 9.197727100572168979e+01
1.870686673430271840e+00 9.144442063399532117e+01
2.123290040706380832e+00 7.803098363113777225e+01
2.378144976376236119e+00 7.047332060464937342e+01
2.630489925835516996e+00 5.929177034668228430e+01
2.878653162679494670e+00 6.040234365377635584e+01
3.131144366275339319e+00 5.111236080992217978e+01
3.388159578333816313e+00 4.651200854205397661e+01
3.638741848210948149e+00 4.297158663730203187e+01
3.888315910732085268e+00 3.898843396330059363e+01
4.139052155837465996e+00 3.670320700570405847e+01
4.390305777018236988e+00 3.273417983140492282e+01
4.642172339120373081e+00 3.039270846398595083e+01
4.894678666149941293e+00 2.874776722017857722e+01
5.147269052361176378e+00 2.615552360390583786e+01
5.398003206656323272e+00 2.329039871649319338e+01
5.647798235368590269e+00 2.170226339377864733e+01
5.900534302989873581e+00 2.093341570685777953e+01
6.151460297009074374e+00 1.948331941247186094e+01
6.402630176204441526e+00 1.825025486716665668e+01
6.655964674748322096e+00 1.753999669383690474e+01
6.908782583105771202e+00 1.702484775004303330e+01
7.159060853508338873e+00 1.586459752125924005e+01
7.409414762591408632e+00 1.500613757800743109e+01
7.659227149364629561e+00 1.459488056142440726e+01
7.911559474606142395e+00 1.367801650811878034e+01
8.163750941790897997e+00 1.280885205627050460e+01
8.415757210439384295e+00 1.215225664004234396e+01
8.667638839289207198e+00 1.162732325736762995e+01
8.918801124864609520e+00 1.098287859110809705e+01
9.170480108345369530e+00 1.060953455478457030e+01
9.420566033467249412e+00 1.015192760928594851e+01
9.671642335271435797e+00 9.707366561575700104e+00
9.923426157758477473e+00 9.143159961638835043e+00
1.017396902749181820e+01 8.871126807748130005e+00
1.042533700753922155e+01 8.376889763977779069e+00
1.067702948358784276e+01 8.036081912718024967e+00
1.092969337256462303e+01 7.780649736701168884e+00
1.118211872033766419e+01 7.426590712319955934e+00
1.143346516925797296e+01 7.049970722811158552e+00
1.168350508557724687e+01 6.734949994187924283e+00
1.193379937775929100e+01 6.398571377662386261e+00
1.218553055762879112e+01 6.233488634011552065e+00
1.243711650801278878e+01 6.002823829111346932e+00
1.268867268647359303e+01 5.706378003040724955e+00
1.294075027177769144e+01 5.606974360200104535e+00
1.319267287020158363e+01 5.343904372209859588e+00
1.344470571782862756e+01 5.232188871656457962e+00
1.369480150283709641e+01 4.992997692107658203e+00
1.394591277066507828e+01 4.827699170578123145e+00
1.419764645764527167e+01 4.656543166631069930e+00
1.444766774168416212e+01 4.482612929552559855e+00
1.469906835825429070e+01 4.371817894409628202e+00
1.495059118111036511e+01 4.221586234080107580e+00
1.520261612590052991e+01 4.104834947600290995e+00
1.545415944503929495e+01 3.943565847392970003e+00
1.570456072545780124e+01 3.822358035134301613e+00
1.595705800128773966e+01 3.670261393585803056e+00
1.620829297830731619e+01 3.595145762385040911e+00
1.645966591028190962e+01 3.460779107573459967e+00
1.671125708846596325e+01 3.344290796553804679e+00
1.696160259490052624e+01 3.255906435644350783e+00
1.721370276108077135e+01 3.149654372329434349e+00
1.746543424102250341e+01 3.062191725979320100e+00
1.771598473288305442e+01 2.976349406041757018e+00
1.796653767411944003e+01 2.896027971853025740e+00
1.821765658501893270e+01 2.824949291723462874e+00
1.847053788120423334e+01 2.757816731112381792e+00
1.872257696809484173e+01 2.678491640052547140e+00
1.897394097105746269e+01 2.625471255050645603e+00
1.922542454726159988e+01 2.529337127010561570e+00
1.947607703355479103e+01 2.495396999798284110e+00
1.972678839839982601e+01 2.421938301628997703e+00
1.997802698857814363e+01 2.349475766017289136e+00
2.022863620534168660e+01 2.303469112610814218e+00
2.047969598507238231e+01 2.238388810367248904e+00
2.073250439107362553e+01 2.175564797594423450e+00
2.098435855211640089e+01 2.128253071477831160e+00
2.123502923393334640e+01 2.088170940082754612e+00
2.148629411178690773e+01 2.047002463485434465e+00
2.173831825513516591e+01 2.008058574592938239e+00
2.198972260956887226e+01 1.958428068771460140e+00
2.223974971000711420e+01 1.937049177751567042e+00
2.249141870643862973e+01 1.862729972220202201e+00
2.274404614890906373e+01 1.829151826727593022e+00
2.299521835768831579e+01 1.789325297039717988e+00
2.324620084136223852e+01 1.749763631085942128e+00
2.349757798664387209e+01 1.710111714173673692e+00
2.374870488118759937e+01 1.662349125123228966e+00
2.399988781917473091e+01 1.632178495580584476e+00
2.425071646049711305e+01 1.593107859554919514e+00
2.450187830577813841e+01 1.549241694884036402e+00
2.475391093216606109e+01 1.508258929908357082e+00
2.500524226975159792e+01 1.487781238742910350e+00
2.525610980153284402e+01 1.447210874308851869e+00
2.550801425092822328e+01 1.427995090684824664e+00
2.575943113325822864e+01 1.395750274139080149e+00
2.601074166866445125e+01 1.357414594785495643e+00
2.626234447079615464e+01 1.326569965370364645e+00
2.651347712943701751e+01 1.292823329739044347e+00
2.676474177984877656e+01 1.266898871019764838e+00
2.701628079430242479e+01 1.246699238439322954e+00
2.726734205837282232e+01 1.212350589802476897e+00
2.751837013544679422e+01 1.195790848506894655e+00
2.776937726815812724e+01 1.175848620695252755e+00
2.802070160973895341e+01 1.148450813539195536e+00
2.827249982643487058e+01 1.131738661427221126e+00
2.852407603869968966e+01 1.114072674386161532e+00
2.877567300468570721e+01 1.085317453588437120e+00
2.902733523039245256e+01 1.064509753330958874e+00
2.927861073083739996e+01 1.040922181684291958e+00
2.953003196193969160e+01 1.019705393006342442e+00
2.978106336846375157e+01 1.006062148594341732e+00
3.003148440777084716e+01 9.829534474928143251e-01
3.028303386126418673e+01 9.651422956467755609e-01
3.053456493440382857e+01 9.440592526094585546e-01
3.078585183944906944e+01 9.331919885291121153e-01
3.103757946070165730e+01 9.088575413269084358e-01
3.128931656795834826e+01 8.927957421007954864e-01
3.154125974608096428e+01 8.801863297548488951e-01
3.179158626791808828e+01 8.646662890939896817e-01
3.204196438636942190e+01 8.484409264690158103e-01
3.229345624690945016e+01 8.363396704026121453e-01
3.254491795349546379e+01 8.212269145606058141e-01
3.279661199584414533e+01 8.090501080736066664e-01
3.304781054557115993e+01 7.902675654897105550e-01
3.329958828032162188e+01 7.742135380630195129e-01
3.355183723684311303e+01 7.658286507577277691e-01
3.380253855881218072e+01 7.507249734554981568e-01
3.405313147025059095e+01 7.384673247464866863e-01
3.430479305560803738e+01 7.276553774461659296e-01
3.455623390824965924e+01 7.158137835617840450e-01
3.480735498195039668e+01 7.008237882198048441e-01
3.505856438430107858e+01 6.897550550075343123e-01
3.531001549359893943e+01 6.808906668871591572e-01
3.556133107357548084e+01 6.666714613068619455e-01
3.581233698845250757e+01 6.554215515518984070e-01
3.606382608666838507e+01 6.469313274765179367e-01
3.631533331237931606e+01 6.366674264464786681e-01
3.656697642527945646e+01 6.262862418459750335e-01
3.681852327087045751e+01 6.141386953807329574e-01
3.706973766105884494e+01 6.070159291995971262e-01
3.732129678941971207e+01 5.937743472048171434e-01
3.757306314229551703e+01 5.892519738039296850e-01
3.782389924159279104e+01 5.788616607230999689e-01
3.807464007418068519e+01 5.697947498454338788e-01
3.832565302212735503e+01 5.638322911758517630e-01
3.857740378043642693e+01 5.553219746076532015e-01
3.882942253427300017e+01 5.434057858999332691e-01
3.908032307380011616e+01 5.368896871937820503e-01
3.933129330145365543e+01 5.266469076994111376e-01
3.958227876786669697e+01 5.199675309891005348e-01
3.983382520768443413e+01 5.146740239630904767e-01
4.008544842975349098e+01 5.053262407808393197e-01
4.033619301340542052e+01 4.991733619266038313e-01
4.058776599344974301e+01 4.913656579502053701e-01
4.083970221749189022e+01 4.857696989166190860e-01
4.109095921749577940e+01 4.774370388189901893e-01
4.134236727584069371e+01 4.717223408116608674e-01
4.159390229570379915e+01 4.658960167595899149e-01
4.184507899773220174e+01 4.592920975885834700e-01
4.209613747244114279e+01 4.534831321069950349e-01
4.234722818606434913e+01 4.454614233092824005e-01
4.259857332263157303e+01 4.399437362331533596e-01
4.285027109763341713e+01 4.349007191705983599e-01
4.310176195204312677e+01 4.295247165303494596e-01
4.335299280752174411e+01 4.226040498038456383e-01
4.360432095771267313e+01 4.178603072114979722e-01
4.385558663826572712e+01 4.138050344326946184e-01
4.410724528235365938e+01 4.051359064509802432e-01
4.435852190379520010e+01 4.022882039047372404e-01
4.460901713855037087e+01 3.980741199270166342e-01
4.486008510459071630e+01 3.934700111206424489e-01
4.511170295299168487e+01 3.873664549637531040e-01
4.536358210673532199e+01 3.830568339389496813e-01
4.561456198601624124e+01 3.794347238180042492e-01
4.586556721283918137e+01 3.743057566252903090e-01
4.611769651966599781e+01 3.703944262726184267e-01
4.636915627004315610e+01 3.646172594157977564e-01
4.662034887549072693e+01 3.612995686741364287e-01
4.687172305024841279e+01 3.566365020942251496e-01
4.712349745478636009e+01 3.510972519644793288e-01
4.737470617006108142e+01 3.472316840673189686e-01
4.762538569197067062e+01 3.441349520177210408e-01
4.787648835337603259e+01 3.402513174906540150e-01
4.812806309416585293e+01 3.345877346407426511e-01
4.837947377766823820e+01 3.305450559782526776e-01
4.863055608299239907e+01 3.279852180041424314e-01
4.888199020684587026e+01 3.238571518235644486e-01
4.913362466485948232e+01 3.185424880551147586e-01
4.938531946307731602e+01 3.140885448299982063e-01
4.963608988707425596e+01 3.112518911706756986e-01
4.988699356578750610e+01 3.068304019783684722e-01
5.013861839733769443e+01 3.020376885909126785e-01
5.038999807568713862e+01 2.992614621940115627e-01
5.064128572509015669e+01 2.960871252719435853e-01
5.089265153888026560e+01 2.930993150061174668e-01
5.114416620234485578e+01 2.904144689358632014e-01
5.139546355734375993e+01 2.877110878388744464e-01
5.164701680266333028e+01 2.833619132514000327e-01
5.189862905495089507e+01 2.808606715296382839e-01
5.214967308047777550e+01 2.787751749915577393e-01
5.240069291691047226e+01 2.755228941370881923e-01
5.265205790651547346e+01 2.727815039469372316e-01
5.290347041453212995e+01 2.700398994756805782e-01
5.315461969811498477e+01 2.669676828589666595e-01
5.340579219818222612e+01 2.633804827885881661e-01
5.365762065089100474e+01 2.619334307316185106e-01
5.390923473668377852e+01 2.591619199881889379e-01
5.416006359979510876e+01 2.552531808715414186e-01
5.441130437191114311e+01 2.543580019770651512e-01
5.466262745830391623e+01 2.520270034064418518e-01
5.491405993929731011e+01 2.503148550277651818e-01
5.516541491717607215e+01 2.479555136534891679e-01
5.541638268596229011e+01 2.453198869415323669e-01
5.566794564877197615e+01 2.432181507859251801e-01
5.591937805757883950e+01 2.415889434284358983e-01
5.617071533636728020e+01 2.380796862920360191e-01
5.642219117939477258e+01 2.380569501200856253e-01
5.667351334189861944e+01 2.363196734284539191e-01
5.692472708748548627e+01 2.340600343896144797e-01
5.717591204656960002e+01 2.313223718903481552e-01
5.742747687291149106e+01 2.292606211700332353e-01
5.767908487077198032e+01 2.279230161163032231e-01
5.793014671413330063e+01 2.265177766386796687e-01
5.818129395888691135e+01 2.245923229548945910e-01
5.843277276607519610e+01 2.221807091889104191e-01
5.868441457608106049e+01 2.210607024400403908e-01
5.893571635795849062e+01 2.199322415397655661e-01
5.918679860974395979e+01 2.188430000468734316e-01
5.943824578411374659e+01 2.176904065488682871e-01
5.968934443052460637e+01 2.159988543371834380e-01
5.994009881519919958e+01 2.150207953134698757e-01
6.019143008204730450e+01 2.143804769344000993e-01
6.044303967578304793e+01 2.123812178103058890e-01
6.069446539940648933e+01 2.111551689993016456e-01
6.094594283876522667e+01 2.106514269020792751e-01
6.119752142863568878e+01 2.085237869294560009e-01
6.144920707655568037e+01 2.080079410005251372e-01
6.170042875117553649e+01 2.073181488129087757e-01
6.195135852331920745e+01 2.066856086688203531e-01
6.220292279118605450e+01 2.060433445332880142e-01
6.245429299708936099e+01 2.059192118815622585e-01
6.270516484212564734e+01 2.047536850786459139e-01
6.295654789617530156e+01 2.047066742238260739e-01
6.320814180923495940e+01 2.042404004611397539e-01
6.345941573738152641e+01 2.042664851204048504e-01
6.371040057052023542e+01 2.035364046882078282e-01
6.396185745578683424e+01 2.036129831381912891e-01
6.421368546549915379e+01 2.042135165254013174e-01
6.446479073454199238e+01 2.023428812161949808e-01
6.471588673409551973e+01 2.006063215991833737e-01
6.496730834160189261e+01 2.002010506379679478e-01
6.521856319783852030e+01 1.987732293689883079e-01
6.546992987326736113e+01 1.968442864650155055e-01
6.572120553073852989e+01 1.951986219009239076e-01
6.597232322532917692e+01 1.939867064309631350e-01
6.622368994537650622e+01 1.927796475855912406e-01
6.647513103932683975e+01 1.914758061511056819e-01
6.672672959741110787e+01 1.897969090271293124e-01
6.697798244417811020e+01 1.880988789942836803e-01
6.722885542524284119e+01 1.871113081903215958e-01
6.748048616955249202e+01 1.861986576119056269e-01
6.773229923195737001e+01 1.846445739691223442e-01
6.798322572139460362e+01 1.832571121355659194e-01
6.823447173775937813e+01 1.822887530809136902e-01
6.848606896751729778e+01 1.813050308330154403e-01
6.873741544680683546e+01 1.797782476834461074e-01
6.898873787744179253e+01 1.781536747289979294e-01
6.923979673744193519e+01 1.771400802497341553e-01
6.949145441276264989e+01 1.760217439030608844e-01
6.974265210301840057e+01 1.755806006607459058e-01
6.999344031108012132e+01 1.740149652448158557e-01
7.024493114765583357e+01 1.728999568550572408e-01
7.049642464225027538e+01 1.719000436364619411e-01
7.074774315836204153e+01 1.702781564887472510e-01
7.099906993548422918e+01 1.699746333017251310e-01
7.125054486425644029e+01 1.687481664347161292e-01
7.150182990423201090e+01 1.677872122335082872e-01
7.175309169194970593e+01 1.671043425957977335e-01
7.200430886966613286e+01 1.660026733802361931e-01
7.225563655627148307e+01 1.657033372531932502e-01
7.250698057097335436e+01 1.643822991888539697e-01
7.275814540940223196e+01 1.636277082875216560e-01
7.300954011634642882e+01 1.634309999758854215e-01
7.326094744803241099e+01 1.627475595479813408e-01
7.351241635922633577e+01 1.618759611032385137e-01
7.376385704484314942e+01 1.609654692882252769e-01
7.401507686011912313e+01 1.605085779361693776e-01
7.426642983754513239e+01 1.593238823027690043e-01
7.451774392350500875e+01 1.591517825521838736e-01
7.476888196695857403e+01 1.581588804666599624e-01
7.502031254291918572e+01 1.581426229283534046e-01
7.527179980263341008e+01 1.571003841730247153e-01
7.552311252549999665e+01 1.566031977323384672e-01
7.577409780062980360e+01 1.561553540311196309e-01
7.602551875404107307e+01 1.554677563434235799e-01
7.627713348914349467e+01 1.552140021657138491e-01
7.652808863434110265e+01 1.543710475731774334e-01
7.677928937816385258e+01 1.539628374278326495e-01
7.703080422988723797e+01 1.536285502234497613e-01
7.728259641407451852e+01 1.530830386810940191e-01
7.753362846048165125e+01 1.522496518412484179e-01
7.778433144503740948e+01 1.517632463915512542e-01
7.803587445609785789e+01 1.518211883269280082e-01
7.828752478929132508e+01 1.512099689841622241e-01
7.853900368295268208e+01 1.506113440300070050e-01
7.879021312407734001e+01 1.501479721588682148e-01
7.904165509986182769e+01 1.504185216152006954e-01
7.929330413459700821e+01 1.501364476169059214e-01
7.954446877222407863e+01 1.494981960247940556e-01
7.979551714753698377e+01 1.490239583963767211e-01
8.004692165377868207e+01 1.483882242598038304e-01
8.029810489950233432e+01 1.481208025873904655e-01
8.054908874480256031e+01 1.474134937227345454e-01
8.080044321541014085e+01 1.476460251677042812e-01
8.105216211323228492e+01 1.471714092994354794e-01
8.130349433109076074e+01 1.469467790722634726e-01
8.155444015076058406e+01 1.470293624981418301e-01
8.180579598042007206e+01 1.460570553899604163e-01
8.205747345046690100e+01 1.462073874016855679e-01
8.230895288137371324e+01 1.468216674076290307e-01
8.256017853616197044e+01 1.465764755789807916e-01
8.281171136842024794e+01 1.467762921969201495e-01
8.306338874103768433e+01 1.472327235431851733e-01
8.331416972271263433e+01 1.466199020634008088e-01
8.356490365514949303e+01 1.461107980403329731e-01
8.381669207113579034e+01 1.468938700219127591e-01
8.406812178552961257e+01 1.469280637324974492e-01
8.431890933464019611e+01 1.475665487912115603e-01
8.457023187027826339e+01 1.467986511872135247e-01
8.482151559398789686e+01 1.476083752304112040e-01
8.507283003168710422e+01 1.476674308014314374e-01
8.532426808165841692e+01 1.483821227990398672e-01
8.557600476924378086e+01 1.479767949436327223e-01
8.582757594343893004e+01 1.482552303191305154e-01
8.607831587296919906e+01 1.488654637675573822e-01
8.632961333877408094e+01 1.498766290488746100e-01
8.658121923681562748e+01 1.491544694458004361e-01
8.683268673150530503e+01 1.496981475888814195e-01
8.708396519721972595e+01 1.503939829170808651e-01
8.733506961066505880e+01 1.495517468593999533e-01
8.758618105842411694e+01 1.506700174337599896e-01
8.783752567351578477e+01 1.503711437361153203e-01
8.808868914679788986e+01 1.517111605418454134e-01
8.833994003395393690e+01 1.508217508597563261e-01
8.859174898584991809e+01 1.520144586047563195e-01
8.884303273375222432e+01 1.524864649515594861e-01
8.909352487970716084e+01 1.529742328614615288e-01
8.934511690540148265e+01 1.516389223809961884e-01
8.959715158813172309e+01 1.523074270727511337e-01
8.984803368908821142e+01 1.540401137233714524e-01
9.009924288814356430e+01 1.531604346100462755e-01
9.035039732041329330e+01 1.522295697673873016e-01
9.060151066709157419e+01 1.514660124247644846e-01
9.085215645777752513e+01 1.506813937091960875e-01
9.110358912880106175e+01 1.503044784754138385e-01
9.135593221689693166e+01 1.500060293349338991e-01
9.160680049007517312e+01 1.486216132059381689e-01
9.185814296072571494e+01 1.483397242906456526e-01
9.211014914083067140e+01 1.489591134930696725e-01
9.236133039430572467e+01 1.477589785859283189e-01
9.261226961967061300e+01 1.470667801479459136e-01
9.286339612223196127e+01 1.472794748875862481e-01
9.311503395193372512e+01 1.462615496479389154e-01
9.336621751977830286e+01 1.472597702012451160e-01
9.361677474844866254e+01 1.461469669569608332e-01
9.386828402731896404e+01 1.467155947051049791e-01
9.412013166396859276e+01 1.472420336883557557e-01
9.437159577797395116e+01 1.474081525633768597e-01
9.462215507964623384e+01 1.477511156292664884e-01
9.487303142853234306e+01 1.481307485252882084e-01
9.512563612801736213e+01 1.482065725467532347e-01
9.537712370347337298e+01 1.482447628504668657e-01
9.562770329733204733e+01 1.490870316438778209e-01
9.587952553542562839e+01 1.480358157154059995e-01
9.613214193709879396e+01 1.470374274808859127e-01
9.638292294616348954e+01 1.480060823490672306e-01
9.663323205539920480e+01 1.468455712143441616e-01
9.688575427051634392e+01 1.472053969292761999e-01
9.713720230214802598e+01 1.477754782992580784e-01
9.738711075112470894e+01 1.488139524565173510e-01
9.763880850310884796e+01 1.481241450169962781e-01
9.789195925073893534e+01 1.484273728013838223e-01
9.814276473823834124e+01 1.494502209834031037e-01
9.839200152577470249e+01 1.491604425373627141e-01
9.864436939619000100e+01 1.502823543128133932e-01
9.889657229158518703e+01 1.519160092207869350e-01
9.914654206758739008e+01 1.524886316718148671e-01
9.939737265117041431e+01 1.530272917710224778e-01
9.964971324453516388e+01 1.534210537495913906e-01
9.990221505033474614e+01 1.562118173776989860e-01
1.001521516083068519e+02 1.564424384048680727e-01
1.004020181344354228e+02 1.591524223062378285e-01
1.006555261342845853e+02 1.612961744928034236e-01
1.009078779715744503e+02 1.621897647077051308e-01
1.011564847190979037e+02 1.636479273103280119e-01
1.014077980390921851e+02 1.641251581030859219e-01
1.016621206036857075e+02 1.689938661979915047e-01
1.019133439536030323e+02 1.687481846883180647e-01
1.021611090492770160e+02 1.723165598765461770e-01
1.024134287982906386e+02 1.725790480741147270e-01
1.026689526987222933e+02 1.734950236298708204e-01
1.029179005362147450e+02 1.753669206411085368e-01
1.031645010122565509e+02 1.796598933300016521e-01
1.034190198448752227e+02 1.810928945316657712e-01
1.036740078018821123e+02 1.835079761518224328e-01
1.039223728592707516e+02 1.865074902371528787e-01
1.041718863957155321e+02 1.851683965949484645e-01
1.044269799004653407e+02 1.837993545050218835e-01
1.046773133673284093e+02 1.899482224781797735e-01
1.049203418007823814e+02 1.950879148538404440e-01
1.051759012379430231e+02 2.009309176346356085e-01
1.054364230283171651e+02 2.027280015503343524e-01
1.056811914497119176e+02 2.083592850796481266e-01
1.059215804876414495e+02 2.093970829463056293e-01
1.061816384917722758e+02 2.074712058263785130e-01
1.064472113030423515e+02 2.127904201312921517e-01
1.066878058983536732e+02 2.241239395698632897e-01
1.069236360402103827e+02 2.263014215836622600e-01
1.071892705778195563e+02 2.255108832444731037e-01
1.074586772409291342e+02 2.227946783289934396e-01
1.076879342587935611e+02 2.416243852725168395e-01
1.079185870885384446e+02 2.447853044930143329e-01
1.081956775747713095e+02 2.469909517037812141e-01
1.084728105259587352e+02 2.601605290617056698e-01
1.086839161354765366e+02 2.512255243962148721e-01
1.089114578639759117e+02 2.574134695907836501e-01
1.091979138747751392e+02 2.765250998025293172e-01
1.094826115122194068e+02 2.792101543712714462e-01
1.096995281563482934e+02 2.926226478790618923e-01
1.099149327348783771e+02 2.964164916855817622e-01
1.102017255337961075e+02 3.064251752146778807e-01
1.104879737748566555e+02 2.974161316827085288e-01
1.107157115274964241e+02 3.309028011213425158e-01
1.109132792987308136e+02 2.240572114149831373e-01
1.111862324688471801e+02 2.178370460281135457e-01
1.114398329385503388e+02 8.177911753259076155e-02
