3.559856489878782115e-01 4.188000297868929351e+02
6.031648866026231293e-01 2.418543978290388736e+02
8.579160745827347778e-01 1.772102035785796659e+02
1.113464310595710716e+00 1.274187502146609177e+02
1.374039914321364408e+00 1.197301213013341368e+02
1.619154704570298309e+00 9.275389076655686438e+01
1.870686673430271840e+00 9.204523732823913917e+01
2.123290040706380832e+00 7.832300232361255610e+01
2.378144976376236119e+00 7.078850697868267616e+01
2.630489925835516996e+00 5.978006804570520671e+01
2.878653162679494670e+00 6.083073578306736806e+01
3.131144366275339319e+00 5.135865424252646960e+01
3.388159578333816313e+00 4.631650924808585046e+01
3.638741848210948149e+00 4.276091829612651907e+01
3.888315910732085268e+00 3.871603375874145314e+01
4.139052155837465996e+00 3.634776001210973106e+01
4.390305777018236988e+00 3.248937876312734119e+01
4.642172339120373081e+00 3.007483568026915322e+01
4.894678666149941293e+00 2.819154710489631910e+01
5.147269052361176378e+00 2.554042121706068613e+01
5.398003206656323272e+00 2.273023904242700866e+01
5.647798235368590269e+00 2.115570123447262674e+01
5.900534302989873581e+00 2.026082833773246961e+01
6.151460297009074374e+00 1.878054198779441109e+01
6.402630176204441526e+00 1.753212163461904538e+01
6.655964674748322096e+00 1.674554732259353784e+01
6.908782583105771202e+00 1.631621004596032520e+01
7.159060853508338873e+00 1.513956683965533578e+01
7.409414762591408632e+00 1.413391904517098752e+01
7.659227149364629561e+00 1.369387977456561423e+01
7.911559474606142395e+00 1.294167984488076506e+01
8.163750941790897997e+00 1.206400451156834563e+01
8.415757210439384295e+00 1.142975625295825282e+01
8.667638839289207198e+00 1.090725639139298586e+01
8.918801124864609520e+00 1.039594024463548116e+01
9.170480108345369530e+00 9.963092841139646438e+00
9.420566033467249412e+00 9.506926632132664423e+00
9.671642335271435797e+00 9.123930537096802240e+00
9.923426157758477473e+00 8.618063767986861023e+00
1.017396902749181820e+01 8.306456559688689012e+00
1.042533700753922155e+01 7.896501082112687975e+00
1.067702948358784276e+01 7.526648154815248404e+00
1.092969337256462303e+01 7.334012060229394336e+00
1.118211872033766419e+01 6.925852569247873625e+00
1.143346516925797296e+01 6.596734097562052312e+00
1.168350508557724687e+01 6.273097788709214306e+00
1.193379937775929100e+01 5.966663354521445584e+00
1.218553055762879112e+01 5.795064016074050528e+00
1.243711650801278878e+01 5.522307678855011837e+00
1.268867268647359303e+01 5.297211880315536803e+00
1.294075027177769144e+01 5.138944098326858168e+00
1.319267287020158363e+01 4.875495851447830375e+00
1.344470571782862756e+01 4.756981770263243980e+00
1.369480150283709641e+01 4.530249627872700913e+00
1.394591277066507828e+01 4.378702943373980361e+00
1.419764645764527167e+01 4.210008878037442948e+00
1.444766774168416212e+01 4.056990096423676917e+00
1.469906835825429070e+01 3.939773243373803524e+00
1.495059118111036511e+01 3.802919364923569301e+00
1.520261612590052991e+01 3.686721495077772470e+00
1.545415944503929495e+01 3.513993820720146655e+00
1.570456072545780124e+01 3.408069690821936781e+00
1.595705800128773966e+01 3.252402565356939057e+00
1.620829297830731619e+01 3.162845473640711447e+00
1.645966591028190962e+01 3.034851316074298921e+00
1.671125708846596325e+01 2.928247265176536107e+00
1.696160259490052624e+01 2.817640847344004218e+00
1.721370276108077135e+01 2.725514844868377473e+00
1.746543424102250341e+01 2.643043940913006651e+00
1.771598473288305442e+01 2.555832124131820482e+00
1.796653767411944003e+01 2.480102672438200706e+00
1.821765658501893270e+01 2.384446653762489543e+00
1.847053788120423334e+01 2.316048193997506388e+00
1.872257696809484173e+01 2.235162277604189729e+00
1.897394097105746269e+01 2.169494146312502814e+00
1.922542454726159988e+01 2.100112958400784713e+00
1.947607703355479103e+01 2.063200232104630327e+00
1.972678839839982601e+01 1.982431826387709650e+00
1.997802698857814363e+01 1.912862566204203363e+00
2.022863620534168660e+01 1.870046889355012842e+00
2.047969598507238231e+01 1.810832427576306580e+00
2.073250439107362553e+01 1.748716395854754913e+00
2.098435855211640089e+01 1.717510640045909920e+00
2.123502923393334640e+01 1.671216255120707261e+00
2.148629411178690773e+01 1.625043062832924656e+00
2.173831825513516591e+01 1.582949261119926065e+00
2.198972260956887226e+01 1.531936900514428990e+00
2.223974971000711420e+01 1.516817965891823272e+00
2.249141870643862973e+01 1.443778657455697001e+00
2.274404614890906373e+01 1.408320743931079422e+00
2.299521835768831579e+01 1.376123551932938449e+00
2.324620084136223852e+01 1.329202692072276371e+00
2.349757798664387209e+01 1.290812938029989976e+00
2.374870488118759937e+01 1.251474604609818853e+00
2.399988781917473091e+01 1.226331226242273198e+00
2.425071646049711305e+01 1.195548972528871046e+00
2.450187830577813841e+01 1.158836873628293240e+00
2.475391093216606109e+01 1.123038222599597846e+00
2.500524226975159792e+01 1.097241735602221713e+00
2.525610980153284402e+01 1.065111143431837881e+00
2.550801425092822328e+01 1.046497388690391883e+00
2.575943113325822864e+01 1.022631589547252640e+00
2.601074166866445125e+01 9.906748736694414026e-01
2.626234447079615464e+01 9.658794418432968820e-01
2.651347712943701751e+01 9.392265756692197431e-01
2.676474177984877656e+01 9.158213376076599355e-01
2.701628079430242479e+01 8.939952086303188938e-01
2.726734205837282232e+01 8.635969524402180575e-01
2.751837013544679422e+01 8.467508835558026359e-01
2.776937726815812724e+01 8.279573427085822335e-01
2.802070160973895341e+01 8.077932139981189863e-01
2.827249982643487058e+01 7.922564051661257212e-01
2.852407603869968966e+01 7.747969417663149727e-01
2.877567300468570721e+01 7.456404639943020607e-01
2.902733523039245256e+01 7.313101168122217999e-01
2.927861073083739996e+01 7.126370574369069733e-01
2.953003196193969160e+01 6.984001266937958086e-01
2.978106336846375157e+01 6.836132899050844092e-01
3.003148440777084716e+01 6.643463271459577602e-01
3.028303386126418673e+01 6.504479708551185180e-01
3.053456493440382857e+01 6.351047312029507452e-01
3.078585183944906944e+01 6.215387724354143328e-01
3.103757946070165730e+01 6.034532642151370085e-01
3.128931656795834826e+01 5.861241320127914545e-01
3.154125974608096428e+01 5.773085883824271569e-01
3.179158626791808828e+01 5.656681958891403017e-01
3.204196438636942190e+01 5.524688294830542024e-01
3.229345624690945016e+01 5.393448531786467770e-01
3.254491795349546379e+01 5.251538066766082702e-01
3.279661199584414533e+01 5.143873750168247438e-01
3.304781054557115993e+01 5.006934355815235715e-01
3.329958828032162188e+01 4.879464054808277940e-01
3.355183723684311303e+01 4.763245463133047308e-01
3.380253855881218072e+01 4.686110607403078387e-01
3.405313147025059095e+01 4.555843098551275450e-01
3.430479305560803738e+01 4.432852194038239269e-01
3.455623390824965924e+01 4.363365064446804720e-01
3.480735498195039668e+01 4.250940296053241085e-01
3.505856438430107858e+01 4.157353787733873984e-01
3.531001549359893943e+01 4.049814141203573747e-01
3.556133107357548084e+01 3.963862011756913994e-01
3.581233698845250757e+01 3.860836805806475147e-01
3.606382608666838507e+01 3.774685734534179438e-01
3.631533331237931606e+01 3.683103665660392156e-01
3.656697642527945646e+01 3.608637640391218482e-01
3.681852327087045751e+01 3.521617553719008642e-01
3.706973766105884494e+01 3.444030313826896839e-01
3.732129678941971207e+01 3.371663218196955802e-01
3.757306314229551703e+01 3.310431441080222137e-01
3.782389924159279104e+01 3.216638393449616773e-01
3.807464007418068519e+01 3.159240741274446651e-01
3.832565302212735503e+01 3.095113635116311657e-01
3.857740378043642693e+01 3.033162834754299375e-01
3.882942253427300017e+01 2.949469012119506628e-01
3.908032307380011616e+01 2.886432205584134603e-01
3.933129330145365543e+01 2.819250843898637449e-01
3.958227876786669697e+01 2.766093908264822265e-01
3.983382520768443413e+01 2.701248483917685905e-01
4.008544842975349098e+01 2.649440528558392183e-01
4.033619301340542052e+01 2.596209059077376757e-01
4.058776599344974301e+01 2.530760316792477482e-01
4.083970221749189022e+01 2.471265736743484820e-01
4.109095921749577940e+01 2.413169516955477600e-01
4.134236727584069371e+01 2.366826882650177322e-01
4.159390229570379915e+01 2.316546512138591696e-01
4.184507899773220174e+01 2.278020938492656411e-01
4.209613747244114279e+01 2.213810258646592699e-01
4.234722818606434913e+01 2.168076689509985944e-01
4.259857332263157303e+01 2.116711841431560548e-01
4.285027109763341713e+01 2.072311228803139782e-01
4.310176195204312677e+01 2.029420853383880896e-01
4.335299280752174411e+01 1.981020260390718990e-01
4.360432095771267313e+01 1.933122206649034169e-01
4.385558663826572712e+01 1.896643217366088263e-01
4.410724528235365938e+01 1.854314283746822112e-01
4.435852190379520010e+01 1.817101665019111578e-01
4.460901713855037087e+01 1.773247831933977003e-01
4.486008510459071630e+01 1.738742266075511134e-01
4.511170295299168487e+01 1.693283960706161440e-01
4.536358210673532199e+01 1.668944305268372785e-01
4.561456198601624124e+01 1.629388927143813337e-01
4.586556721283918137e+01 1.589509743481847814e-01
4.611769651966599781e+01 1.558206116811742259e-01
4.636915627004315610e+01 1.524858502900107715e-01
4.662034887549072693e+01 1.492255704852878395e-01
4.687172305024841279e+01 1.451226477291854000e-01
4.712349745478636009e+01 1.421496361931602059e-01
4.737470617006108142e+01 1.393473462064483692e-01
4.762538569197067062e+01 1.357256596461310361e-01
4.787648835337603259e+01 1.322817287184923363e-01
4.812806309416585293e+01 1.291106277891784504e-01
4.837947377766823820e+01 1.265754290344534017e-01
4.863055608299239907e+01 1.240411533173224889e-01
4.888199020684587026e+01 1.209255234768592674e-01
4.913362466485948232e+01 1.185627471419614526e-01
4.938531946307731602e+01 1.159932042607984548e-01
4.963608988707425596e+01 1.135019657072065397e-01
4.988699356578750610e+01 1.106781215047590167e-01
5.013861839733769443e+01 1.084422206246497544e-01
5.038999807568713862e+01 1.062209013209612779e-01
5.064128572509015669e+01 1.036337125811911952e-01
5.089265153888026560e+01 1.012877486814865308e-01
5.114416620234485578e+01 9.928787442357529802e-02
5.139546355734375993e+01 9.700124541457570693e-02
5.164701680266333028e+01 9.477322898010080710e-02
5.189862905495089507e+01 9.301007131281779916e-02
5.214967308047777550e+01 9.113260633552588974e-02
5.240069291691047226e+01 8.888316336208965107e-02
5.265205790651547346e+01 8.687516689596906649e-02
5.290347041453212995e+01 8.507089815505120001e-02
5.315461969811498477e+01 8.333977715393907360e-02
5.340579219818222612e+01 8.171759524697196075e-02
5.365762065089100474e+01 8.024482899047914730e-02
5.390923473668377852e+01 7.829499406253932758e-02
5.416006359979510876e+01 7.633789920999951850e-02
5.441130437191114311e+01 7.499542082858985659e-02
5.466262745830391623e+01 7.337911081757676757e-02
5.491405993929731011e+01 7.192955544309112548e-02
5.516541491717607215e+01 7.062190356490823107e-02
5.541638268596229011e+01 6.908366586882130900e-02
5.566794564877197615e+01 6.754978059918484434e-02
5.591937805757883950e+01 6.632663005736962047e-02
5.617071533636728020e+01 6.493474046750885575e-02
5.642219117939477258e+01 6.353519990934852757e-02
5.667351334189861944e+01 6.245016734148467474e-02
5.692472708748548627e+01 6.101817344553486094e-02
5.717591204656960002e+01 5.989139099837314378e-02
5.742747687291149106e+01 5.852686673424675051e-02
5.767908487077198032e+01 5.734594561499830462e-02
5.793014671413330063e+01 5.633007997452515320e-02
5.818129395888691135e+01 5.515368475252388492e-02
5.843277276607519610e+01 5.398371821664716547e-02
5.868441457608106049e+01 5.303815195127523086e-02
5.893571635795849062e+01 5.210363635585828213e-02
5.918679860974395979e+01 5.099544655422857953e-02
5.943824578411374659e+01 4.992322121997752604e-02
5.968934443052460637e+01 4.904927719260154112e-02
5.994009881519919958e+01 4.812751137595230877e-02
6.019143008204730450e+01 4.740940619803134942e-02
6.044303967578304793e+01 4.657777953727069292e-02
6.069446539940648933e+01 4.560700165511264587e-02
6.094594283876522667e+01 4.474713743951920508e-02
6.119752142863568878e+01 4.407523298096878428e-02
6.144920707655568037e+01 4.320790624217325793e-02
6.170042875117553649e+01 4.256452902442302982e-02
6.195135852331920745e+01 4.179735637998080455e-02
6.220292279118605450e+01 4.103713428070349806e-02
6.245429299708936099e+01 4.034669547594085109e-02
6.270516484212564734e+01 3.958324896632953172e-02
6.295654789617530156e+01 3.905452594543659672e-02
6.320814180923495940e+01 3.847969625714037917e-02
6.345941573738152641e+01 3.785643449693471690e-02
6.371040057052023542e+01 3.717987689386382383e-02
6.396185745578683424e+01 3.669073176492786137e-02
6.421368546549915379e+01 3.614739241883182380e-02
6.446479073454199238e+01 3.566713335057491302e-02
6.471588673409551973e+01 3.476669037895231684e-02
6.496730834160189261e+01 3.415786534109093581e-02
6.521856319783852030e+01 3.346770559066951367e-02
6.546992987326736113e+01 3.278621806163635466e-02
6.572120553073852989e+01 3.211440426394119446e-02
6.597232322532917692e+01 3.153098800737946100e-02
6.622368994537650622e+01 3.086807370580606918e-02
6.647513103932683975e+01 3.025969300237352569e-02
6.672672959741110787e+01 2.959689653848184346e-02
6.697798244417811020e+01 2.911175761862165590e-02
6.722885542524284119e+01 2.843082168872890572e-02
6.748048616955249202e+01 2.784325097564550530e-02
6.773229923195737001e+01 2.727818123435693173e-02
6.798322572139460362e+01 2.674569899826075361e-02
6.823447173775937813e+01 2.612343262933574869e-02
6.848606896751729778e+01 2.566025579165794046e-02
6.873741544680683546e+01 2.507788660693928071e-02
6.898873787744179253e+01 2.457618330127083958e-02
6.923979673744193519e+01 2.401850152875829869e-02
6.949145441276264989e+01 2.350716840847287201e-02
6.974265210301840057e+01 2.304027031658729269e-02
6.999344031108012132e+01 2.256692730251075654e-02
7.024493114765583357e+01 2.208652553795582493e-02
7.049642464225027538e+01 2.159036766582021760e-02
7.074774315836204153e+01 2.113851088809110337e-02
7.099906993548422918e+01 2.069174113792379699e-02
7.125054486425644029e+01 2.028289888793127771e-02
7.150182990423201090e+01 1.989591337849218669e-02
7.175309169194970593e+01 1.941935987658923238e-02
7.200430886966613286e+01 1.896915925388944005e-02
7.225563655627148307e+01 1.862961394675716545e-02
7.250698057097335436e+01 1.824090282889321776e-02
7.275814540940223196e+01 1.788043467041087325e-02
7.300954011634642882e+01 1.749786085390876017e-02
7.326094744803241099e+01 1.714356279408727965e-02
7.351241635922633577e+01 1.674518951566373801e-02
7.376385704484314942e+01 1.637266106226589746e-02
7.401507686011912313e+01 1.605116310633542334e-02
7.426642983754513239e+01 1.568277520664376409e-02
7.451774392350500875e+01 1.529946336527298820e-02
7.476888196695857403e+01 1.503446468154945662e-02
7.502031254291918572e+01 1.465216074329913666e-02
7.527179980263341008e+01 1.440545617225722982e-02
7.552311252549999665e+01 1.405250303068664858e-02
7.577409780062980360e+01 1.373863382187033230e-02
7.602551875404107307e+01 1.349439955241317143e-02
7.627713348914349467e+01 1.321513236012346673e-02
7.652808863434110265e+01 1.291868875130013951e-02
7.677928937816385258e+01 1.264565469926426031e-02
7.703080422988723797e+01 1.235960562644577813e-02
7.728259641407451852e+01 1.213584609974491593e-02
7.753362846048165125e+01 1.193022718434130595e-02
7.778433144503740948e+01 1.166496518814267788e-02
7.803587445609785789e+01 1.141326114174884276e-02
7.828752478929132508e+01 1.118346950622566525e-02
7.853900368295268208e+01 1.096547531855604669e-02
7.879021312407734001e+01 1.072730850016205897e-02
7.904165509986182769e+01 1.052909547893534498e-02
7.929330413459700821e+01 1.029932782726102232e-02
7.954446877222407863e+01 1.013165603214027759e-02
7.979551714753698377e+01 9.913023084658443423e-03
8.004692165377868207e+01 9.747589425456251039e-03
8.029810489950233432e+01 9.546903633189347121e-03
8.054908874480256031e+01 9.307554934850281389e-03
8.080044321541014085e+01 9.166788850137256098e-03
8.105216211323228492e+01 8.972067863296497026e-03
8.130349433109076074e+01 8.802578796017953081e-03
8.155444015076058406e+01 8.637183550756773187e-03
8.180579598042007206e+01 8.461192763059838598e-03
8.205747345046690100e+01 8.281457285054598730e-03
8.230895288137371324e+01 8.131180690805444103e-03
8.256017853616197044e+01 7.975872521132932116e-03
8.281171136842024794e+01 7.810007427555843915e-03
8.306338874103768433e+01 7.667368954941194623e-03
8.331416972271263433e+01 7.534189909233711922e-03
8.356490365514949303e+01 7.348336580467424578e-03
8.381669207113579034e+01 7.220106711147596980e-03
8.406812178552961257e+01 7.094637075091802560e-03
8.431890933464019611e+01 6.980130996961227303e-03
8.457023187027826339e+01 6.838304908275407920e-03
8.482151559398789686e+01 6.690310600257359970e-03
8.507283003168710422e+01 6.561674992616806437e-03
8.532426808165841692e+01 6.486622104521729860e-03
8.557600476924378086e+01 6.306708951669078890e-03
8.582757594343893004e+01 6.190636361767060981e-03
8.607831587296919906e+01 6.112381884291561915e-03
8.632961333877408094e+01 5.987611605088398979e-03
8.658121923681562748e+01 5.848871556493310045e-03
8.683268673150530503e+01 5.804799091493764197e-03
8.708396519721972595e+01 5.691505653139266110e-03
8.733506961066505880e+01 5.553251070827438032e-03
8.758618105842411694e+01 5.434561214078209232e-03
8.783752567351578477e+01 5.322721632494605178e-03
8.808868914679788986e+01 5.269781612056536821e-03
8.833994003395393690e+01 5.160196803703973739e-03
8.859174898584991809e+01 5.048574008146507024e-03
8.884303273375222432e+01 4.950622431178188648e-03
8.909352487970716084e+01 4.865847822033727080e-03
8.934511690540148265e+01 4.765601325917829569e-03
8.959715158813172309e+01 4.667702284289129699e-03
8.984803368908821142e+01 4.611683119035511584e-03
9.009924288814356430e+01 4.454624206967286969e-03
9.035039732041329330e+01 4.395239287282632148e-03
9.060151066709157419e+01 4.273779060718197083e-03
9.085215645777752513e+01 4.150457126834540891e-03
9.110358912880106175e+01 4.058455674810812139e-03
9.135593221689693166e+01 3.933263221458646770e-03
9.160680049007517312e+01 3.842661867386464557e-03
9.185814296072571494e+01 3.785607421263000906e-03
9.211014914083067140e+01 3.656442998157016441e-03
9.236133039430572467e+01 3.563882655186531318e-03
9.261226961967061300e+01 3.517736196772478126e-03
9.286339612223196127e+01 3.437740138011470634e-03
9.311503395193372512e+01 3.371144817507663958e-03
9.336621751977830286e+01 3.290593297196301500e-03
9.361677474844866254e+01 3.235285191668885695e-03
9.386828402731896404e+01 3.126366690444842139e-03
9.412013166396859276e+01 3.072663395257188741e-03
9.437159577797395116e+01 3.030806738503631984e-03
9.462215507964623384e+01 2.958493796216067010e-03
9.487303142853234306e+01 2.874729639119867619e-03
9.512563612801736213e+01 2.815862569242845274e-03
9.537712370347337298e+01 2.765289223072136485e-03
9.562770329733204733e+01 2.711439259316672252e-03
9.587952553542562839e+01 2.649823580874088782e-03
9.613214193709879396e+01 2.595567717859369183e-03
9.638292294616348954e+01 2.543839998459736327e-03
9.663323205539920480e+01 2.520643700737671376e-03
9.688575427051634392e+01 2.443539230853468934e-03
9.713720230214802598e+01 2.403080386719272637e-03
9.738711075112470894e+01 2.351209898632275735e-03
9.763880850310884796e+01 2.280313178484481493e-03
9.789195925073893534e+01 2.255927040461760263e-03
9.814276473823834124e+01 2.181397932541617995e-03
9.839200152577470249e+01 2.181330691260366644e-03
9.864436939619000100e+01 2.150490620793238557e-03
9.889657229158518703e+01 2.101377317145372656e-03
9.914654206758739008e+01 2.077468056762831698e-03
9.939737265117041431e+01 2.050829713985659764e-03
9.964971324453516388e+01 1.991566174148212513e-03
9.990221505033474614e+01 1.957664844294285979e-03
1.001521516083068519e+02 1.947397113668808974e-03
1.004020181344354228e+02 1.910034348825403148e-03
1.006555261342845853e+02 1.888440265737019539e-03
1.009078779715744503e+02 1.861338564929020806e-03
1.011564847190979037e+02 1.856828162265849232e-03
1.014077980390921851e+02 1.801343701710940610e-03
1.016621206036857075e+02 1.775470071847074860e-03
1.019133439536030323e+02 1.758047153158560482e-03
1.021611090492770160e+02 1.749106333987035565e-03
1.024134287982906386e+02 1.728865174536461241e-03
1.026689526987222933e+02 1.692748941552234612e-03
1.029179005362147450e+02 1.691871749621549469e-03
1.031645010122565509e+02 1.680572079726829491e-03
1.034190198448752227e+02 1.630649479601178507e-03
1.036740078018821123e+02 1.612533790351679264e-03
1.039223728592707516e+02 1.609851586530305478e-03
1.041718863957155321e+02 1.568482545406233147e-03
1.044269799004653407e+02 1.524256117733305618e-03
1.046773133673284093e+02 1.507938877123728367e-03
1.049203418007823814e+02 1.537874674271376852e-03
1.051759012379430231e+02 1.456343474255067643e-03
1.054364230283171651e+02 1.448298420408721931e-03
1.056811914497119176e+02 1.410782485919145164e-03
1.059215804876414495e+02 1.394035196371782833e-03
1.061816384917722758e+02 1.357002741241672807e-03
1.064472113030423515e+02 1.395650868969215827e-03
1.066878058983536732e+02 1.373593320959629526e-03
1.069236360402103827e+02 1.302926391231064513e-03
1.071892705778195563e+02 1.273983476675021086e-03
1.074586772409291342e+02 1.207103761209637376e-03
1.076879342587935611e+02 1.212194571486599568e-03
1.079185870885384446e+02 1.230898144475666691e-03
1.081956775747713095e+02 1.273009385394577872e-03
1.084728105259587352e+02 1.206092098665855622e-03
1.086839161354765366e+02 1.254786719718821572e-03
1.089114578639759117e+02 1.241075738596948046e-03
1.091979138747751392e+02 1.263092595525030495e-03
1.094826115122194068e+02 1.197443381832988697e-03
1.096995281563482934e+02 1.204744022261203945e-03
1.099149327348783771e+02 1.226810159921324500e-03
1.102017255337961075e+02 1.147719739429753057e-03
1.104879737748566555e+02 1.247838921878245862e-03
1.107157115274964241e+02 1.445442738085885069e-03
1.109132792987308136e+02 1.322546255323816091e-03
1.111862324688471801e+02 1.264583005738136642e-03
1.114398329385503388e+02 4.267753333119978648e-03
