3.559856489878782115e-01 4.187912699295910670e+02
6.031648866026231293e-01 2.418190768849046037e+02
8.579160745827347778e-01 1.771619721133511121e+02
1.113464310595710716e+00 1.273342388630518087e+02
1.374039914321364408e+00 1.195597503951769340e+02
1.619154704570298309e+00 9.252039720767913877e+01
1.870686673430271840e+00 9.181898475984800712e+01
2.123290040706380832e+00 7.810469645715035369e+01
2.378144976376236119e+00 7.048165247804470823e+01
2.630489925835516996e+00 5.939867020792899410e+01
2.878653162679494670e+00 6.036064588467537106e+01
3.131144366275339319e+00 5.094815664414902301e+01
3.388159578333816313e+00 4.579578810542368927e+01
3.638741848210948149e+00 4.219914838424268311e+01
3.888315910732085268e+00 3.805797292952660626e+01
4.139052155837465996e+00 3.564838592682910701e+01
4.390305777018236988e+00 3.180690009984123989e+01
4.642172339120373081e+00 2.939512512842400227e+01
4.894678666149941293e+00 2.754268955670497476e+01
5.147269052361176378e+00 2.480807947174261940e+01
5.398003206656323272e+00 2.207459883934867761e+01
5.647798235368590269e+00 2.052726198125931134e+01
5.900534302989873581e+00 1.960205020900874118e+01
6.151460297009074374e+00 1.813578598914785545e+01
6.402630176204441526e+00 1.687878266471396671e+01
6.655964674748322096e+00 1.612325964477008355e+01
6.908782583105771202e+00 1.570736519627051564e+01
7.159060853508338873e+00 1.457250548531060552e+01
7.409414762591408632e+00 1.355305197324666011e+01
7.659227149364629561e+00 1.309824777710419497e+01
7.911559474606142395e+00 1.237493628750289609e+01
8.163750941790897997e+00 1.151669413971156963e+01
8.415757210439384295e+00 1.090569004538951781e+01
8.667638839289207198e+00 1.040671113871865039e+01
8.918801124864609520e+00 9.905065419171647179e+00
9.170480108345369530e+00 9.451798244860706077e+00
9.420566033467249412e+00 9.001305814381264980e+00
9.671642335271435797e+00 8.619780414605797247e+00
9.923426157758477473e+00 8.112114897635759547e+00
1.017396902749181820e+01 7.803772241469658866e+00
1.042533700753922155e+01 7.436672250161115549e+00
1.067702948358784276e+01 7.062643714056606292e+00
1.092969337256462303e+01 6.882655825990603660e+00
1.118211872033766419e+01 6.498072910834530980e+00
1.143346516925797296e+01 6.183689241431039818e+00
1.168350508557724687e+01 5.868588634072791521e+00
1.193379937775929100e+01 5.575411079243046686e+00
1.218553055762879112e+01 5.413360526655048410e+00
1.243711650801278878e+01 5.144429649239566693e+00
1.268867268647359303e+01 4.933319062008626688e+00
1.294075027177769144e+01 4.778175833229756364e+00
1.319267287020158363e+01 4.523107252601914041e+00
1.344470571782862756e+01 4.411973801015205865e+00
1.369480150283709641e+01 4.207232791638240599e+00
1.394591277066507828e+01 4.056589036100780810e+00
1.419764645764527167e+01 3.889874551092614929e+00
1.444766774168416212e+01 3.737616611480814477e+00
1.469906835825429070e+01 3.614855364370034518e+00
1.495059118111036511e+01 3.469206711018937739e+00
1.520261612590052991e+01 3.376619036252565209e+00
1.545415944503929495e+01 3.209814322641654449e+00
1.570456072545780124e+01 3.105019194516766667e+00
1.595705800128773966e+01 2.956716474837379316e+00
1.620829297830731619e+01 2.867547649890743955e+00
1.645966591028190962e+01 2.750207176330770054e+00
1.671125708846596325e+01 2.639419694896125268e+00
1.696160259490052624e+01 2.532695694674395259e+00
1.721370276108077135e+01 2.445444821260203572e+00
1.746543424102250341e+01 2.364149840772130862e+00
1.771598473288305442e+01 2.280943680335477453e+00
1.796653767411944003e+01 2.210989448549259606e+00
1.821765658501893270e+01 2.121877877584739114e+00
1.847053788120423334e+01 2.051738561728270405e+00
1.872257696809484173e+01 1.977330391679999577e+00
1.897394097105746269e+01 1.917220178947348197e+00
1.922542454726159988e+01 1.845726881779024220e+00
1.947607703355479103e+01 1.812225047734967065e+00
1.972678839839982601e+01 1.740318625921685847e+00
1.997802698857814363e+01 1.670831602452945264e+00
2.022863620534168660e+01 1.633196174822099778e+00
2.047969598507238231e+01 1.580313883472728609e+00
2.073250439107362553e+01 1.519405149288557633e+00
2.098435855211640089e+01 1.488639671841446743e+00
2.123502923393334640e+01 1.439473879345632312e+00
2.148629411178690773e+01 1.396307720635781235e+00
2.173831825513516591e+01 1.354614771326648093e+00
2.198972260956887226e+01 1.306054902843927223e+00
2.223974971000711420e+01 1.290908403224302337e+00
2.249141870643862973e+01 1.230885777450553720e+00
2.274404614890906373e+01 1.197103381395852928e+00
2.299521835768831579e+01 1.166326669337385047e+00
2.324620084136223852e+01 1.125121061822448310e+00
2.349757798664387209e+01 1.089930512550285613e+00
2.374870488118759937e+01 1.052941227098860066e+00
2.399988781917473091e+01 1.030027511735873480e+00
2.425071646049711305e+01 1.002905504767129585e+00
2.450187830577813841e+01 9.699713316301474819e-01
2.475391093216606109e+01 9.381773369799435436e-01
2.500524226975159792e+01 9.120073621102270378e-01
2.525610980153284402e+01 8.841253983089307766e-01
2.550801425092822328e+01 8.656465674713555991e-01
2.575943113325822864e+01 8.439611148433163734e-01
2.601074166866445125e+01 8.158930106056367926e-01
2.626234447079615464e+01 7.915307740766416300e-01
2.651347712943701751e+01 7.680290207709667971e-01
2.676474177984877656e+01 7.455891947960174848e-01
2.701628079430242479e+01 7.262279167390236490e-01
2.726734205837282232e+01 7.009943541441134851e-01
2.751837013544679422e+01 6.842311152288875764e-01
2.776937726815812724e+01 6.665654422799746071e-01
2.802070160973895341e+01 6.467687832505744083e-01
2.827249982643487058e+01 6.328345880627411768e-01
2.852407603869968966e+01 6.169778074899734399e-01
2.877567300468570721e+01 5.962629981221195807e-01
2.902733523039245256e+01 5.825600067311730301e-01
2.927861073083739996e+01 5.625942825360082944e-01
2.953003196193969160e+01 5.498781406294285246e-01
2.978106336846375157e+01 5.349739766072407754e-01
3.003148440777084716e+01 5.194675215386440614e-01
3.028303386126418673e+01 5.056546012674331125e-01
3.053456493440382857e+01 4.925129439718478053e-01
3.078585183944906944e+01 4.781258511580505077e-01
3.103757946070165730e+01 4.631121563169435240e-01
3.128931656795834826e+01 4.485739919401464104e-01
3.154125974608096428e+01 4.397495740120094254e-01
3.179158626791808828e+01 4.291617090439803772e-01
3.204196438636942190e+01 4.165504453913616012e-01
3.229345624690945016e+01 4.063928360576314347e-01
3.254491795349546379e+01 3.935457877897232670e-01
3.279661199584414533e+01 3.838050713304755335e-01
3.304781054557115993e+01 3.723946466540909439e-01
3.329958828032162188e+01 3.608776327822505459e-01
3.355183723684311303e+01 3.511920332820328006e-01
3.380253855881218072e+01 3.439875292882062507e-01
3.405313147025059095e+01 3.333039639254211650e-01
3.430479305560803738e+01 3.242600375245198174e-01
3.455623390824965924e+01 3.177080904140090478e-01
3.480735498195039668e+01 3.082737611709736592e-01
3.505856438430107858e+01 3.004781972909237320e-01
3.531001549359893943e+01 2.917022742631372734e-01
3.556133107357548084e+01 2.856055072849450482e-01
3.581233698845250757e+01 2.766663060619246051e-01
3.606382608666838507e+01 2.695266810959380810e-01
3.631533331237931606e+01 2.620643456377525493e-01
3.656697642527945646e+01 2.555272987591564737e-01
3.681852327087045751e+01 2.486429087313450359e-01
3.706973766105884494e+01 2.419051420862574353e-01
3.732129678941971207e+01 2.353292323793797769e-01
3.757306314229551703e+01 2.301829548200663988e-01
3.782389924159279104e+01 2.238920163911302663e-01
3.807464007418068519e+01 2.185085070541479269e-01
3.832565302212735503e+01 2.130482865071252341e-01
3.857740378043642693e+01 2.077439642518482399e-01
3.882942253427300017e+01 2.017374528307921133e-01
3.908032307380011616e+01 1.960810159185853163e-01
3.933129330145365543e+01 1.912046240640264405e-01
3.958227876786669697e+01 1.861287378536591319e-01
3.983382520768443413e+01 1.813360208412028718e-01
4.008544842975349098e+01 1.765742120515122748e-01
4.033619301340542052e+01 1.725536233764204952e-01
4.058776599344974301e+01 1.674323132402141256e-01
4.083970221749189022e+01 1.626237627155427135e-01
4.109095921749577940e+01 1.577323268740066786e-01
4.134236727584069371e+01 1.538451373328461880e-01
4.159390229570379915e+01 1.495769176871612760e-01
4.184507899773220174e+01 1.466475727055292222e-01
4.209613747244114279e+01 1.419971371682876571e-01
4.234722818606434913e+01 1.384729508985770297e-01
4.259857332263157303e+01 1.348358991678710317e-01
4.285027109763341713e+01 1.310978951825765848e-01
4.310176195204312677e+01 1.280955204131250524e-01
4.335299280752174411e+01 1.244914832390668774e-01
4.360432095771267313e+01 1.213983020721191020e-01
4.385558663826572712e+01 1.184850853816876992e-01
4.410724528235365938e+01 1.153945710960759818e-01
4.435852190379520010e+01 1.122305139185865996e-01
4.460901713855037087e+01 1.092202991050609806e-01
4.486008510459071630e+01 1.064644001191936418e-01
4.511170295299168487e+01 1.033480938997173443e-01
4.536358210673532199e+01 1.009870376148208349e-01
4.561456198601624124e+01 9.829393770891732551e-02
4.586556721283918137e+01 9.596604965577024138e-02
4.611769651966599781e+01 9.345661763239559994e-02
4.636915627004315610e+01 9.097182036873989464e-02
4.662034887549072693e+01 8.889099093677392538e-02
4.687172305024841279e+01 8.630350143118692419e-02
4.712349745478636009e+01 8.416070694885725845e-02
4.737470617006108142e+01 8.209833884961185990e-02
4.762538569197067062e+01 8.000443867302652057e-02
4.787648835337603259e+01 7.777885309834996208e-02
4.812806309416585293e+01 7.550959160502387912e-02
4.837947377766823820e+01 7.366776451494137790e-02
4.863055608299239907e+01 7.205313563254840681e-02
4.888199020684587026e+01 7.024956983443529646e-02
4.913362466485948232e+01 6.861044132499538595e-02
4.938531946307731602e+01 6.677984945966178310e-02
4.963608988707425596e+01 6.533926813527322908e-02
4.988699356578750610e+01 6.346942613962544555e-02
5.013861839733769443e+01 6.186605232199095250e-02
5.038999807568713862e+01 6.058301782447143152e-02
5.064128572509015669e+01 5.908257350824236420e-02
5.089265153888026560e+01 5.757066913294307808e-02
5.114416620234485578e+01 5.605627829588021721e-02
5.139546355734375993e+01 5.455350427958478854e-02
5.164701680266333028e+01 5.330499794965733174e-02
5.189862905495089507e+01 5.208430584347550907e-02
5.214967308047777550e+01 5.088394802376461357e-02
5.240069291691047226e+01 4.955940029912375699e-02
5.265205790651547346e+01 4.831528376335356145e-02
5.290347041453212995e+01 4.709482768480266479e-02
5.315461969811498477e+01 4.588670167837938241e-02
5.340579219818222612e+01 4.485619179944258517e-02
5.365762065089100474e+01 4.393427563284727638e-02
5.390923473668377852e+01 4.270997514745372703e-02
5.416006359979510876e+01 4.144505027544024417e-02
5.441130437191114311e+01 4.053464094956454183e-02
5.466262745830391623e+01 3.953017059974569397e-02
5.491405993929731011e+01 3.863599880332530684e-02
5.516541491717607215e+01 3.767662401633278813e-02
5.541638268596229011e+01 3.665702004485970472e-02
5.566794564877197615e+01 3.583530617966722981e-02
5.591937805757883950e+01 3.498534643432069796e-02
5.617071533636728020e+01 3.411903740666332591e-02
5.642219117939477258e+01 3.326710131906134710e-02
5.667351334189861944e+01 3.262589532675846254e-02
5.692472708748548627e+01 3.175961223746921053e-02
5.717591204656960002e+01 3.104656626269750724e-02
5.742747687291149106e+01 3.021502887918351560e-02
5.767908487077198032e+01 2.960341257583860158e-02
5.793014671413330063e+01 2.892417542417568058e-02
5.818129395888691135e+01 2.820856623862432952e-02
5.843277276607519610e+01 2.751530066382294054e-02
5.868441457608106049e+01 2.694112603860129504e-02
5.893571635795849062e+01 2.633467761177563440e-02
5.918679860974395979e+01 2.566630067536367424e-02
5.943824578411374659e+01 2.509779961757749311e-02
5.968934443052460637e+01 2.452038116479419647e-02
5.994009881519919958e+01 2.397084321662425882e-02
6.019143008204730450e+01 2.345913890968733331e-02
6.044303967578304793e+01 2.295797644236364718e-02
6.069446539940648933e+01 2.245401270809542840e-02
6.094594283876522667e+01 2.196105747581942810e-02
6.119752142863568878e+01 2.157771351087779677e-02
6.144920707655568037e+01 2.110064489886806852e-02
6.170042875117553649e+01 2.070074729263857508e-02
6.195135852331920745e+01 2.028481682061959029e-02
6.220292279118605450e+01 1.985150982895581354e-02
6.245429299708936099e+01 1.951657907723766336e-02
6.270516484212564734e+01 1.908606071446589114e-02
6.295654789617530156e+01 1.874253580858346174e-02
6.320814180923495940e+01 1.842039716553742906e-02
6.345941573738152641e+01 1.807073218637054654e-02
6.371040057052023542e+01 1.767118385492596686e-02
6.396185745578683424e+01 1.738235492756884035e-02
6.421368546549915379e+01 1.708970904945048344e-02
6.446479073454199238e+01 1.676246575977193357e-02
6.471588673409551973e+01 1.631597606136818771e-02
6.496730834160189261e+01 1.596949939232573598e-02
6.521856319783852030e+01 1.569727656930984191e-02
6.546992987326736113e+01 1.528760688805422437e-02
6.572120553073852989e+01 1.492941401646483493e-02
6.597232322532917692e+01 1.461583253196403927e-02
6.622368994537650622e+01 1.425438077222512118e-02
6.647513103932683975e+01 1.398323795123869277e-02
6.672672959741110787e+01 1.364200142830026934e-02
6.697798244417811020e+01 1.338008136995364437e-02
6.722885542524284119e+01 1.302157413396645008e-02
6.748048616955249202e+01 1.275287274450209903e-02
6.773229923195737001e+01 1.242923449256178731e-02
6.798322572139460362e+01 1.215769452231445918e-02
6.823447173775937813e+01 1.187661661248489396e-02
6.848606896751729778e+01 1.161863670056009941e-02
6.873741544680683546e+01 1.131953009856505321e-02
6.898873787744179253e+01 1.110120912515552040e-02
6.923979673744193519e+01 1.084585888509989257e-02
6.949145441276264989e+01 1.057019349791499772e-02
6.974265210301840057e+01 1.033456327614732002e-02
6.999344031108012132e+01 1.008356148902934610e-02
7.024493114765583357e+01 9.858278174573732039e-03
7.049642464225027538e+01 9.592103011147856337e-03
7.074774315836204153e+01 9.389582148605522469e-03
7.099906993548422918e+01 9.181001327626486103e-03
7.125054486425644029e+01 8.956339406454181737e-03
7.150182990423201090e+01 8.788992691847467148e-03
7.175309169194970593e+01 8.584712200846547278e-03
7.200430886966613286e+01 8.384583583238717011e-03
7.225563655627148307e+01 8.191637330923958252e-03
7.250698057097335436e+01 7.974077433221295197e-03
7.275814540940223196e+01 7.832503826979074837e-03
7.300954011634642882e+01 7.662908286954090223e-03
7.326094744803241099e+01 7.485202822780457309e-03
7.351241635922633577e+01 7.323477876288059588e-03
7.376385704484314942e+01 7.161478261717139047e-03
7.401507686011912313e+01 7.002366394324215093e-03
7.426642983754513239e+01 6.857009857089349861e-03
7.451774392350500875e+01 6.690999460527299013e-03
7.476888196695857403e+01 6.567374181621084446e-03
7.502031254291918572e+01 6.414141923617409057e-03
7.527179980263341008e+01 6.276309907599223088e-03
7.552311252549999665e+01 6.142365168373497761e-03
7.577409780062980360e+01 6.002872419970601073e-03
7.602551875404107307e+01 5.874153289805002925e-03
7.627713348914349467e+01 5.752161096856429554e-03
7.652808863434110265e+01 5.600803910965192721e-03
7.677928937816385258e+01 5.510546543285383542e-03
7.703080422988723797e+01 5.367141297438393112e-03
7.728259641407451852e+01 5.254576159784984241e-03
7.753362846048165125e+01 5.155195160733097408e-03
7.778433144503740948e+01 5.016190880044198337e-03
7.803587445609785789e+01 4.909449051972263924e-03
7.828752478929132508e+01 4.790722354899386651e-03
7.853900368295268208e+01 4.673743805310543245e-03
7.879021312407734001e+01 4.589226306456001270e-03
7.904165509986182769e+01 4.469122625290835454e-03
7.929330413459700821e+01 4.385369116060165023e-03
7.954446877222407863e+01 4.280558367138303545e-03
7.979551714753698377e+01 4.178538075256635863e-03
8.004692165377868207e+01 4.103365349000334152e-03
8.029810489950233432e+01 4.006788265422383567e-03
8.054908874480256031e+01 3.908409741996955906e-03
8.080044321541014085e+01 3.846507499146532144e-03
8.105216211323228492e+01 3.754330285772093222e-03
8.130349433109076074e+01 3.671439577511473405e-03
8.155444015076058406e+01 3.609962798193876859e-03
8.180579598042007206e+01 3.530805532825037271e-03
8.205747345046690100e+01 3.444306057545195449e-03
8.230895288137371324e+01 3.383197727125533509e-03
8.256017853616197044e+01 3.313632792045707182e-03
8.281171136842024794e+01 3.231002028523333180e-03
8.306338874103768433e+01 3.177363764056486805e-03
8.331416972271263433e+01 3.121174702892763522e-03
8.356490365514949303e+01 3.051326900482506741e-03
8.381669207113579034e+01 2.996717787322606286e-03
8.406812178552961257e+01 2.928713220925077167e-03
8.431890933464019611e+01 2.881436603546158604e-03
8.457023187027826339e+01 2.816894307763375890e-03
8.482151559398789686e+01 2.750568322483631055e-03
8.507283003168710422e+01 2.713741367506967549e-03
8.532426808165841692e+01 2.665326979342701099e-03
8.557600476924378086e+01 2.600088494620485160e-03
8.582757594343893004e+01 2.551911659608730506e-03
8.607831587296919906e+01 2.520376879830214713e-03
8.632961333877408094e+01 2.463317594101708391e-03
8.658121923681562748e+01 2.401182371146639433e-03
8.683268673150530503e+01 2.373643093885455767e-03
8.708396519721972595e+01 2.324829978901735324e-03
8.733506961066505880e+01 2.280191175448882408e-03
8.758618105842411694e+01 2.237130592953117097e-03
8.783752567351578477e+01 2.200593093173140030e-03
8.808868914679788986e+01 2.161175915710949330e-03
8.833994003395393690e+01 2.117425632500101376e-03
8.859174898584991809e+01 2.063917377181104240e-03
8.884303273375222432e+01 2.028405824285991078e-03
8.909352487970716084e+01 1.986128383317670772e-03
8.934511690540148265e+01 1.942064005370146892e-03
8.959715158813172309e+01 1.898684583001807079e-03
8.984803368908821142e+01 1.888250872024266769e-03
9.009924288814356430e+01 1.816178738604274420e-03
9.035039732041329330e+01 1.783912707897484249e-03
9.060151066709157419e+01 1.736078746650989140e-03
9.085215645777752513e+01 1.681928354385629851e-03
9.110358912880106175e+01 1.641027899957213767e-03
9.135593221689693166e+01 1.606012017618441623e-03
9.160680049007517312e+01 1.554812837806161504e-03
9.185814296072571494e+01 1.524841413175839116e-03
9.211014914083067140e+01 1.484524511564311831e-03
9.236133039430572467e+01 1.433726781627244666e-03
9.261226961967061300e+01 1.413320898017647901e-03
9.286339612223196127e+01 1.371753478912246093e-03
9.311503395193372512e+01 1.340787867302349048e-03
9.336621751977830286e+01 1.308239777867923389e-03
9.361677474844866254e+01 1.277254076739728307e-03
9.386828402731896404e+01 1.252945011068261208e-03
9.412013166396859276e+01 1.221265092202491326e-03
9.437159577797395116e+01 1.201203713713695428e-03
9.462215507964623384e+01 1.170854477658561394e-03
9.487303142853234306e+01 1.150877130257280459e-03
9.512563612801736213e+01 1.129189543183412806e-03
9.537712370347337298e+01 1.111370504652049729e-03
9.562770329733204733e+01 1.093420235056711837e-03
9.587952553542562839e+01 1.059584612492934109e-03
9.613214193709879396e+01 1.030827694861338175e-03
9.638292294616348954e+01 1.020588612416298020e-03
9.663323205539920480e+01 1.010617306478756331e-03
9.688575427051634392e+01 9.850047952788478119e-04
9.713720230214802598e+01 9.656254075146032375e-04
9.738711075112470894e+01 9.489128894952707314e-04
9.763880850310884796e+01 9.233953859854854675e-04
9.789195925073893534e+01 8.985163716345396850e-04
9.814276473823834124e+01 8.862294960111903337e-04
9.839200152577470249e+01 8.743450912852484625e-04
9.864436939619000100e+01 8.498397967274813180e-04
9.889657229158518703e+01 8.375714294359819538e-04
9.914654206758739008e+01 8.222692047541466185e-04
9.939737265117041431e+01 8.036761099481543351e-04
9.964971324453516388e+01 7.810867376994797993e-04
9.990221505033474614e+01 7.794417107140390192e-04
1.001521516083068519e+02 7.584416318374293800e-04
1.004020181344354228e+02 7.433170875642996275e-04
1.006555261342845853e+02 7.338160139024703030e-04
1.009078779715744503e+02 7.239393862984005437e-04
1.011564847190979037e+02 7.216127022360493146e-04
1.014077980390921851e+02 6.869651669303459499e-04
1.016621206036857075e+02 6.922375631528822435e-04
1.019133439536030323e+02 6.801138243740956647e-04
1.021611090492770160e+02 6.537395808274734351e-04
1.024134287982906386e+02 6.476876731407410449e-04
1.026689526987222933e+02 6.465734117524308752e-04
1.029179005362147450e+02 6.204690346122587090e-04
1.031645010122565509e+02 6.149640331859913519e-04
1.034190198448752227e+02 6.151011086472685414e-04
1.036740078018821123e+02 6.072009276586696211e-04
1.039223728592707516e+02 5.935343798991242568e-04
1.041718863957155321e+02 5.865625996896358394e-04
1.044269799004653407e+02 5.722039564075515408e-04
1.046773133673284093e+02 5.696695460866844137e-04
1.049203418007823814e+02 5.809667154503328013e-04
1.051759012379430231e+02 5.735734660626498095e-04
1.054364230283171651e+02 5.592176830620072207e-04
1.056811914497119176e+02 5.666439784252608712e-04
1.059215804876414495e+02 5.516207139424221702e-04
1.061816384917722758e+02 5.177967515547116399e-04
1.064472113030423515e+02 5.316861571724554618e-04
1.066878058983536732e+02 5.465556540842376196e-04
1.069236360402103827e+02 5.175209426356724724e-04
1.071892705778195563e+02 4.991401577421968223e-04
1.074586772409291342e+02 4.842719336333178859e-04
1.076879342587935611e+02 4.698008521570641322e-04
1.079185870885384446e+02 4.856914614319196469e-04
1.081956775747713095e+02 4.785709038960001970e-04
1.084728105259587352e+02 4.576976543092063903e-04
1.086839161354765366e+02 4.769629806393927600e-04
1.089114578639759117e+02 4.496372198264896578e-04
1.091979138747751392e+02 4.724230288751208543e-04
1.094826115122194068e+02 4.853568471945960447e-04
1.096995281563482934e+02 4.581364307206641515e-04
1.099149327348783771e+02 4.652971366737581270e-04
1.102017255337961075e+02 4.416978872893952330e-04
1.104879737748566555e+02 5.176005555231748831e-04
1.107157115274964241e+02 4.316735927039221685e-04
1.109132792987308136e+02 5.516751070859078013e-04
1.111862324688471801e+02 8.513354755311845724e-04
1.114398329385503388e+02 3.071208664048712686e-04
