3.559856489878782115e-01 4.179956308092042718e+02
6.031648866026231293e-01 2.421414687806420432e+02
8.579160745827347778e-01 1.767495875877924050e+02
1.113464310595710716e+00 1.273222335272737666e+02
1.374039914321364408e+00 1.194211342835015301e+02
1.619154704570298309e+00 9.246305592290791253e+01
1.870686673430271840e+00 9.183295284364805866e+01
2.123290040706380832e+00 7.830617845042114311e+01
2.378144976376236119e+00 7.060017883732234623e+01
2.630489925835516996e+00 5.960239956785481041e+01
2.878653162679494670e+00 6.077367584267417300e+01
3.131144366275339319e+00 5.134469102963457487e+01
3.388159578333816313e+00 4.643247360128290069e+01
3.638741848210948149e+00 4.289626129596076254e+01
3.888315910732085268e+00 3.895415272208572333e+01
4.139052155837465996e+00 3.668409299651894884e+01
4.390305777018236988e+00 3.284478026789186345e+01
4.642172339120373081e+00 3.039135244490674737e+01
4.894678666149941293e+00 2.863761371811178691e+01
5.147269052361176378e+00 2.597495042805414656e+01
5.398003206656323272e+00 2.317399320078534686e+01
5.647798235368590269e+00 2.155538580044154173e+01
5.900534302989873581e+00 2.068370075860783075e+01
6.151460297009074374e+00 1.921201296084656462e+01
6.402630176204441526e+00 1.800148399787828879e+01
6.655964674748322096e+00 1.730398645979371253e+01
6.908782583105771202e+00 1.677819166215807201e+01
7.159060853508338873e+00 1.565999869036619785e+01
7.409414762591408632e+00 1.473982120560145681e+01
7.659227149364629561e+00 1.427819166800501449e+01
7.911559474606142395e+00 1.342422120202829916e+01
8.163750941790897997e+00 1.256434717526982325e+01
8.415757210439384295e+00 1.198278992402618925e+01
8.667638839289207198e+00 1.146329626197460527e+01
8.918801124864609520e+00 1.086617751361275985e+01
9.170480108345369530e+00 1.045914366464592682e+01
9.420566033467249412e+00 1.002176341346204325e+01
9.671642335271435797e+00 9.633010319419994971e+00
9.923426157758477473e+00 9.106011798922663658e+00
1.017396902749181820e+01 8.808089460744898958e+00
1.042533700753922155e+01 8.361553453957750293e+00
1.067702948358784276e+01 8.008310749011259944e+00
1.092969337256462303e+01 7.804405050154426426e+00
1.118211872033766419e+01 7.379613899884795991e+00
1.143346516925797296e+01 7.027918906660681309e+00
1.168350508557724687e+01 6.674512937030574022e+00
1.193379937775929100e+01 6.365783722305324410e+00
1.218553055762879112e+01 6.227778435745137564e+00
1.243711650801278878e+01 5.946659658627575951e+00
1.268867268647359303e+01 5.718590132841741003e+00
1.294075027177769144e+01 5.593970359665700443e+00
1.319267287020158363e+01 5.321066660373253931e+00
1.344470571782862756e+01 5.202554024035060287e+00
1.369480150283709641e+01 4.939529404582068572e+00
1.394591277066507828e+01 4.796151076533301527e+00
1.419764645764527167e+01 4.611196274887884528e+00
1.444766774168416212e+01 4.460422334727439875e+00
1.469906835825429070e+01 4.337126312883914814e+00
1.495059118111036511e+01 4.203710744700276614e+00
1.520261612590052991e+01 4.083667275675130881e+00
1.545415944503929495e+01 3.909647765321607515e+00
1.570456072545780124e+01 3.781843966181314798e+00
1.595705800128773966e+01 3.633153615287694205e+00
1.620829297830731619e+01 3.551867776837461133e+00
1.645966591028190962e+01 3.411979928719003574e+00
1.671125708846596325e+01 3.301664745375931354e+00
1.696160259490052624e+01 3.198888409761980522e+00
1.721370276108077135e+01 3.110196279942039066e+00
1.746543424102250341e+01 3.016527798737239419e+00
1.771598473288305442e+01 2.918219279555799073e+00
1.796653767411944003e+01 2.853161568470564013e+00
1.821765658501893270e+01 2.769930820977142716e+00
1.847053788120423334e+01 2.690337134220096349e+00
1.872257696809484173e+01 2.615213762028924194e+00
1.897394097105746269e+01 2.567257139888170059e+00
1.922542454726159988e+01 2.487192432369140782e+00
1.947607703355479103e+01 2.445498103694939473e+00
1.972678839839982601e+01 2.363020099670847696e+00
1.997802698857814363e+01 2.291641159449608445e+00
2.022863620534168660e+01 2.242430151383667525e+00
2.047969598507238231e+01 2.170090898505852017e+00
2.073250439107362553e+01 2.109782051246286372e+00
2.098435855211640089e+01 2.071139834477638608e+00
2.123502923393334640e+01 2.018684486776557208e+00
2.148629411178690773e+01 1.972495687238253304e+00
2.173831825513516591e+01 1.936283254731701486e+00
2.198972260956887226e+01 1.885185413841554691e+00
2.223974971000711420e+01 1.870005855299698316e+00
2.249141870643862973e+01 1.791235331912888418e+00
2.274404614890906373e+01 1.751030128863605206e+00
2.299521835768831579e+01 1.713455476563904512e+00
2.324620084136223852e+01 1.671810484419930187e+00
2.349757798664387209e+01 1.623709171143025598e+00
2.374870488118759937e+01 1.579588317051486390e+00
2.399988781917473091e+01 1.549747672486464056e+00
2.425071646049711305e+01 1.508082836129262860e+00
2.450187830577813841e+01 1.465056957557001827e+00
2.475391093216606109e+01 1.425016976878471509e+00
2.500524226975159792e+01 1.399974358868886659e+00
2.525610980153284402e+01 1.361524765863818764e+00
2.550801425092822328e+01 1.340354292383874713e+00
2.575943113325822864e+01 1.311716408354309360e+00
2.601074166866445125e+01 1.278247090329549529e+00
2.626234447079615464e+01 1.248622405830720927e+00
2.651347712943701751e+01 1.217298324483440997e+00
2.676474177984877656e+01 1.193317338622504886e+00
2.701628079430242479e+01 1.172407304086941382e+00
2.726734205837282232e+01 1.138324188832974704e+00
2.751837013544679422e+01 1.124225833720551071e+00
2.776937726815812724e+01 1.105450585328844770e+00
2.802070160973895341e+01 1.080190913938788411e+00
2.827249982643487058e+01 1.064561941203151729e+00
2.852407603869968966e+01 1.043190341072492977e+00
2.877567300468570721e+01 1.012991245542915975e+00
2.902733523039245256e+01 9.956620063773744533e-01
2.927861073083739996e+01 9.762223158651514021e-01
2.953003196193969160e+01 9.596428902486732193e-01
2.978106336846375157e+01 9.456523948764081755e-01
3.003148440777084716e+01 9.232524157386632346e-01
3.028303386126418673e+01 9.090494128323821643e-01
3.053456493440382857e+01 8.918703188239602841e-01
3.078585183944906944e+01 8.801456689922644294e-01
3.103757946070165730e+01 8.575758076851512923e-01
3.128931656795834826e+01 8.384274171427320566e-01
3.154125974608096428e+01 8.298735170527130611e-01
3.179158626791808828e+01 8.172833639853754883e-01
3.204196438636942190e+01 8.026350693568529149e-01
3.229345624690945016e+01 7.879931494515243218e-01
3.254491795349546379e+01 7.720576450652231193e-01
3.279661199584414533e+01 7.572667661652406901e-01
3.304781054557115993e+01 7.440880809791974304e-01
3.329958828032162188e+01 7.277139811804294034e-01
3.355183723684311303e+01 7.148516183238701194e-01
3.380253855881218072e+01 7.057381446459496388e-01
3.405313147025059095e+01 6.932977084154701153e-01
3.430479305560803738e+01 6.789664582924207492e-01
3.455623390824965924e+01 6.724486030209865239e-01
3.480735498195039668e+01 6.614394676538783990e-01
3.505856438430107858e+01 6.505598379853695379e-01
3.531001549359893943e+01 6.383479822263681269e-01
3.556133107357548084e+01 6.273417150977859125e-01
3.581233698845250757e+01 6.193300977717131062e-01
3.606382608666838507e+01 6.092059869024121221e-01
3.631533331237931606e+01 5.986926740425529969e-01
3.656697642527945646e+01 5.921306428707731051e-01
3.681852327087045751e+01 5.837160772369150985e-01
3.706973766105884494e+01 5.736674610311708333e-01
3.732129678941971207e+01 5.650126303799648531e-01
3.757306314229551703e+01 5.589259955303637062e-01
3.782389924159279104e+01 5.491442028424980970e-01
3.807464007418068519e+01 5.402729745697658625e-01
3.832565302212735503e+01 5.341040449031059234e-01
3.857740378043642693e+01 5.279739798653957372e-01
3.882942253427300017e+01 5.175006662016776726e-01
3.908032307380011616e+01 5.096641580374939862e-01
3.933129330145365543e+01 5.008565900414282401e-01
3.958227876786669697e+01 4.951395261355313604e-01
3.983382520768443413e+01 4.876350159275830709e-01
4.008544842975349098e+01 4.783439639559226020e-01
4.033619301340542052e+01 4.748521785788550886e-01
4.058776599344974301e+01 4.669172026943723131e-01
4.083970221749189022e+01 4.608148135939368339e-01
4.109095921749577940e+01 4.537066860729477846e-01
4.134236727584069371e+01 4.481009154713184728e-01
4.159390229570379915e+01 4.424161826550109811e-01
4.184507899773220174e+01 4.364912120280874386e-01
4.209613747244114279e+01 4.300121779725653015e-01
4.234722818606434913e+01 4.237234564968749839e-01
4.259857332263157303e+01 4.164728022198878055e-01
4.285027109763341713e+01 4.127503616539479614e-01
4.310176195204312677e+01 4.069457423311763078e-01
4.335299280752174411e+01 4.012380653552958254e-01
4.360432095771267313e+01 3.960958825886655710e-01
4.385558663826572712e+01 3.923657828233510503e-01
4.410724528235365938e+01 3.859204138576460275e-01
4.435852190379520010e+01 3.822910605259348671e-01
4.460901713855037087e+01 3.766525007388637492e-01
4.486008510459071630e+01 3.733409106117723253e-01
4.511170295299168487e+01 3.671833323526051407e-01
4.536358210673532199e+01 3.649643861802743805e-01
4.561456198601624124e+01 3.589773929199874258e-01
4.586556721283918137e+01 3.532635089561203534e-01
4.611769651966599781e+01 3.513825744699475839e-01
4.636915627004315610e+01 3.448475654628797571e-01
4.662034887549072693e+01 3.421609969211034108e-01
4.687172305024841279e+01 3.368593178968468105e-01
4.712349745478636009e+01 3.323066736449112324e-01
4.737470617006108142e+01 3.283911055908096954e-01
4.762538569197067062e+01 3.243214786785713621e-01
4.787648835337603259e+01 3.197910794683609947e-01
4.812806309416585293e+01 3.161032037213045709e-01
4.837947377766823820e+01 3.113388936304221088e-01
4.863055608299239907e+01 3.093424195788156417e-01
4.888199020684587026e+01 3.035332706190005392e-01
4.913362466485948232e+01 3.003172884058388226e-01
4.938531946307731602e+01 2.962048554563979641e-01
4.963608988707425596e+01 2.933876755800622349e-01
4.988699356578750610e+01 2.899170583717773364e-01
5.013861839733769443e+01 2.866957263523097765e-01
5.038999807568713862e+01 2.834068586098406062e-01
5.064128572509015669e+01 2.797900452609142774e-01
5.089265153888026560e+01 2.770700119968460551e-01
5.114416620234485578e+01 2.755703188938268822e-01
5.139546355734375993e+01 2.714838008976103723e-01
5.164701680266333028e+01 2.686472940532884657e-01
5.189862905495089507e+01 2.655355026822943665e-01
5.214967308047777550e+01 2.632853229797568750e-01
5.240069291691047226e+01 2.604988243261762704e-01
5.265205790651547346e+01 2.580819182769024112e-01
5.290347041453212995e+01 2.563080464090954358e-01
5.315461969811498477e+01 2.525436307504312361e-01
5.340579219818222612e+01 2.497604318944514623e-01
5.365762065089100474e+01 2.489338716791594519e-01
5.390923473668377852e+01 2.469080178095467426e-01
5.416006359979510876e+01 2.431781077924686785e-01
5.441130437191114311e+01 2.410111259745000289e-01
5.466262745830391623e+01 2.392565803344468001e-01
5.491405993929731011e+01 2.370209624074652022e-01
5.516541491717607215e+01 2.354649024680171565e-01
5.541638268596229011e+01 2.328209248994064784e-01
5.566794564877197615e+01 2.307747500821652198e-01
5.591937805757883950e+01 2.286297548996477080e-01
5.617071533636728020e+01 2.263308168200966475e-01
5.642219117939477258e+01 2.251360551690180789e-01
5.667351334189861944e+01 2.235103804349415080e-01
5.692472708748548627e+01 2.218894632952280732e-01
5.717591204656960002e+01 2.196508161007152682e-01
5.742747687291149106e+01 2.179184282533629391e-01
5.767908487077198032e+01 2.165191201285842637e-01
5.793014671413330063e+01 2.153891343831852989e-01
5.818129395888691135e+01 2.136794107427626987e-01
5.843277276607519610e+01 2.121708293666349221e-01
5.868441457608106049e+01 2.104838744269056650e-01
5.893571635795849062e+01 2.098167487111802232e-01
5.918679860974395979e+01 2.080933811425731139e-01
5.943824578411374659e+01 2.071319464283616907e-01
5.968934443052460637e+01 2.058177072466493840e-01
5.994009881519919958e+01 2.043732565425910863e-01
6.019143008204730450e+01 2.036725506531389118e-01
6.044303967578304793e+01 2.023112413434896562e-01
6.069446539940648933e+01 2.017604121832895780e-01
6.094594283876522667e+01 2.005276424057525209e-01
6.119752142863568878e+01 1.999730263384530693e-01
6.144920707655568037e+01 1.995308476107291729e-01
6.170042875117553649e+01 1.988886217437140502e-01
6.195135852331920745e+01 1.984402127725335141e-01
6.220292279118605450e+01 1.975175615586671485e-01
6.245429299708936099e+01 1.973987245925782896e-01
6.270516484212564734e+01 1.966277252584784918e-01
6.295654789617530156e+01 1.960701458743642767e-01
6.320814180923495940e+01 1.958141502620272256e-01
6.345941573738152641e+01 1.948721078482402169e-01
6.371040057052023542e+01 1.950568255273794904e-01
6.396185745578683424e+01 1.944333317404761119e-01
6.421368546549915379e+01 1.943748245735720248e-01
6.446479073454199238e+01 1.937714284586638247e-01
6.471588673409551973e+01 1.916239641589192466e-01
6.496730834160189261e+01 1.906553606454871042e-01
6.521856319783852030e+01 1.890352272119193988e-01
6.546992987326736113e+01 1.874996441905835975e-01
6.572120553073852989e+01 1.859726817098078799e-01
6.597232322532917692e+01 1.845869974621566767e-01
6.622368994537650622e+01 1.830651704854565076e-01
6.647513103932683975e+01 1.821279246231887194e-01
6.672672959741110787e+01 1.802557315177487351e-01
6.697798244417811020e+01 1.796547282642330101e-01
6.722885542524284119e+01 1.775496695668771774e-01
6.748048616955249202e+01 1.762496161229493985e-01
6.773229923195737001e+01 1.749320935963209200e-01
6.798322572139460362e+01 1.737880570407336900e-01
6.823447173775937813e+01 1.724913881560455886e-01
6.848606896751729778e+01 1.717976826660172485e-01
6.873741544680683546e+01 1.707080951974995209e-01
6.898873787744179253e+01 1.703351148051244213e-01
6.923979673744193519e+01 1.683606413131908675e-01
6.949145441276264989e+01 1.670668374736190842e-01
6.974265210301840057e+01 1.670804428324871582e-01
6.999344031108012132e+01 1.659876121204025556e-01
7.024493114765583357e+01 1.654709885483228171e-01
7.049642464225027538e+01 1.642111924626440678e-01
7.074774315836204153e+01 1.634055238377731811e-01
7.099906993548422918e+01 1.619850827606567900e-01
7.125054486425644029e+01 1.608835518132168130e-01
7.150182990423201090e+01 1.603904679701615155e-01
7.175309169194970593e+01 1.600373962440541920e-01
7.200430886966613286e+01 1.589604258898593414e-01
7.225563655627148307e+01 1.582765244850292408e-01
7.250698057097335436e+01 1.571766843247172085e-01
7.275814540940223196e+01 1.561177840563029717e-01
7.300954011634642882e+01 1.554951954443564432e-01
7.326094744803241099e+01 1.547239016566077652e-01
7.351241635922633577e+01 1.539938979857909673e-01
7.376385704484314942e+01 1.533976581076423873e-01
7.401507686011912313e+01 1.524444508856144243e-01
7.426642983754513239e+01 1.520730775390203016e-01
7.451774392350500875e+01 1.506456728512418630e-01
7.476888196695857403e+01 1.507927764914586966e-01
7.502031254291918572e+01 1.496126158667485939e-01
7.527179980263341008e+01 1.490884454188295960e-01
7.552311252549999665e+01 1.488324693135913146e-01
7.577409780062980360e+01 1.482789529583213861e-01
7.602551875404107307e+01 1.479030384024210554e-01
7.627713348914349467e+01 1.476631242528358701e-01
7.652808863434110265e+01 1.469820560620774541e-01
7.677928937816385258e+01 1.465136051598658340e-01
7.703080422988723797e+01 1.461244573371207889e-01
7.728259641407451852e+01 1.458285297954733106e-01
7.753362846048165125e+01 1.459027796333322025e-01
7.778433144503740948e+01 1.454722241913489755e-01
7.803587445609785789e+01 1.454402175006164477e-01
7.828752478929132508e+01 1.452419980484538076e-01
7.853900368295268208e+01 1.446102480397626344e-01
7.879021312407734001e+01 1.442309857275077545e-01
7.904165509986182769e+01 1.441518300570003852e-01
7.929330413459700821e+01 1.442435361640738711e-01
7.954446877222407863e+01 1.441306948534882559e-01
7.979551714753698377e+01 1.432894107885328838e-01
8.004692165377868207e+01 1.435201559820132033e-01
8.029810489950233432e+01 1.433672631416087473e-01
8.054908874480256031e+01 1.429644415816267444e-01
8.080044321541014085e+01 1.432336104871993754e-01
8.105216211323228492e+01 1.434259674934985074e-01
8.130349433109076074e+01 1.430370903460627952e-01
8.155444015076058406e+01 1.428979893037985449e-01
8.180579598042007206e+01 1.430098365877289224e-01
8.205747345046690100e+01 1.426361858446800746e-01
8.230895288137371324e+01 1.425947236597500389e-01
8.256017853616197044e+01 1.429112873489507551e-01
8.281171136842024794e+01 1.428610453318578111e-01
8.306338874103768433e+01 1.428070976589567442e-01
8.331416972271263433e+01 1.432739648322996218e-01
8.356490365514949303e+01 1.425370836993355983e-01
8.381669207113579034e+01 1.432700077587010234e-01
8.406812178552961257e+01 1.428215966303714723e-01
8.431890933464019611e+01 1.432457585848433412e-01
8.457023187027826339e+01 1.427498418880403241e-01
8.482151559398789686e+01 1.432414406247672634e-01
8.507283003168710422e+01 1.431757606263046045e-01
8.532426808165841692e+01 1.440074326459817589e-01
8.557600476924378086e+01 1.433824040346196038e-01
8.582757594343893004e+01 1.442166573323760692e-01
8.607831587296919906e+01 1.444478064278904017e-01
8.632961333877408094e+01 1.442952687799575473e-01
8.658121923681562748e+01 1.442728774319003704e-01
8.683268673150530503e+01 1.446185813842091328e-01
8.708396519721972595e+01 1.457794966285522187e-01
8.733506961066505880e+01 1.456273534415443160e-01
8.758618105842411694e+01 1.460903216524943593e-01
8.783752567351578477e+01 1.456033315786846583e-01
8.808868914679788986e+01 1.472226235989942678e-01
8.833994003395393690e+01 1.462801685175907362e-01
8.859174898584991809e+01 1.468608614554298419e-01
8.884303273375222432e+01 1.462935444453778988e-01
8.909352487970716084e+01 1.462525048450246945e-01
8.934511690540148265e+01 1.467159926270018844e-01
8.959715158813172309e+01 1.464228014606329675e-01
8.984803368908821142e+01 1.470741778544107092e-01
9.009924288814356430e+01 1.459341190687908074e-01
9.035039732041329330e+01 1.452567206071289641e-01
9.060151066709157419e+01 1.441891823118068849e-01
9.085215645777752513e+01 1.437161833692676693e-01
9.110358912880106175e+01 1.434270290590318742e-01
9.135593221689693166e+01 1.424261910737901482e-01
9.160680049007517312e+01 1.403827707605668496e-01
9.185814296072571494e+01 1.406818168028983185e-01
9.211014914083067140e+01 1.398570630295439543e-01
9.236133039430572467e+01 1.405194589235285729e-01
9.261226961967061300e+01 1.401461305858821560e-01
9.286339612223196127e+01 1.403117507453649215e-01
9.311503395193372512e+01 1.416585904554641950e-01
9.336621751977830286e+01 1.408272632015491466e-01
9.361677474844866254e+01 1.430198246970933729e-01
9.386828402731896404e+01 1.413697349420610927e-01
9.412013166396859276e+01 1.419237086558792216e-01
9.437159577797395116e+01 1.431374927417922993e-01
9.462215507964623384e+01 1.435996802283025231e-01
9.487303142853234306e+01 1.423843783715429689e-01
9.512563612801736213e+01 1.442145700094016325e-01
9.537712370347337298e+01 1.453247029744528518e-01
9.562770329733204733e+01 1.448688664962836936e-01
9.587952553542562839e+01 1.445824579701792401e-01
9.613214193709879396e+01 1.445098503082762054e-01
9.638292294616348954e+01 1.442630781144800811e-01
9.663323205539920480e+01 1.448414629026436862e-01
9.688575427051634392e+01 1.453706781480443300e-01
9.713720230214802598e+01 1.458305940750029006e-01
9.738711075112470894e+01 1.455543618643056758e-01
9.763880850310884796e+01 1.479188633752838156e-01
9.789195925073893534e+01 1.485920847017277724e-01
9.814276473823834124e+01 1.479061906242333801e-01
9.839200152577470249e+01 1.488237551150460580e-01
9.864436939619000100e+01 1.504191313811319153e-01
9.889657229158518703e+01 1.504622675831595313e-01
9.914654206758739008e+01 1.514283480802590953e-01
9.939737265117041431e+01 1.518921737764227509e-01
9.964971324453516388e+01 1.523938011205345222e-01
9.990221505033474614e+01 1.524468395868753545e-01
1.001521516083068519e+02 1.537111149374661700e-01
1.004020181344354228e+02 1.566663508073010136e-01
1.006555261342845853e+02 1.581404319988314600e-01
1.009078779715744503e+02 1.593629638158827466e-01
1.011564847190979037e+02 1.609214313273187036e-01
1.014077980390921851e+02 1.599724447663564419e-01
1.016621206036857075e+02 1.622733792888783055e-01
1.019133439536030323e+02 1.642075087306686387e-01
1.021611090492770160e+02 1.639598485558550200e-01
1.024134287982906386e+02 1.685233313481221962e-01
1.026689526987222933e+02 1.716892159400817131e-01
1.029179005362147450e+02 1.729411359119522595e-01
1.031645010122565509e+02 1.748846969315069055e-01
1.034190198448752227e+02 1.765908945787174611e-01
1.036740078018821123e+02 1.808010420294541010e-01
1.039223728592707516e+02 1.798915243124490915e-01
1.041718863957155321e+02 1.806470182439047223e-01
1.044269799004653407e+02 1.820872011358626585e-01
1.046773133673284093e+02 1.920622027174885560e-01
1.049203418007823814e+02 1.933120778767244974e-01
1.051759012379430231e+02 1.982062793133479162e-01
1.054364230283171651e+02 1.973008879633519064e-01
1.056811914497119176e+02 2.017160599637287943e-01
1.059215804876414495e+02 2.058509386010053954e-01
1.061816384917722758e+02 2.089387900269336351e-01
1.064472113030423515e+02 2.059444562497196318e-01
1.066878058983536732e+02 2.101269309718934997e-01
1.069236360402103827e+02 2.137158388767117501e-01
1.071892705778195563e+02 2.167644639497892101e-01
1.074586772409291342e+02 2.227204361099310304e-01
1.076879342587935611e+02 2.248921196802677602e-01
1.079185870885384446e+02 2.411364449949086053e-01
1.081956775747713095e+02 2.403100895185849295e-01
1.084728105259587352e+02 2.440497548401582839e-01
1.086839161354765366e+02 2.429839568901969726e-01
1.089114578639759117e+02 2.583821616401664190e-01
1.091979138747751392e+02 2.796834789598010573e-01
1.094826115122194068e+02 2.767779561270126698e-01
1.096995281563482934e+02 2.749731761278830788e-01
1.099149327348783771e+02 3.084467908892514765e-01
1.102017255337961075e+02 2.671433700682324108e-01
1.104879737748566555e+02 2.768759667132268398e-01
1.107157115274964241e+02 3.003267546212289862e-01
1.109132792987308136e+02 2.184067294537963833e-01
1.111862324688471801e+02 1.605631379774973277e-01
1.114398329385503388e+02 5.095670358813159107e-02
