3.559856489878782115e-01 4.027649537897761434e+02
6.031648866026231293e-01 2.023067200723576207e+02
8.579160745827347778e-01 1.582408535908216436e+02
1.113464310595710716e+00 1.224880032060009398e+02
1.374039914321364408e+00 1.044935992969693075e+02
1.619154704570298309e+00 8.292327778792096638e+01
1.870686673430271840e+00 7.383647048527723200e+01
2.123290040706380832e+00 7.798319211686825270e+01
2.378144976376236119e+00 6.161477821857760517e+01
2.630489925835516996e+00 5.691739286182212965e+01
2.878653162679494670e+00 5.116722746060012383e+01
3.131144366275339319e+00 4.782477683613501540e+01
3.388159578333816313e+00 4.534097051122014932e+01
3.638741848210948149e+00 4.118289815172657597e+01
3.888315910732085268e+00 3.832828789826022131e+01
4.139052155837465996e+00 3.508933893670076287e+01
4.390305777018236988e+00 3.295085995529325373e+01
4.642172339120373081e+00 2.949369572409808171e+01
4.894678666149941293e+00 2.823113388775229637e+01
5.147269052361176378e+00 2.574599997904699222e+01
5.398003206656323272e+00 2.419305655675666600e+01
5.647798235368590269e+00 2.202364887583332376e+01
5.900534302989873581e+00 2.037172990937208894e+01
6.151460297009074374e+00 1.890085763498884930e+01
6.402630176204441526e+00 1.755635408736180381e+01
6.655964674748322096e+00 1.632250728340969559e+01
6.908782583105771202e+00 1.537040235557197576e+01
7.159060853508338873e+00 1.460794261781689052e+01
7.409414762591408632e+00 1.363819261441580721e+01
7.659227149364629561e+00 1.294760345956605363e+01
7.911559474606142395e+00 1.225420305147471467e+01
8.163750941790897997e+00 1.166796776571381322e+01
8.415757210439384295e+00 1.123553053955715519e+01
8.667638839289207198e+00 1.049172889909502970e+01
8.918801124864609520e+00 9.968408658579679837e+00
9.170480108345369530e+00 9.718878302551271275e+00
9.420566033467249412e+00 9.246687468015281297e+00
9.671642335271435797e+00 8.740275915820760133e+00
9.923426157758477473e+00 8.343189146696312619e+00
1.017396902749181820e+01 8.168595513648186923e+00
1.042533700753922155e+01 7.830622328781985608e+00
1.067702948358784276e+01 7.521299281916648205e+00
1.092969337256462303e+01 7.265603882242607447e+00
1.118211872033766419e+01 6.900470024010980197e+00
1.143346516925797296e+01 6.624894119688417682e+00
1.168350508557724687e+01 6.410435586116540740e+00
1.193379937775929100e+01 6.166008283648104715e+00
1.218553055762879112e+01 5.891072559245047024e+00
1.243711650801278878e+01 5.744993975576871748e+00
1.268867268647359303e+01 5.593003309918671562e+00
1.294075027177769144e+01 5.340760976063886112e+00
1.319267287020158363e+01 5.209533826030529724e+00
1.344470571782862756e+01 4.956173076998649840e+00
1.369480150283709641e+01 4.761557941441931341e+00
1.394591277066507828e+01 4.667382314865671233e+00
1.419764645764527167e+01 4.494488177029057674e+00
1.444766774168416212e+01 4.433942266567194146e+00
1.469906835825429070e+01 4.236569487028045700e+00
1.495059118111036511e+01 4.080443087894839671e+00
1.520261612590052991e+01 3.973829998086485293e+00
1.545415944503929495e+01 3.808891522004588026e+00
1.570456072545780124e+01 3.721297695594525834e+00
1.595705800128773966e+01 3.568058531383133669e+00
1.620829297830731619e+01 3.488471626653178337e+00
1.645966591028190962e+01 3.366898174913135033e+00
1.671125708846596325e+01 3.264238341093823603e+00
1.696160259490052624e+01 3.151104856134911980e+00
1.721370276108077135e+01 3.114564212059469650e+00
1.746543424102250341e+01 3.015912955644568960e+00
1.771598473288305442e+01 2.940312150248105549e+00
1.796653767411944003e+01 2.829693308705867327e+00
1.821765658501893270e+01 2.771562230817991246e+00
1.847053788120423334e+01 2.658651914594467147e+00
1.872257696809484173e+01 2.580917019257211287e+00
1.897394097105746269e+01 2.529569602040822041e+00
1.922542454726159988e+01 2.459823373262366886e+00
1.947607703355479103e+01 2.401698955367097987e+00
1.972678839839982601e+01 2.348823386281530201e+00
1.997802698857814363e+01 2.275992912178969707e+00
2.022863620534168660e+01 2.200704334047824506e+00
2.047969598507238231e+01 2.175151851699764993e+00
2.073250439107362553e+01 2.102584754719133198e+00
2.098435855211640089e+01 2.068728145386419914e+00
2.123502923393334640e+01 2.006222699473606319e+00
2.148629411178690773e+01 1.965013059612825685e+00
2.173831825513516591e+01 1.916184399736347244e+00
2.198972260956887226e+01 1.869592036778321864e+00
2.223974971000711420e+01 1.828823675144785943e+00
2.249141870643862973e+01 1.776599843113541244e+00
2.274404614890906373e+01 1.739896802674085086e+00
2.299521835768831579e+01 1.723448576567917945e+00
2.324620084136223852e+01 1.665403437647205998e+00
2.349757798664387209e+01 1.640724577786382588e+00
2.374870488118759937e+01 1.599371955850794391e+00
2.399988781917473091e+01 1.563951520732099754e+00
2.425071646049711305e+01 1.536274502709989331e+00
2.450187830577813841e+01 1.497499821838430778e+00
2.475391093216606109e+01 1.453175300102413248e+00
2.500524226975159792e+01 1.428780177170893451e+00
2.525610980153284402e+01 1.404245397313493626e+00
2.550801425092822328e+01 1.379111364650199567e+00
2.575943113325822864e+01 1.339490081196882620e+00
2.601074166866445125e+01 1.308850463807615272e+00
2.626234447079615464e+01 1.292196544844958161e+00
2.651347712943701751e+01 1.270107302273391081e+00
2.676474177984877656e+01 1.226841773099701216e+00
2.701628079430242479e+01 1.219480187831797346e+00
2.726734205837282232e+01 1.184404521233952678e+00
2.751837013544679422e+01 1.166661465942417708e+00
2.776937726815812724e+01 1.141633900575951710e+00
2.802070160973895341e+01 1.110107206337570540e+00
2.827249982643487058e+01 1.100030946821840772e+00
2.852407603869968966e+01 1.071978274672304332e+00
2.877567300468570721e+01 1.047437140423908009e+00
2.902733523039245256e+01 1.031679356807190029e+00
2.927861073083739996e+01 1.008077192798652932e+00
2.953003196193969160e+01 9.990094870937287208e-01
2.978106336846375157e+01 9.854442416562266827e-01
3.003148440777084716e+01 9.634590158829823281e-01
3.028303386126418673e+01 9.506312882760616922e-01
3.053456493440382857e+01 9.291060405021078772e-01
3.078585183944906944e+01 9.129270750986829830e-01
3.103757946070165730e+01 9.029094443668430614e-01
3.128931656795834826e+01 8.866949462975861618e-01
3.154125974608096428e+01 8.778722323563470376e-01
3.179158626791808828e+01 8.583622750286092895e-01
3.204196438636942190e+01 8.387985732157333674e-01
3.229345624690945016e+01 8.274678182639862989e-01
3.254491795349546379e+01 8.121235310427590282e-01
3.279661199584414533e+01 8.007462949623965764e-01
3.304781054557115993e+01 7.910130368759782371e-01
3.329958828032162188e+01 7.744093359982564539e-01
3.355183723684311303e+01 7.617586654285339876e-01
3.380253855881218072e+01 7.458785518902090184e-01
3.405313147025059095e+01 7.359214476775572944e-01
3.430479305560803738e+01 7.292812782869636523e-01
3.455623390824965924e+01 7.145477665729340622e-01
3.480735498195039668e+01 7.047536329465535765e-01
3.505856438430107858e+01 6.929112283124593263e-01
3.531001549359893943e+01 6.778469112534863950e-01
3.556133107357548084e+01 6.679405155012854145e-01
3.581233698845250757e+01 6.543806155479136022e-01
3.606382608666838507e+01 6.435476357711338302e-01
3.631533331237931606e+01 6.326896353963066266e-01
3.656697642527945646e+01 6.246522552280127094e-01
3.681852327087045751e+01 6.114879476181358520e-01
3.706973766105884494e+01 6.069752451558362294e-01
3.732129678941971207e+01 5.943452350937018513e-01
3.757306314229551703e+01 5.870298115553252982e-01
3.782389924159279104e+01 5.766621251746422150e-01
3.807464007418068519e+01 5.705063938901770992e-01
3.832565302212735503e+01 5.609297245428133127e-01
3.857740378043642693e+01 5.509644425438307014e-01
3.882942253427300017e+01 5.451026518118531339e-01
3.908032307380011616e+01 5.363878154048054014e-01
3.933129330145365543e+01 5.282810732686192834e-01
3.958227876786669697e+01 5.184631165690437582e-01
3.983382520768443413e+01 5.094209665849284141e-01
4.008544842975349098e+01 5.052107349265247960e-01
4.033619301340542052e+01 4.960323395898245114e-01
4.058776599344974301e+01 4.880117378910994730e-01
4.083970221749189022e+01 4.831661478916566832e-01
4.109095921749577940e+01 4.721266839013150141e-01
4.134236727584069371e+01 4.669552256126801026e-01
4.159390229570379915e+01 4.606513830123515341e-01
4.184507899773220174e+01 4.547130023652938280e-01
4.209613747244114279e+01 4.475734043463202583e-01
4.234722818606434913e+01 4.429431079601072185e-01
4.259857332263157303e+01 4.356332633229965112e-01
4.285027109763341713e+01 4.278437941452370441e-01
4.310176195204312677e+01 4.219655233437390462e-01
4.335299280752174411e+01 4.190227130251278909e-01
4.360432095771267313e+01 4.119492117000091436e-01
4.385558663826572712e+01 4.054347507172717524e-01
4.410724528235365938e+01 3.992535790012501362e-01
4.435852190379520010e+01 3.935708465063585404e-01
4.460901713855037087e+01 3.890559942439801300e-01
4.486008510459071630e+01 3.843836755220875201e-01
4.511170295299168487e+01 3.789637975863963670e-01
4.536358210673532199e+01 3.733743598087646554e-01
4.561456198601624124e+01 3.684450440207981403e-01
4.586556721283918137e+01 3.648769139648866955e-01
4.611769651966599781e+01 3.603074909066285580e-01
4.636915627004315610e+01 3.550612571868644318e-01
4.662034887549072693e+01 3.511280387243380097e-01
4.687172305024841279e+01 3.471334860157685998e-01
4.712349745478636009e+01 3.432746650267587407e-01
4.737470617006108142e+01 3.380776517697691164e-01
4.762538569197067062e+01 3.347752511043389778e-01
4.787648835337603259e+01 3.310794498107046402e-01
4.812806309416585293e+01 3.262566587026207166e-01
4.837947377766823820e+01 3.226811381062312245e-01
4.863055608299239907e+01 3.174278364526377794e-01
4.888199020684587026e+01 3.144766893972216759e-01
4.913362466485948232e+01 3.109090337154577499e-01
4.938531946307731602e+01 3.069049283254416394e-01
4.963608988707425596e+01 3.037876220662498739e-01
4.988699356578750610e+01 2.994118548377679434e-01
5.013861839733769443e+01 2.966558586657204177e-01
5.038999807568713862e+01 2.927737332428452244e-01
5.064128572509015669e+01 2.897128582965596832e-01
5.089265153888026560e+01 2.874872284292732671e-01
5.114416620234485578e+01 2.831517597374211270e-01
5.139546355734375993e+01 2.792723020173737414e-01
5.164701680266333028e+01 2.766689584387940770e-01
5.189862905495089507e+01 2.739347997191677320e-01
5.214967308047777550e+01 2.695414250858584881e-01
5.240069291691047226e+01 2.664318759095692379e-01
5.265205790651547346e+01 2.639709418857004164e-01
5.290347041453212995e+01 2.613897901753792774e-01
5.315461969811498477e+01 2.587570988914366654e-01
5.340579219818222612e+01 2.560881205977666442e-01
5.365762065089100474e+01 2.529513371923274856e-01
5.390923473668377852e+01 2.500431421062118131e-01
5.416006359979510876e+01 2.476799187529591106e-01
5.441130437191114311e+01 2.464294113886435489e-01
5.466262745830391623e+01 2.439619961873464860e-01
5.491405993929731011e+01 2.410254405055419491e-01
5.516541491717607215e+01 2.392983707582453101e-01
5.541638268596229011e+01 2.357084560934853967e-01
5.566794564877197615e+01 2.337717154167407996e-01
5.591937805757883950e+01 2.312361791796717081e-01
5.617071533636728020e+01 2.294141271099291168e-01
5.642219117939477258e+01 2.270144821554694881e-01
5.667351334189861944e+01 2.249077739048029323e-01
5.692472708748548627e+01 2.228608022821082779e-01
5.717591204656960002e+01 2.205163301259435993e-01
5.742747687291149106e+01 2.185151031014067879e-01
5.767908487077198032e+01 2.173326967250776565e-01
5.793014671413330063e+01 2.149343150473493336e-01
5.818129395888691135e+01 2.131344916998599015e-01
5.843277276607519610e+01 2.116656136319974568e-01
5.868441457608106049e+01 2.100956782290295810e-01
5.893571635795849062e+01 2.078385124459867783e-01
5.918679860974395979e+01 2.065507518994134650e-01
5.943824578411374659e+01 2.057277710368034807e-01
5.968934443052460637e+01 2.042156633624264417e-01
5.994009881519919958e+01 2.023802855796279221e-01
6.019143008204730450e+01 2.007549831261103424e-01
6.044303967578304793e+01 1.991690265087273370e-01
6.069446539940648933e+01 1.979768108074131672e-01
6.094594283876522667e+01 1.965735063954476836e-01
6.119752142863568878e+01 1.961408904933321373e-01
6.144920707655568037e+01 1.945966805496245344e-01
6.170042875117553649e+01 1.937247101574113006e-01
6.195135852331920745e+01 1.931598073353620604e-01
6.220292279118605450e+01 1.922956619625822428e-01
6.245429299708936099e+01 1.917314208660220454e-01
6.270516484212564734e+01 1.912818538390557710e-01
6.295654789617530156e+01 1.902706235942765445e-01
6.320814180923495940e+01 1.896241230666603217e-01
6.345941573738152641e+01 1.897357361154963229e-01
6.371040057052023542e+01 1.891968704748817065e-01
6.396185745578683424e+01 1.891375538389584998e-01
6.421368546549915379e+01 1.880557808451062962e-01
6.446479073454199238e+01 1.872406686913057061e-01
6.471588673409551973e+01 1.859754874771671618e-01
6.496730834160189261e+01 1.843164935732527487e-01
6.521856319783852030e+01 1.819596718879734065e-01
6.546992987326736113e+01 1.813225775045929355e-01
6.572120553073852989e+01 1.796396292268169492e-01
6.597232322532917692e+01 1.778366866899906418e-01
6.622368994537650622e+01 1.769935106874628017e-01
6.647513103932683975e+01 1.747949937119328834e-01
6.672672959741110787e+01 1.733624828526329487e-01
6.697798244417811020e+01 1.720811024033787606e-01
6.722885542524284119e+01 1.704453742371161984e-01
6.748048616955249202e+01 1.697972649058624162e-01
6.773229923195737001e+01 1.686399217092706959e-01
6.798322572139460362e+01 1.673993407376081488e-01
6.823447173775937813e+01 1.658271018896589066e-01
6.848606896751729778e+01 1.644123168156977621e-01
6.873741544680683546e+01 1.635933779780198161e-01
6.898873787744179253e+01 1.619913549391131524e-01
6.923979673744193519e+01 1.608266868518791748e-01
6.949145441276264989e+01 1.593600328988885317e-01
6.974265210301840057e+01 1.587229032774817028e-01
6.999344031108012132e+01 1.576815033843665392e-01
7.024493114765583357e+01 1.567101915928780509e-01
7.049642464225027538e+01 1.555753232490582061e-01
7.074774315836204153e+01 1.549924128204674123e-01
7.099906993548422918e+01 1.540594633816144976e-01
7.125054486425644029e+01 1.527406441979055896e-01
7.150182990423201090e+01 1.519802731145154795e-01
7.175309169194970593e+01 1.511799837960518811e-01
7.200430886966613286e+01 1.497741793873205718e-01
7.225563655627148307e+01 1.493802267007772466e-01
7.250698057097335436e+01 1.485335567146090496e-01
7.275814540940223196e+01 1.476210368464648259e-01
7.300954011634642882e+01 1.467160602334528219e-01
7.326094744803241099e+01 1.460371841154187167e-01
7.351241635922633577e+01 1.452356641650574820e-01
7.376385704484314942e+01 1.446690873759444440e-01
7.401507686011912313e+01 1.441258758248141203e-01
7.426642983754513239e+01 1.432805408109709966e-01
7.451774392350500875e+01 1.428513689878819493e-01
7.476888196695857403e+01 1.414678928938768732e-01
7.502031254291918572e+01 1.411438583390947077e-01
7.527179980263341008e+01 1.402207493849080833e-01
7.552311252549999665e+01 1.394687966685479452e-01
7.577409780062980360e+01 1.393881025950846064e-01
7.602551875404107307e+01 1.389107815576607896e-01
7.627713348914349467e+01 1.382712017350321010e-01
7.652808863434110265e+01 1.373336311755124495e-01
7.677928937816385258e+01 1.370710989937979907e-01
7.703080422988723797e+01 1.362206971001247435e-01
7.728259641407451852e+01 1.356217861194254914e-01
7.753362846048165125e+01 1.356512417109269897e-01
7.778433144503740948e+01 1.349908785691410762e-01
7.803587445609785789e+01 1.345957808347891804e-01
7.828752478929132508e+01 1.338049392693484441e-01
7.853900368295268208e+01 1.329158137090724334e-01
7.879021312407734001e+01 1.323953450692652578e-01
7.904165509986182769e+01 1.324757810110473166e-01
7.929330413459700821e+01 1.316700014674502262e-01
7.954446877222407863e+01 1.309810591762009258e-01
7.979551714753698377e+01 1.308033706985819722e-01
8.004692165377868207e+01 1.307736944259640377e-01
8.029810489950233432e+01 1.306040868399288291e-01
8.054908874480256031e+01 1.293117445408873412e-01
8.080044321541014085e+01 1.294087790344241040e-01
8.105216211323228492e+01 1.290832694600700103e-01
8.130349433109076074e+01 1.288441420962356532e-01
8.155444015076058406e+01 1.285211589192654380e-01
8.180579598042007206e+01 1.278023621396042198e-01
8.205747345046690100e+01 1.278951597442533894e-01
8.230895288137371324e+01 1.277902827432816912e-01
8.256017853616197044e+01 1.272321743918090331e-01
8.281171136842024794e+01 1.272679040755010094e-01
8.306338874103768433e+01 1.272934596744916824e-01
8.331416972271263433e+01 1.269083038858678514e-01
8.356490365514949303e+01 1.268843537505900121e-01
8.381669207113579034e+01 1.271633090182764103e-01
8.406812178552961257e+01 1.274887334548721607e-01
8.431890933464019611e+01 1.278258641166852283e-01
8.457023187027826339e+01 1.274460173546109742e-01
8.482151559398789686e+01 1.272446191833467577e-01
8.507283003168710422e+01 1.272044179002182196e-01
8.532426808165841692e+01 1.272395826819928688e-01
8.557600476924378086e+01 1.273595876582531150e-01
8.582757594343893004e+01 1.275801337223857745e-01
8.607831587296919906e+01 1.280353545864308662e-01
8.632961333877408094e+01 1.276312256174443882e-01
8.658121923681562748e+01 1.280103866477253216e-01
8.683268673150530503e+01 1.288794304133089319e-01
8.708396519721972595e+01 1.292809859893929436e-01
8.733506961066505880e+01 1.294925883146564871e-01
8.758618105842411694e+01 1.298422882681167512e-01
8.783752567351578477e+01 1.293483788305324900e-01
8.808868914679788986e+01 1.303744915724737718e-01
8.833994003395393690e+01 1.305969982567846965e-01
8.859174898584991809e+01 1.320605460229044847e-01
8.884303273375222432e+01 1.307130854637476580e-01
8.909352487970716084e+01 1.316508135239503607e-01
8.934511690540148265e+01 1.318214872770041290e-01
8.959715158813172309e+01 1.317076750193242884e-01
8.984803368908821142e+01 1.325088170199335558e-01
9.009924288814356430e+01 1.307045333714738078e-01
9.035039732041329330e+01 1.314097313405125089e-01
9.060151066709157419e+01 1.309054464172352550e-01
9.085215645777752513e+01 1.306070897494738814e-01
9.110358912880106175e+01 1.288957316540003673e-01
9.135593221689693166e+01 1.278296887367374179e-01
9.160680049007517312e+01 1.272452445360100770e-01
9.185814296072571494e+01 1.279181864355218579e-01
9.211014914083067140e+01 1.267763027375109763e-01
9.236133039430572467e+01 1.271486116170221226e-01
9.261226961967061300e+01 1.271211365042110852e-01
9.286339612223196127e+01 1.261499607542417856e-01
9.311503395193372512e+01 1.254839159469323673e-01
9.336621751977830286e+01 1.248271132153871560e-01
9.361677474844866254e+01 1.246714059943220265e-01
9.386828402731896404e+01 1.249393958898777357e-01
9.412013166396859276e+01 1.248688068358688313e-01
9.437159577797395116e+01 1.249728414270293297e-01
9.462215507964623384e+01 1.247936906638583004e-01
9.487303142853234306e+01 1.256753992559509203e-01
9.512563612801736213e+01 1.251456781596689827e-01
9.537712370347337298e+01 1.249356226224166977e-01
9.562770329733204733e+01 1.251535250509485109e-01
9.587952553542562839e+01 1.254996333715827639e-01
9.613214193709879396e+01 1.248348687057773271e-01
9.638292294616348954e+01 1.245044328296110309e-01
9.663323205539920480e+01 1.254296667151965361e-01
9.688575427051634392e+01 1.267141667063600152e-01
9.713720230214802598e+01 1.265309269754892607e-01
9.738711075112470894e+01 1.267211650872409889e-01
9.763880850310884796e+01 1.260930402587885357e-01
9.789195925073893534e+01 1.266299604811078616e-01
9.814276473823834124e+01 1.272662607390453449e-01
9.839200152577470249e+01 1.266308236318319236e-01
9.864436939619000100e+01 1.282981440995251410e-01
9.889657229158518703e+01 1.271228442068814968e-01
9.914654206758739008e+01 1.281644564581352619e-01
9.939737265117041431e+01 1.267970378291580491e-01
9.964971324453516388e+01 1.279870968192058367e-01
9.990221505033474614e+01 1.280762830208033165e-01
1.001521516083068519e+02 1.308122290819971056e-01
1.004020181344354228e+02 1.310277535500794233e-01
1.006555261342845853e+02 1.329049563299710968e-01
1.009078779715744503e+02 1.332243159630562279e-01
1.011564847190979037e+02 1.334849227068450606e-01
1.014077980390921851e+02 1.373869952610988210e-01
1.016621206036857075e+02 1.368633550634579532e-01
1.019133439536030323e+02 1.374729436721656706e-01
1.021611090492770160e+02 1.422759551208827022e-01
1.024134287982906386e+02 1.429095648663816776e-01
1.026689526987222933e+02 1.437997058881105295e-01
1.029179005362147450e+02 1.474326791281009019e-01
1.031645010122565509e+02 1.501122207165836997e-01
1.034190198448752227e+02 1.522537908046766308e-01
1.036740078018821123e+02 1.543081438063127198e-01
1.039223728592707516e+02 1.558077269706074908e-01
1.041718863957155321e+02 1.573738799500584706e-01
1.044269799004653407e+02 1.605379846743799910e-01
1.046773133673284093e+02 1.621333152039789449e-01
1.049203418007823814e+02 1.662174708056181338e-01
1.051759012379430231e+02 1.705471354942587892e-01
1.054364230283171651e+02 1.695973465036811900e-01
1.056811914497119176e+02 1.747277963808802070e-01
1.059215804876414495e+02 1.727179816126171163e-01
1.061816384917722758e+02 1.805037207740634309e-01
1.064472113030423515e+02 1.816715557954022842e-01
1.066878058983536732e+02 1.890942016217207755e-01
1.069236360402103827e+02 1.921245767447370689e-01
1.071892705778195563e+02 1.981220500301769105e-01
1.074586772409291342e+02 2.065075357721395943e-01
1.076879342587935611e+02 2.054243623909425553e-01
1.079185870885384446e+02 2.119272396780940981e-01
1.081956775747713095e+02 2.153206479525683337e-01
1.084728105259587352e+02 2.278236491567308675e-01
1.086839161354765366e+02 2.409436682983354949e-01
1.089114578639759117e+02 2.370457357043205815e-01
1.091979138747751392e+02 2.564593450620061832e-01
1.094826115122194068e+02 2.391255623788446361e-01
1.096995281563482934e+02 2.510963069994772701e-01
1.099149327348783771e+02 2.706333856262512216e-01
1.102017255337961075e+02 2.627331639393425955e-01
1.104879737748566555e+02 2.278932356368965351e-01
1.107157115274964241e+02 2.883425228433179610e-01
1.109132792987308136e+02 3.759317041383224423e-01
1.111862324688471801e+02 1.587161897821118828e-01
1.114398329385503388e+02 6.151271838223489885e-01
