3.559856489878782115e-01 4.179796820560691231e+02
6.031648866026231293e-01 2.420875639615912291e+02
8.579160745827347778e-01 1.767099318758253617e+02
1.113464310595710716e+00 1.272808071375777956e+02
1.374039914321364408e+00 1.193678062105604596e+02
1.619154704570298309e+00 9.237234325304966376e+01
1.870686673430271840e+00 9.167941841443122541e+01
2.123290040706380832e+00 7.813185462797706293e+01
2.378144976376236119e+00 7.035550775197198448e+01
2.630489925835516996e+00 5.935553408899451000e+01
2.878653162679494670e+00 6.043552728067371049e+01
3.131144366275339319e+00 5.100573755884619231e+01
3.388159578333816313e+00 4.607012221726800760e+01
3.638741848210948149e+00 4.253617296843341933e+01
3.888315910732085268e+00 3.859386333005128478e+01
4.139052155837465996e+00 3.628247266896587320e+01
4.390305777018236988e+00 3.244345427870303666e+01
4.642172339120373081e+00 2.996992559815494417e+01
4.894678666149941293e+00 2.821448770391234007e+01
5.147269052361176378e+00 2.557819098642468703e+01
5.398003206656323272e+00 2.278161679263954298e+01
5.647798235368590269e+00 2.114074339092460519e+01
5.900534302989873581e+00 2.024736882137650440e+01
6.151460297009074374e+00 1.878670329268503636e+01
6.402630176204441526e+00 1.758800677622905084e+01
6.655964674748322096e+00 1.686094963131113289e+01
6.908782583105771202e+00 1.633278658314112519e+01
7.159060853508338873e+00 1.521379992387222835e+01
7.409414762591408632e+00 1.428134717381687580e+01
7.659227149364629561e+00 1.380555188120921528e+01
7.911559474606142395e+00 1.293118693109241946e+01
8.163750941790897997e+00 1.209258005132591762e+01
8.415757210439384295e+00 1.151576877954708067e+01
8.667638839289207198e+00 1.097719436021822936e+01
8.918801124864609520e+00 1.038966104630121912e+01
9.170480108345369530e+00 9.984979407796707562e+00
9.420566033467249412e+00 9.552069681103301235e+00
9.671642335271435797e+00 9.155682356995290760e+00
9.923426157758477473e+00 8.644909105480818923e+00
1.017396902749181820e+01 8.352271445389469307e+00
1.042533700753922155e+01 7.923535527042350424e+00
1.067702948358784276e+01 7.569176127984316160e+00
1.092969337256462303e+01 7.373107248498685706e+00
1.118211872033766419e+01 6.968482526066308580e+00
1.143346516925797296e+01 6.625724299418036090e+00
1.168350508557724687e+01 6.285501581701510077e+00
1.193379937775929100e+01 5.986523126552494745e+00
1.218553055762879112e+01 5.852726587461352104e+00
1.243711650801278878e+01 5.587786698526674201e+00
1.268867268647359303e+01 5.371626515079544362e+00
1.294075027177769144e+01 5.251888345599602381e+00
1.319267287020158363e+01 4.979083809067244459e+00
1.344470571782862756e+01 4.857924617472111350e+00
1.369480150283709641e+01 4.608696791825798833e+00
1.394591277066507828e+01 4.464562375238726233e+00
1.419764645764527167e+01 4.275017441611717928e+00
1.444766774168416212e+01 4.128493200131044816e+00
1.469906835825429070e+01 4.002931993339154282e+00
1.495059118111036511e+01 3.864490101376324649e+00
1.520261612590052991e+01 3.740570285986215104e+00
1.545415944503929495e+01 3.571006808383411446e+00
1.570456072545780124e+01 3.445715125959637248e+00
1.595705800128773966e+01 3.290025997522286083e+00
1.620829297830731619e+01 3.204509557762830863e+00
1.645966591028190962e+01 3.071739202980981354e+00
1.671125708846596325e+01 2.959816695579493118e+00
1.696160259490052624e+01 2.855189056201397957e+00
1.721370276108077135e+01 2.765393064362142272e+00
1.746543424102250341e+01 2.670685696246871466e+00
1.771598473288305442e+01 2.574758076328796275e+00
1.796653767411944003e+01 2.501418817173934883e+00
1.821765658501893270e+01 2.419574293002658028e+00
1.847053788120423334e+01 2.340082786208812049e+00
1.872257696809484173e+01 2.267391321836824236e+00
1.897394097105746269e+01 2.213388470159552313e+00
1.922542454726159988e+01 2.135713490420421135e+00
1.947607703355479103e+01 2.093487732452104844e+00
1.972678839839982601e+01 2.017432036445994115e+00
1.997802698857814363e+01 1.944869734248465987e+00
2.022863620534168660e+01 1.897055380440992201e+00
2.047969598507238231e+01 1.829082787251717468e+00
2.073250439107362553e+01 1.773766836610098041e+00
2.098435855211640089e+01 1.734537444515983129e+00
2.123502923393334640e+01 1.683717290692755553e+00
2.148629411178690773e+01 1.638639660994663849e+00
2.173831825513516591e+01 1.603277581768480120e+00
2.198972260956887226e+01 1.555430065254217009e+00
2.223974971000711420e+01 1.532639372830803870e+00
2.249141870643862973e+01 1.464481363614571041e+00
2.274404614890906373e+01 1.427267113724514092e+00
2.299521835768831579e+01 1.394619674086071903e+00
2.324620084136223852e+01 1.355116941740748482e+00
2.349757798664387209e+01 1.311102646558852669e+00
2.374870488118759937e+01 1.269303870040716209e+00
2.399988781917473091e+01 1.238488360278262146e+00
2.425071646049711305e+01 1.199996101375062185e+00
2.450187830577813841e+01 1.161489681186049339e+00
2.475391093216606109e+01 1.125921713576764960e+00
2.500524226975159792e+01 1.102078989708494161e+00
2.525610980153284402e+01 1.065317393668495205e+00
2.550801425092822328e+01 1.044968831372758311e+00
2.575943113325822864e+01 1.019338629145113195e+00
2.601074166866445125e+01 9.887200240405076279e-01
2.626234447079615464e+01 9.606776978889264296e-01
2.651347712943701751e+01 9.303356596323539840e-01
2.676474177984877656e+01 9.056514235442226779e-01
2.701628079430242479e+01 8.857565032414778106e-01
2.726734205837282232e+01 8.561604938884443960e-01
2.751837013544679422e+01 8.394609633743939092e-01
2.776937726815812724e+01 8.227140506337327075e-01
2.802070160973895341e+01 7.989077315561309289e-01
2.827249982643487058e+01 7.823762658809394477e-01
2.852407603869968966e+01 7.633141341981892758e-01
2.877567300468570721e+01 7.370972115704289562e-01
2.902733523039245256e+01 7.210396111661159235e-01
2.927861073083739996e+01 7.039752381249426705e-01
2.953003196193969160e+01 6.879712020179653553e-01
2.978106336846375157e+01 6.750134271040240108e-01
3.003148440777084716e+01 6.547979423987613234e-01
3.028303386126418673e+01 6.418855059720498524e-01
3.053456493440382857e+01 6.247583354413450696e-01
3.078585183944906944e+01 6.116966024039269811e-01
3.103757946070165730e+01 5.923127589295884565e-01
3.128931656795834826e+01 5.744055073534172218e-01
3.154125974608096428e+01 5.654947657314014497e-01
3.179158626791808828e+01 5.536649101575342735e-01
3.204196438636942190e+01 5.396598702120397606e-01
3.229345624690945016e+01 5.257994086112494081e-01
3.254491795349546379e+01 5.106182984867199126e-01
3.279661199584414533e+01 4.971546603012476084e-01
3.304781054557115993e+01 4.847397803529541749e-01
3.329958828032162188e+01 4.711590165810643493e-01
3.355183723684311303e+01 4.590122521595337290e-01
3.380253855881218072e+01 4.498113979098917747e-01
3.405313147025059095e+01 4.392710253126194120e-01
3.430479305560803738e+01 4.280367372434756290e-01
3.455623390824965924e+01 4.209994760013656134e-01
3.480735498195039668e+01 4.115318470226427272e-01
3.505856438430107858e+01 4.008510918174453819e-01
3.531001549359893943e+01 3.914034026146124834e-01
3.556133107357548084e+01 3.823520192502536941e-01
3.581233698845250757e+01 3.745366346680873981e-01
3.606382608666838507e+01 3.656925643217303068e-01
3.631533331237931606e+01 3.565129686948610988e-01
3.656697642527945646e+01 3.498274300677131632e-01
3.681852327087045751e+01 3.419107581503237903e-01
3.706973766105884494e+01 3.341109237186412617e-01
3.732129678941971207e+01 3.258888091834819534e-01
3.757306314229551703e+01 3.206776383296927047e-01
3.782389924159279104e+01 3.123575877734189876e-01
3.807464007418068519e+01 3.052076972893096873e-01
3.832565302212735503e+01 2.994529780134809749e-01
3.857740378043642693e+01 2.930828344702997024e-01
3.882942253427300017e+01 2.853542880303402973e-01
3.908032307380011616e+01 2.786892793873126384e-01
3.933129330145365543e+01 2.713334717864080980e-01
3.958227876786669697e+01 2.657480670398988942e-01
3.983382520768443413e+01 2.598388435130276619e-01
4.008544842975349098e+01 2.531703201530401404e-01
4.033619301340542052e+01 2.487108776695642620e-01
4.058776599344974301e+01 2.422199735463126669e-01
4.083970221749189022e+01 2.372068610809004718e-01
4.109095921749577940e+01 2.315516253383027301e-01
4.134236727584069371e+01 2.269987935091164755e-01
4.159390229570379915e+01 2.223766379995723297e-01
4.184507899773220174e+01 2.174215359909431877e-01
4.209613747244114279e+01 2.119549786422226245e-01
4.234722818606434913e+01 2.069729356796340125e-01
4.259857332263157303e+01 2.018917920864536086e-01
4.285027109763341713e+01 1.982471626786692920e-01
4.310176195204312677e+01 1.934672454918805184e-01
4.335299280752174411e+01 1.887207067298492524e-01
4.360432095771267313e+01 1.850413830769293555e-01
4.385558663826572712e+01 1.816580915131011664e-01
4.410724528235365938e+01 1.767021872558501294e-01
4.435852190379520010e+01 1.732304815962440458e-01
4.460901713855037087e+01 1.692869690436558938e-01
4.486008510459071630e+01 1.663045431058684520e-01
4.511170295299168487e+01 1.620233434001107642e-01
4.536358210673532199e+01 1.594070207956036211e-01
4.561456198601624124e+01 1.552608960613756917e-01
4.586556721283918137e+01 1.511058337827723697e-01
4.611769651966599781e+01 1.488447391416175269e-01
4.636915627004315610e+01 1.448063151382212310e-01
4.662034887549072693e+01 1.424485739697123055e-01
4.687172305024841279e+01 1.388580361931110729e-01
4.712349745478636009e+01 1.357286795972855453e-01
4.737470617006108142e+01 1.324987472800245591e-01
4.762538569197067062e+01 1.300792542796309348e-01
4.787648835337603259e+01 1.267789400251534970e-01
4.812806309416585293e+01 1.239838439272889919e-01
4.837947377766823820e+01 1.208023987489104667e-01
4.863055608299239907e+01 1.188621102663980494e-01
4.888199020684587026e+01 1.155851771318073262e-01
4.913362466485948232e+01 1.130437018251311959e-01
4.938531946307731602e+01 1.104309128025465908e-01
4.963608988707425596e+01 1.082695607537113303e-01
4.988699356578750610e+01 1.058571244590812560e-01
5.013861839733769443e+01 1.036568477107370906e-01
5.038999807568713862e+01 1.014206423591959005e-01
5.064128572509015669e+01 9.881922511966510780e-02
5.089265153888026560e+01 9.699219606618408873e-02
5.114416620234485578e+01 9.551150569497049436e-02
5.139546355734375993e+01 9.304263148327493460e-02
5.164701680266333028e+01 9.094828209706880273e-02
5.189862905495089507e+01 8.892228975187042861e-02
5.214967308047777550e+01 8.736716974867174412e-02
5.240069291691047226e+01 8.551279456628424480e-02
5.265205790651547346e+01 8.360267755101404019e-02
5.290347041453212995e+01 8.201507295298385292e-02
5.315461969811498477e+01 8.005892090913446779e-02
5.340579219818222612e+01 7.827903641654450351e-02
5.365762065089100474e+01 7.694473827591274961e-02
5.390923473668377852e+01 7.554605534728409122e-02
5.416006359979510876e+01 7.350716661343748015e-02
5.441130437191114311e+01 7.196641597173494831e-02
5.466262745830391623e+01 7.060396050876840968e-02
5.491405993929731011e+01 6.924260938397673593e-02
5.516541491717607215e+01 6.783202285822728661e-02
5.541638268596229011e+01 6.630884862676124369e-02
5.566794564877197615e+01 6.496163360110740470e-02
5.591937805757883950e+01 6.355307185748482190e-02
5.617071533636728020e+01 6.220287855804951249e-02
5.642219117939477258e+01 6.106975527940265713e-02
5.667351334189861944e+01 5.996164835314795466e-02
5.692472708748548627e+01 5.870743328629055707e-02
5.717591204656960002e+01 5.756851854779647393e-02
5.742747687291149106e+01 5.621044677769899273e-02
5.767908487077198032e+01 5.517028826852751755e-02
5.793014671413330063e+01 5.409088553061730531e-02
5.818129395888691135e+01 5.292812949164486802e-02
5.843277276607519610e+01 5.190503359326200522e-02
5.868441457608106049e+01 5.077208766082993291e-02
5.893571635795849062e+01 4.997587989845472117e-02
5.918679860974395979e+01 4.887046870638866308e-02
5.943824578411374659e+01 4.794732145164663090e-02
5.968934443052460637e+01 4.705289215076732812e-02
5.994009881519919958e+01 4.604515241525227592e-02
6.019143008204730450e+01 4.517639025223352950e-02
6.044303967578304793e+01 4.432043408501716575e-02
6.069446539940648933e+01 4.363497236059478424e-02
6.094594283876522667e+01 4.280961088359121203e-02
6.119752142863568878e+01 4.204063592181402076e-02
6.144920707655568037e+01 4.129283241629734535e-02
6.170042875117553649e+01 4.065643803504281895e-02
6.195135852331920745e+01 3.996416387629216083e-02
6.220292279118605450e+01 3.928426131011148598e-02
6.245429299708936099e+01 3.861749936172885478e-02
6.270516484212564734e+01 3.791187793904604586e-02
6.295654789617530156e+01 3.737315036631053133e-02
6.320814180923495940e+01 3.676396281894250134e-02
6.345941573738152641e+01 3.605224826909722569e-02
6.371040057052023542e+01 3.553173785910263005e-02
6.396185745578683424e+01 3.487337712850058224e-02
6.421368546549915379e+01 3.440330332966877458e-02
6.446479073454199238e+01 3.376774532443495985e-02
6.471588673409551973e+01 3.298818127459118149e-02
6.496730834160189261e+01 3.238551554924328640e-02
6.521856319783852030e+01 3.170419629563026032e-02
6.546992987326736113e+01 3.107193515664693692e-02
6.572120553073852989e+01 3.043111708625467760e-02
6.597232322532917692e+01 2.983113732719922320e-02
6.622368994537650622e+01 2.912399970330151189e-02
6.647513103932683975e+01 2.856156207440552902e-02
6.672672959741110787e+01 2.786684283031099982e-02
6.697798244417811020e+01 2.743465879957836251e-02
6.722885542524284119e+01 2.674484316103088385e-02
6.748048616955249202e+01 2.617012825004856255e-02
6.773229923195737001e+01 2.554343015676113077e-02
6.798322572139460362e+01 2.503049225019731566e-02
6.823447173775937813e+01 2.454741222824129848e-02
6.848606896751729778e+01 2.405815534013507756e-02
6.873741544680683546e+01 2.355779368104059593e-02
6.898873787744179253e+01 2.308280654123595621e-02
6.923979673744193519e+01 2.255266540573376902e-02
6.949145441276264989e+01 2.206062455208093742e-02
6.974265210301840057e+01 2.169426215210926157e-02
6.999344031108012132e+01 2.125371712324760839e-02
7.024493114765583357e+01 2.080280915195498181e-02
7.049642464225027538e+01 2.031648593186860877e-02
7.074774315836204153e+01 1.988707840937965765e-02
7.099906993548422918e+01 1.945623962612769153e-02
7.125054486425644029e+01 1.905021869685603886e-02
7.150182990423201090e+01 1.865922618319285076e-02
7.175309169194970593e+01 1.836684833848102952e-02
7.200430886966613286e+01 1.793901748359526954e-02
7.225563655627148307e+01 1.762886047336216164e-02
7.250698057097335436e+01 1.723420973802879466e-02
7.275814540940223196e+01 1.688036283598958257e-02
7.300954011634642882e+01 1.657683982797133332e-02
7.326094744803241099e+01 1.626373892311944874e-02
7.351241635922633577e+01 1.594094134477148927e-02
7.376385704484314942e+01 1.564831264235271371e-02
7.401507686011912313e+01 1.528268000641787479e-02
7.426642983754513239e+01 1.500912287445383374e-02
7.451774392350500875e+01 1.463195315943869798e-02
7.476888196695857403e+01 1.440489448984382491e-02
7.502031254291918572e+01 1.410613884278258401e-02
7.527179980263341008e+01 1.384314212629536578e-02
7.552311252549999665e+01 1.356555425081959997e-02
7.577409780062980360e+01 1.331180671045196877e-02
7.602551875404107307e+01 1.302515894689208059e-02
7.627713348914349467e+01 1.279542892181028887e-02
7.652808863434110265e+01 1.248958353611098054e-02
7.677928937816385258e+01 1.226869700403642599e-02
7.703080422988723797e+01 1.201927070989819261e-02
7.728259641407451852e+01 1.174095176681982412e-02
7.753362846048165125e+01 1.156159280387823556e-02
7.778433144503740948e+01 1.128939637695096192e-02
7.803587445609785789e+01 1.113352167065016253e-02
7.828752478929132508e+01 1.090934821249048628e-02
7.853900368295268208e+01 1.066687555632522821e-02
7.879021312407734001e+01 1.047137739395830047e-02
7.904165509986182769e+01 1.026326520997679348e-02
7.929330413459700821e+01 1.010183759629711478e-02
7.954446877222407863e+01 9.878305640394749801e-03
7.979551714753698377e+01 9.654042857218991802e-03
8.004692165377868207e+01 9.496744368650228071e-03
8.029810489950233432e+01 9.317563786833057971e-03
8.054908874480256031e+01 9.119863529945797936e-03
8.080044321541014085e+01 8.976025238363582667e-03
8.105216211323228492e+01 8.833500641592193642e-03
8.130349433109076074e+01 8.656969722045930460e-03
8.155444015076058406e+01 8.501758032621315256e-03
8.180579598042007206e+01 8.358835567741720179e-03
8.205747345046690100e+01 8.207769776791213126e-03
8.230895288137371324e+01 8.048614036221486689e-03
8.256017853616197044e+01 7.940830934420198620e-03
8.281171136842024794e+01 7.767539608374448429e-03
8.306338874103768433e+01 7.613312095765552290e-03
8.331416972271263433e+01 7.503121718641014501e-03
8.356490365514949303e+01 7.337867477624461336e-03
8.381669207113579034e+01 7.239703614773286208e-03
8.406812178552961257e+01 7.085072582104948863e-03
8.431890933464019611e+01 6.999060562366146362e-03
8.457023187027826339e+01 6.832064640448255732e-03
8.482151559398789686e+01 6.709470986131160601e-03
8.507283003168710422e+01 6.595552616304081739e-03
8.532426808165841692e+01 6.501366408132302870e-03
8.557600476924378086e+01 6.360950717154915078e-03
8.582757594343893004e+01 6.252432441516350865e-03
8.607831587296919906e+01 6.166505940847771296e-03
8.632961333877408094e+01 6.034952950159016248e-03
8.658121923681562748e+01 5.915455014314728241e-03
8.683268673150530503e+01 5.820791174610721354e-03
8.708396519721972595e+01 5.770563367426493999e-03
8.733506961066505880e+01 5.642449731506568762e-03
8.758618105842411694e+01 5.567424053709598905e-03
8.783752567351578477e+01 5.448518925921814332e-03
8.808868914679788986e+01 5.391709935443553085e-03
8.833994003395393690e+01 5.249323618552427344e-03
8.859174898584991809e+01 5.146035434919754049e-03
8.884303273375222432e+01 5.042911940942635188e-03
8.909352487970716084e+01 4.977233298337826843e-03
8.934511690540148265e+01 4.878248012608368302e-03
8.959715158813172309e+01 4.791667965131684095e-03
8.984803368908821142e+01 4.763203962131990106e-03
9.009924288814356430e+01 4.590757863910152614e-03
9.035039732041329330e+01 4.490833686388553264e-03
9.060151066709157419e+01 4.398116085810567510e-03
9.085215645777752513e+01 4.299845469582821468e-03
9.110358912880106175e+01 4.200617349137957500e-03
9.135593221689693166e+01 4.111104798710117983e-03
9.160680049007517312e+01 3.987909654728959835e-03
9.185814296072571494e+01 3.911378672960150356e-03
9.211014914083067140e+01 3.831414020875539145e-03
9.236133039430572467e+01 3.746875962588954931e-03
9.261226961967061300e+01 3.667736865640901407e-03
9.286339612223196127e+01 3.580027208154976277e-03
9.311503395193372512e+01 3.534995170110616976e-03
9.336621751977830286e+01 3.436206185158198045e-03
9.361677474844866254e+01 3.426557120528718730e-03
9.386828402731896404e+01 3.308019310660163977e-03
9.412013166396859276e+01 3.250673098516885986e-03
9.437159577797395116e+01 3.167794552099774136e-03
9.462215507964623384e+01 3.123142517901043424e-03
9.487303142853234306e+01 3.034358152995695560e-03
9.512563612801736213e+01 3.011010067067464158e-03
9.537712370347337298e+01 2.967670766426509007e-03
9.562770329733204733e+01 2.896441536670373539e-03
9.587952553542562839e+01 2.816926319981661805e-03
9.613214193709879396e+01 2.746845689532196461e-03
9.638292294616348954e+01 2.687885276669210212e-03
9.663323205539920480e+01 2.657066425877881166e-03
9.688575427051634392e+01 2.614616110496460668e-03
9.713720230214802598e+01 2.574683875399404361e-03
9.738711075112470894e+01 2.557645989876537393e-03
9.763880850310884796e+01 2.505085208794329693e-03
9.789195925073893534e+01 2.461282089416995042e-03
9.814276473823834124e+01 2.415934025074983546e-03
9.839200152577470249e+01 2.349489564285834383e-03
9.864436939619000100e+01 2.354816896038113960e-03
9.889657229158518703e+01 2.316395900240212843e-03
9.914654206758739008e+01 2.300808877849779954e-03
9.939737265117041431e+01 2.257040573063355537e-03
9.964971324453516388e+01 2.213265162163306505e-03
9.990221505033474614e+01 2.179901907088090986e-03
1.001521516083068519e+02 2.125428653626451093e-03
1.004020181344354228e+02 2.095147912924707947e-03
1.006555261342845853e+02 2.075885507994635910e-03
1.009078779715744503e+02 2.084490323235729456e-03
1.011564847190979037e+02 2.045511069236903394e-03
1.014077980390921851e+02 1.960998015129728888e-03
1.016621206036857075e+02 1.963528000762847225e-03
1.019133439536030323e+02 1.902627621050452652e-03
1.021611090492770160e+02 1.850779488815933573e-03
1.024134287982906386e+02 1.853331043431579676e-03
1.026689526987222933e+02 1.834322113566799837e-03
1.029179005362147450e+02 1.777078284419517313e-03
1.031645010122565509e+02 1.760564869600784229e-03
1.034190198448752227e+02 1.776990077522138224e-03
1.036740078018821123e+02 1.774430892199487918e-03
1.039223728592707516e+02 1.737107143971360762e-03
1.041718863957155321e+02 1.715724170789300089e-03
1.044269799004653407e+02 1.674267212696950013e-03
1.046773133673284093e+02 1.699016271391111648e-03
1.049203418007823814e+02 1.700419153125846744e-03
1.051759012379430231e+02 1.699088703106014240e-03
1.054364230283171651e+02 1.665857757708368025e-03
1.056811914497119176e+02 1.655732411679122036e-03
1.059215804876414495e+02 1.654192899227475543e-03
1.061816384917722758e+02 1.650528970970182143e-03
1.064472113030423515e+02 1.629470163021886839e-03
1.066878058983536732e+02 1.601101300423577681e-03
1.069236360402103827e+02 1.608415657388674504e-03
1.071892705778195563e+02 1.565476067472159694e-03
1.074586772409291342e+02 1.534384063609785373e-03
1.076879342587935611e+02 1.556189196353729856e-03
1.079185870885384446e+02 1.629561913691334905e-03
1.081956775747713095e+02 1.554449061079906389e-03
1.084728105259587352e+02 1.513074197706905421e-03
1.086839161354765366e+02 1.502783655626963033e-03
1.089114578639759117e+02 1.526814841950701251e-03
1.091979138747751392e+02 1.633419795552667683e-03
1.094826115122194068e+02 1.483714289570364775e-03
1.096995281563482934e+02 1.576416279781910935e-03
1.099149327348783771e+02 1.666644486581260205e-03
1.102017255337961075e+02 1.419836361138277761e-03
1.104879737748566555e+02 1.302866459505850434e-03
1.107157115274964241e+02 1.637126932288657981e-03
1.109132792987308136e+02 1.152309878862484323e-03
1.111862324688471801e+02 9.032984925152249709e-04
1.114398329385503388e+02 5.098199052209222062e-04
