3.559856489878782115e-01 4.172140294069928927e+02
6.031648866026231293e-01 2.414119743435706766e+02
8.579160745827347778e-01 1.758239642771497699e+02
1.113464310595710716e+00 1.262305131603392141e+02
1.374039914321364408e+00 1.179000211516631964e+02
1.619154704570298309e+00 9.089467313436608720e+01
1.870686673430271840e+00 8.995263078579208127e+01
2.123290040706380832e+00 7.642910353259016176e+01
2.378144976376236119e+00 6.843375287326402656e+01
2.630489925835516996e+00 5.728500637453941380e+01
2.878653162679494670e+00 5.777997558222776320e+01
3.131144366275339319e+00 4.852495091221620527e+01
3.388159578333816313e+00 4.372009834839341380e+01
3.638741848210948149e+00 3.995744583872832578e+01
3.888315910732085268e+00 3.581053603231743665e+01
4.139052155837465996e+00 3.314918179283472455e+01
4.390305777018236988e+00 2.917592067598450001e+01
4.642172339120373081e+00 2.686335030957849668e+01
4.894678666149941293e+00 2.487984528560598108e+01
5.147269052361176378e+00 2.233532331525042380e+01
5.398003206656323272e+00 1.979941834602461981e+01
5.647798235368590269e+00 1.828479357975006536e+01
5.900534302989873581e+00 1.721693141034493379e+01
6.151460297009074374e+00 1.574110414931942792e+01
6.402630176204441526e+00 1.446763816386777179e+01
6.655964674748322096e+00 1.359184042849001806e+01
6.908782583105771202e+00 1.302455071596476088e+01
7.159060853508338873e+00 1.183810007318045976e+01
7.409414762591408632e+00 1.101427247048086322e+01
7.659227149364629561e+00 1.060890078353104826e+01
7.911559474606142395e+00 9.849133914783720911e+00
8.163750941790897997e+00 9.141149907099487493e+00
8.415757210439384295e+00 8.537585987386602682e+00
8.667638839289207198e+00 8.059109668633206880e+00
8.918801124864609520e+00 7.587373722358720762e+00
9.170480108345369530e+00 7.188336890112895006e+00
9.420566033467249412e+00 6.756686604296118226e+00
9.671642335271435797e+00 6.417335112657339913e+00
9.923426157758477473e+00 5.994985430733964726e+00
1.017396902749181820e+01 5.761359358354931182e+00
1.042533700753922155e+01 5.359368189927808501e+00
1.067702948358784276e+01 5.061358003574275344e+00
1.092969337256462303e+01 4.876992103885598340e+00
1.118211872033766419e+01 4.575132383891869381e+00
1.143346516925797296e+01 4.334125022518208858e+00
1.168350508557724687e+01 4.094027453318916265e+00
1.193379937775929100e+01 3.857212460555018207e+00
1.218553055762879112e+01 3.743438493728507233e+00
1.243711650801278878e+01 3.508780491741399832e+00
1.268867268647359303e+01 3.351188762780327401e+00
1.294075027177769144e+01 3.215341734023306142e+00
1.319267287020158363e+01 3.019819616639640270e+00
1.344470571782862756e+01 2.885060462503958867e+00
1.369480150283709641e+01 2.720312123832237194e+00
1.394591277066507828e+01 2.587022904624843189e+00
1.419764645764527167e+01 2.467098825868424772e+00
1.444766774168416212e+01 2.332467734790092617e+00
1.469906835825429070e+01 2.226547888761366334e+00
1.495059118111036511e+01 2.134979109462631808e+00
1.520261612590052991e+01 2.047042493270152974e+00
1.545415944503929495e+01 1.936895323240699351e+00
1.570456072545780124e+01 1.846527108666946138e+00
1.595705800128773966e+01 1.760365537734655206e+00
1.620829297830731619e+01 1.695280568683105837e+00
1.645966591028190962e+01 1.617214764595388488e+00
1.671125708846596325e+01 1.547943966441756025e+00
1.696160259490052624e+01 1.478498601042346872e+00
1.721370276108077135e+01 1.414464535328249672e+00
1.746543424102250341e+01 1.361238388746533134e+00
1.771598473288305442e+01 1.290359554951268306e+00
1.796653767411944003e+01 1.240242761148506956e+00
1.821765658501893270e+01 1.188788686540665829e+00
1.847053788120423334e+01 1.134163921172845813e+00
1.872257696809484173e+01 1.090132587121849017e+00
1.897394097105746269e+01 1.043325801902008187e+00
1.922542454726159988e+01 9.992189778464030114e-01
1.947607703355479103e+01 9.628551660785611421e-01
1.972678839839982601e+01 9.216994353051867206e-01
1.997802698857814363e+01 8.799484337681129364e-01
2.022863620534168660e+01 8.529912681059010904e-01
2.047969598507238231e+01 8.116601442438746705e-01
2.073250439107362553e+01 7.776613467394172252e-01
2.098435855211640089e+01 7.446723395058748585e-01
2.123502923393334640e+01 7.110143558134589536e-01
2.148629411178690773e+01 6.871763748677592876e-01
2.173831825513516591e+01 6.585553411707640858e-01
2.198972260956887226e+01 6.310110487020517134e-01
2.223974971000711420e+01 6.112448335972493485e-01
2.249141870643862973e+01 5.788927445658558213e-01
2.274404614890906373e+01 5.613262595185998238e-01
2.299521835768831579e+01 5.400274400171267697e-01
2.324620084136223852e+01 5.158163882487654117e-01
2.349757798664387209e+01 4.948018857877828358e-01
2.374870488118759937e+01 4.757335557423602590e-01
2.399988781917473091e+01 4.568002436979733960e-01
2.425071646049711305e+01 4.417011402294076516e-01
2.450187830577813841e+01 4.207674650014532336e-01
2.475391093216606109e+01 4.044496263308659523e-01
2.500524226975159792e+01 3.891484910596505475e-01
2.525610980153284402e+01 3.733003547549657020e-01
2.550801425092822328e+01 3.615466369873552299e-01
2.575943113325822864e+01 3.453264389506593979e-01
2.601074166866445125e+01 3.325714733600188544e-01
2.626234447079615464e+01 3.205332847230628057e-01
2.651347712943701751e+01 3.090792236755305344e-01
2.676474177984877656e+01 2.946773425276549840e-01
2.701628079430242479e+01 2.868004978872716881e-01
2.726734205837282232e+01 2.740062215772479659e-01
2.751837013544679422e+01 2.659467945058926475e-01
2.776937726815812724e+01 2.567039212616955002e-01
2.802070160973895341e+01 2.452465844252121885e-01
2.827249982643487058e+01 2.380027124293430385e-01
2.852407603869968966e+01 2.307306164052734532e-01
2.877567300468570721e+01 2.213098564755121289e-01
2.902733523039245256e+01 2.151331010355387319e-01
2.927861073083739996e+01 2.067634369556446139e-01
2.953003196193969160e+01 2.013998703442944627e-01
2.978106336846375157e+01 1.957248655858201125e-01
3.003148440777084716e+01 1.883306399533142828e-01
3.028303386126418673e+01 1.831888397638263277e-01
3.053456493440382857e+01 1.772888129638383603e-01
3.078585183944906944e+01 1.708427864304734589e-01
3.103757946070165730e+01 1.656622025314289648e-01
3.128931656795834826e+01 1.597616482944740623e-01
3.154125974608096428e+01 1.554485522109823881e-01
3.179158626791808828e+01 1.513320225113841400e-01
3.204196438636942190e+01 1.454285272299590814e-01
3.229345624690945016e+01 1.416059485713414834e-01
3.254491795349546379e+01 1.365355118889879371e-01
3.279661199584414533e+01 1.324080400450457495e-01
3.304781054557115993e+01 1.281546375855842079e-01
3.329958828032162188e+01 1.235564331733310650e-01
3.355183723684311303e+01 1.204258196242631307e-01
3.380253855881218072e+01 1.165145912806466455e-01
3.405313147025059095e+01 1.135003624060777899e-01
3.430479305560803738e+01 1.098696880359657652e-01
3.455623390824965924e+01 1.065846037786225692e-01
3.480735498195039668e+01 1.033775784176724222e-01
3.505856438430107858e+01 1.009963682874091273e-01
3.531001549359893943e+01 9.762257148992951883e-02
3.556133107357548084e+01 9.475440398179175994e-02
3.581233698845250757e+01 9.218114117569543853e-02
3.606382608666838507e+01 8.991491311526725316e-02
3.631533331237931606e+01 8.731816304151579500e-02
3.656697642527945646e+01 8.473841124363976074e-02
3.681852327087045751e+01 8.217013273737093504e-02
3.706973766105884494e+01 8.007056823249486532e-02
3.732129678941971207e+01 7.803177903229489842e-02
3.757306314229551703e+01 7.565245428318903564e-02
3.782389924159279104e+01 7.373768142430560391e-02
3.807464007418068519e+01 7.200896273045491458e-02
3.832565302212735503e+01 7.013127089106005463e-02
3.857740378043642693e+01 6.813009483887465245e-02
3.882942253427300017e+01 6.621278723976178893e-02
3.908032307380011616e+01 6.458058304372737979e-02
3.933129330145365543e+01 6.289888745659773239e-02
3.958227876786669697e+01 6.138160003789313451e-02
3.983382520768443413e+01 5.998009526502696975e-02
4.008544842975349098e+01 5.832262781131713342e-02
4.033619301340542052e+01 5.711594961100802809e-02
4.058776599344974301e+01 5.559205893998868386e-02
4.083970221749189022e+01 5.435502333353924020e-02
4.109095921749577940e+01 5.310306586873777407e-02
4.134236727584069371e+01 5.161635350787754928e-02
4.159390229570379915e+01 5.045523230133747150e-02
4.184507899773220174e+01 4.933636771263041898e-02
4.209613747244114279e+01 4.792884319026090995e-02
4.234722818606434913e+01 4.684669744370170696e-02
4.259857332263157303e+01 4.576084658113555720e-02
4.285027109763341713e+01 4.478107308622669008e-02
4.310176195204312677e+01 4.399143616134269102e-02
4.335299280752174411e+01 4.283297047474568520e-02
4.360432095771267313e+01 4.186598276583695932e-02
4.385558663826572712e+01 4.097333857704753279e-02
4.410724528235365938e+01 4.001638196264638986e-02
4.435852190379520010e+01 3.895379012670102670e-02
4.460901713855037087e+01 3.821858371112268199e-02
4.486008510459071630e+01 3.724113060466484326e-02
4.511170295299168487e+01 3.645070402991212183e-02
4.536358210673532199e+01 3.558231144723136147e-02
4.561456198601624124e+01 3.472953186615822252e-02
4.586556721283918137e+01 3.412477165076966551e-02
4.611769651966599781e+01 3.326270312883475994e-02
4.636915627004315610e+01 3.251358946813442952e-02
4.662034887549072693e+01 3.182092564264748374e-02
4.687172305024841279e+01 3.112670636092671958e-02
4.712349745478636009e+01 3.054787659866570540e-02
4.737470617006108142e+01 2.981068956550114377e-02
4.762538569197067062e+01 2.919129369618905095e-02
4.787648835337603259e+01 2.865127965650204195e-02
4.812806309416585293e+01 2.793312529941236605e-02
4.837947377766823820e+01 2.759413602279899014e-02
4.863055608299239907e+01 2.696441481539309584e-02
4.888199020684587026e+01 2.641022198653031686e-02
4.913362466485948232e+01 2.595968997056891450e-02
4.938531946307731602e+01 2.529630714979383757e-02
4.963608988707425596e+01 2.490348301106213788e-02
4.988699356578750610e+01 2.443931082920299674e-02
5.013861839733769443e+01 2.398939421418105206e-02
5.038999807568713862e+01 2.352683249180970854e-02
5.064128572509015669e+01 2.320458136535681962e-02
5.089265153888026560e+01 2.273021271384384825e-02
5.114416620234485578e+01 2.234901664776443170e-02
5.139546355734375993e+01 2.188999137258590758e-02
5.164701680266333028e+01 2.158811809892935765e-02
5.189862905495089507e+01 2.116624687027187160e-02
5.214967308047777550e+01 2.080249855249205818e-02
5.240069291691047226e+01 2.040111304957920035e-02
5.265205790651547346e+01 2.017408369502057472e-02
5.290347041453212995e+01 1.973257674678992671e-02
5.315461969811498477e+01 1.929254730869456314e-02
5.340579219818222612e+01 1.905077443419698341e-02
5.365762065089100474e+01 1.878208037426056312e-02
5.390923473668377852e+01 1.850600194795035472e-02
5.416006359979510876e+01 1.812828255054737062e-02
5.441130437191114311e+01 1.788386283983457725e-02
5.466262745830391623e+01 1.759723709995247160e-02
5.491405993929731011e+01 1.728536467115204117e-02
5.516541491717607215e+01 1.707432611228029695e-02
5.541638268596229011e+01 1.677248356184744132e-02
5.566794564877197615e+01 1.651653260973365983e-02
5.591937805757883950e+01 1.630269512773537335e-02
5.617071533636728020e+01 1.605007528369844019e-02
5.642219117939477258e+01 1.576076522391722454e-02
5.667351334189861944e+01 1.558626846897287477e-02
5.692472708748548627e+01 1.540100397992000270e-02
5.717591204656960002e+01 1.516917372497991398e-02
5.742747687291149106e+01 1.498613552143512884e-02
5.767908487077198032e+01 1.477746113797942518e-02
5.793014671413330063e+01 1.461656730296583863e-02
5.818129395888691135e+01 1.435870372295736976e-02
5.843277276607519610e+01 1.422132676727734350e-02
5.868441457608106049e+01 1.401835291639013520e-02
5.893571635795849062e+01 1.386614136418549276e-02
5.918679860974395979e+01 1.375547189466043950e-02
5.943824578411374659e+01 1.360249842634773249e-02
5.968934443052460637e+01 1.344140240398320266e-02
5.994009881519919958e+01 1.334700830164108933e-02
6.019143008204730450e+01 1.314350580167738744e-02
6.044303967578304793e+01 1.301097955621741999e-02
6.069446539940648933e+01 1.288542443014875118e-02
6.094594283876522667e+01 1.275100751754218095e-02
6.119752142863568878e+01 1.268471784679424570e-02
6.144920707655568037e+01 1.250193785100200787e-02
6.170042875117553649e+01 1.243801228631112761e-02
6.195135852331920745e+01 1.233822817464571078e-02
6.220292279118605450e+01 1.221823507745821609e-02
6.245429299708936099e+01 1.215113012221440310e-02
6.270516484212564734e+01 1.204994592289139813e-02
6.295654789617530156e+01 1.199571339755670270e-02
6.320814180923495940e+01 1.193640117352502694e-02
6.345941573738152641e+01 1.183405227847668384e-02
6.371040057052023542e+01 1.179176017373149109e-02
6.396185745578683424e+01 1.173522103122126223e-02
6.421368546549915379e+01 1.166167471546301210e-02
6.446479073454199238e+01 1.156987217632042021e-02
6.471588673409551973e+01 1.139846787136085220e-02
6.496730834160189261e+01 1.127206491085798803e-02
6.521856319783852030e+01 1.118964175743102953e-02
6.546992987326736113e+01 1.109052529417010706e-02
6.572120553073852989e+01 1.095784649721639331e-02
6.597232322532917692e+01 1.087853334331167696e-02
6.622368994537650622e+01 1.076979507138359389e-02
6.647513103932683975e+01 1.069909309620595793e-02
6.672672959741110787e+01 1.061279962153890109e-02
6.697798244417811020e+01 1.047857603748373993e-02
6.722885542524284119e+01 1.043645802871321325e-02
6.748048616955249202e+01 1.034118297096233048e-02
6.773229923195737001e+01 1.024354243030166020e-02
6.798322572139460362e+01 1.016190162561990233e-02
6.823447173775937813e+01 1.009553068831573787e-02
6.848606896751729778e+01 9.976699719211098993e-03
6.873741544680683546e+01 9.842048656914726551e-03
6.898873787744179253e+01 9.764916860494318382e-03
6.923979673744193519e+01 9.657600238050432356e-03
6.949145441276264989e+01 9.571805369931019047e-03
6.974265210301840057e+01 9.520685883518766046e-03
6.999344031108012132e+01 9.440110310346161784e-03
7.024493114765583357e+01 9.348828059681910455e-03
7.049642464225027538e+01 9.246770721909684451e-03
7.074774315836204153e+01 9.207313930026933893e-03
7.099906993548422918e+01 9.093756187037064370e-03
7.125054486425644029e+01 9.037354969046054384e-03
7.150182990423201090e+01 8.995858925585391991e-03
7.175309169194970593e+01 8.914506034580681193e-03
7.200430886966613286e+01 8.837395661132740193e-03
7.225563655627148307e+01 8.801409556427127953e-03
7.250698057097335436e+01 8.732085883724410164e-03
7.275814540940223196e+01 8.711833022045494326e-03
7.300954011634642882e+01 8.610142442879839889e-03
7.326094744803241099e+01 8.531807878603667877e-03
7.351241635922633577e+01 8.456130087566514006e-03
7.376385704484314942e+01 8.400045326065882709e-03
7.401507686011912313e+01 8.346743691827343894e-03
7.426642983754513239e+01 8.326867198222986585e-03
7.451774392350500875e+01 8.265126589424232756e-03
7.476888196695857403e+01 8.201734005455998955e-03
7.502031254291918572e+01 8.150180246965300565e-03
7.527179980263341008e+01 8.130643407915222332e-03
7.552311252549999665e+01 8.075498425357988813e-03
7.577409780062980360e+01 7.999898078787863465e-03
7.602551875404107307e+01 7.973835466626430502e-03
7.627713348914349467e+01 7.954296394749220747e-03
7.652808863434110265e+01 7.919929958321208011e-03
7.677928937816385258e+01 7.857712190705707506e-03
7.703080422988723797e+01 7.866767057506275987e-03
7.728259641407451852e+01 7.842753213661323927e-03
7.753362846048165125e+01 7.824831440472556840e-03
7.778433144503740948e+01 7.778878456276742438e-03
7.803587445609785789e+01 7.784881413287031773e-03
7.828752478929132508e+01 7.768344400566381223e-03
7.853900368295268208e+01 7.754040518159282212e-03
7.879021312407734001e+01 7.748658995518700743e-03
7.904165509986182769e+01 7.682064173079244246e-03
7.929330413459700821e+01 7.707425932387412457e-03
7.954446877222407863e+01 7.702350049142069922e-03
7.979551714753698377e+01 7.682671704442654674e-03
8.004692165377868207e+01 7.689235306747461626e-03
8.029810489950233432e+01 7.656287818332987646e-03
8.054908874480256031e+01 7.670783725554818945e-03
8.080044321541014085e+01 7.681240178587134433e-03
8.105216211323228492e+01 7.659846944762423344e-03
8.130349433109076074e+01 7.671994641947699548e-03
8.155444015076058406e+01 7.710833459756595044e-03
8.180579598042007206e+01 7.697577555627292158e-03
8.205747345046690100e+01 7.698796324475741353e-03
8.230895288137371324e+01 7.660728734072636339e-03
8.256017853616197044e+01 7.675459093721537403e-03
8.281171136842024794e+01 7.692878875289151271e-03
8.306338874103768433e+01 7.700657549441341891e-03
8.331416972271263433e+01 7.713482666600636473e-03
8.356490365514949303e+01 7.718201551004123459e-03
8.381669207113579034e+01 7.726364072387663026e-03
8.406812178552961257e+01 7.692556010232264388e-03
8.431890933464019611e+01 7.715103158579638201e-03
8.457023187027826339e+01 7.764450237564886163e-03
8.482151559398789686e+01 7.769478165609554517e-03
8.507283003168710422e+01 7.821342736844125870e-03
8.532426808165841692e+01 7.830819008162280895e-03
8.557600476924378086e+01 7.856747382230242979e-03
8.582757594343893004e+01 7.871070668154532546e-03
8.607831587296919906e+01 7.931549459390124443e-03
8.632961333877408094e+01 7.907377368410033538e-03
8.658121923681562748e+01 7.899756022478580594e-03
8.683268673150530503e+01 7.928565348313820760e-03
8.708396519721972595e+01 7.964728194564863265e-03
8.733506961066505880e+01 8.008068087336147126e-03
8.758618105842411694e+01 7.992569084148670386e-03
8.783752567351578477e+01 8.019822633886982202e-03
8.808868914679788986e+01 8.049069065038806647e-03
8.833994003395393690e+01 7.991792273613400333e-03
8.859174898584991809e+01 8.085832793375524394e-03
8.884303273375222432e+01 8.110622668662168661e-03
8.909352487970716084e+01 8.136289970646901071e-03
8.934511690540148265e+01 8.116855101832791408e-03
8.959715158813172309e+01 8.093968595839558244e-03
8.984803368908821142e+01 8.105364920906110368e-03
9.009924288814356430e+01 8.060159870053830097e-03
9.035039732041329330e+01 7.992151690215224674e-03
9.060151066709157419e+01 7.960273783859833294e-03
9.085215645777752513e+01 7.956329165469342921e-03
9.110358912880106175e+01 7.935947243607903434e-03
9.135593221689693166e+01 7.926504674616429574e-03
9.160680049007517312e+01 7.889825992439083654e-03
9.185814296072571494e+01 7.859320955423141145e-03
9.211014914083067140e+01 7.742046411591846367e-03
9.236133039430572467e+01 7.759353321351105531e-03
9.261226961967061300e+01 7.729777457775154764e-03
9.286339612223196127e+01 7.687095778058396049e-03
9.311503395193372512e+01 7.735589732293685940e-03
9.336621751977830286e+01 7.687251471412557408e-03
9.361677474844866254e+01 7.633927780351888563e-03
9.386828402731896404e+01 7.630024627153172284e-03
9.412013166396859276e+01 7.613175645099229914e-03
9.437159577797395116e+01 7.612890875030936359e-03
9.462215507964623384e+01 7.635727214029662188e-03
9.487303142853234306e+01 7.544424683159235874e-03
9.512563612801736213e+01 7.579998751579606828e-03
9.537712370347337298e+01 7.579296721165574430e-03
9.562770329733204733e+01 7.643997674152279605e-03
9.587952553542562839e+01 7.645504847292616292e-03
9.613214193709879396e+01 7.637330306743159852e-03
9.638292294616348954e+01 7.654248778368350457e-03
9.663323205539920480e+01 7.717304349435664783e-03
9.688575427051634392e+01 7.734857860709897816e-03
9.713720230214802598e+01 7.820537730510971827e-03
9.738711075112470894e+01 7.830375267085505284e-03
9.763880850310884796e+01 7.899788681078150077e-03
9.789195925073893534e+01 7.837431261139712890e-03
9.814276473823834124e+01 7.838093500343635417e-03
9.839200152577470249e+01 7.831575237906457029e-03
9.864436939619000100e+01 7.946788178606559866e-03
9.889657229158518703e+01 8.022254614768810008e-03
9.914654206758739008e+01 8.050558732563582037e-03
9.939737265117041431e+01 8.194368735007442547e-03
9.964971324453516388e+01 8.240132362071373590e-03
9.990221505033474614e+01 8.402198331537496720e-03
1.001521516083068519e+02 8.392794920424329064e-03
1.004020181344354228e+02 8.431574746889785102e-03
1.006555261342845853e+02 8.637619244345435404e-03
1.009078779715744503e+02 8.640300074037755157e-03
1.011564847190979037e+02 8.769501864098383850e-03
1.014077980390921851e+02 8.951174284428353375e-03
1.016621206036857075e+02 9.183995672852345374e-03
1.019133439536030323e+02 9.177204261089998150e-03
1.021611090492770160e+02 9.213258464383729598e-03
1.024134287982906386e+02 9.371166309176328854e-03
1.026689526987222933e+02 9.450944651092099691e-03
1.029179005362147450e+02 9.583315602317845142e-03
1.031645010122565509e+02 9.624506250786890940e-03
1.034190198448752227e+02 9.725186131554500180e-03
1.036740078018821123e+02 9.857677500257228456e-03
1.039223728592707516e+02 1.009336707965030264e-02
1.041718863957155321e+02 9.974332425682217590e-03
1.044269799004653407e+02 1.033473618294968900e-02
1.046773133673284093e+02 1.054997626651961451e-02
1.049203418007823814e+02 1.090690540406254530e-02
1.051759012379430231e+02 1.073508028521607052e-02
1.054364230283171651e+02 1.099247381995260842e-02
1.056811914497119176e+02 1.125642832804472915e-02
1.059215804876414495e+02 1.161583165358508196e-02
1.061816384917722758e+02 1.124979995067891016e-02
1.064472113030423515e+02 1.139384095406129928e-02
1.066878058983536732e+02 1.159113501441612175e-02
1.069236360402103827e+02 1.198722081895222356e-02
1.071892705778195563e+02 1.202787541492761174e-02
1.074586772409291342e+02 1.219910987345855513e-02
1.076879342587935611e+02 1.223526169264582165e-02
1.079185870885384446e+02 1.184999636044401124e-02
1.081956775747713095e+02 1.268998418843474314e-02
1.084728105259587352e+02 1.215220103946162977e-02
1.086839161354765366e+02 1.245220192836775722e-02
1.089114578639759117e+02 1.288868864637660733e-02
1.091979138747751392e+02 1.354910976769577342e-02
1.094826115122194068e+02 1.352992927354318420e-02
1.096995281563482934e+02 1.355606569296081802e-02
1.099149327348783771e+02 1.537407712231784150e-02
1.102017255337961075e+02 1.497548989150061273e-02
1.104879737748566555e+02 1.564009560936212989e-02
1.107157115274964241e+02 1.444135786752763495e-02
1.109132792987308136e+02 1.630265520087693931e-02
1.111862324688471801e+02 1.229801811064789446e-02
1.114398329385503388e+02 2.323971480954317367e-02
