3.559856489878782115e-01 4.175794149292602242e+02
6.031648866026231293e-01 2.420452471592109873e+02
8.579160745827347778e-01 1.771221750487039230e+02
1.113464310595710716e+00 1.280870233574486576e+02
1.374039914321364408e+00 1.204678480012532873e+02
1.619154704570298309e+00 9.311799764394596934e+01
1.870686673430271840e+00 9.280587514399377369e+01
2.123290040706380832e+00 7.846372681757445378e+01
2.378144976376236119e+00 7.125044595261536529e+01
2.630489925835516996e+00 6.061254011978176237e+01
2.878653162679494670e+00 6.099117505628971259e+01
3.131144366275339319e+00 5.143836934926042659e+01
3.388159578333816313e+00 4.663807432479725890e+01
3.638741848210948149e+00 4.339663535697217611e+01
3.888315910732085268e+00 3.874073247011548915e+01
4.139052155837465996e+00 3.630516154785735239e+01
4.390305777018236988e+00 3.258566088733903854e+01
4.642172339120373081e+00 3.031004374114405664e+01
4.894678666149941293e+00 2.820255715671058638e+01
5.147269052361176378e+00 2.589333414643212805e+01
5.398003206656323272e+00 2.311634475955453993e+01
5.647798235368590269e+00 2.135656183814275977e+01
5.900534302989873581e+00 2.035632697807431057e+01
6.151460297009074374e+00 1.911372356373608383e+01
6.402630176204441526e+00 1.802978791235830869e+01
6.655964674748322096e+00 1.695199838424785099e+01
6.908782583105771202e+00 1.674132077489626980e+01
7.159060853508338873e+00 1.558105286058928307e+01
7.409414762591408632e+00 1.469190605780146974e+01
7.659227149364629561e+00 1.433050065864118672e+01
7.911559474606142395e+00 1.329865459919598614e+01
8.163750941790897997e+00 1.263283243788700183e+01
8.415757210439384295e+00 1.191375381807608314e+01
8.667638839289207198e+00 1.135564739411800517e+01
8.918801124864609520e+00 1.062044857832339950e+01
9.170480108345369530e+00 1.027549843067285273e+01
9.420566033467249412e+00 9.664438991889879205e+00
9.671642335271435797e+00 9.296834851212018691e+00
9.923426157758477473e+00 8.664391071856419657e+00
1.017396902749181820e+01 8.541135131440979578e+00
1.042533700753922155e+01 8.101619549144364996e+00
1.067702948358784276e+01 7.626380760985486340e+00
1.092969337256462303e+01 7.417505627005515301e+00
1.118211872033766419e+01 7.053203350830098195e+00
1.143346516925797296e+01 6.828725856358107471e+00
1.168350508557724687e+01 6.538575497153265026e+00
1.193379937775929100e+01 6.194521222426399021e+00
1.218553055762879112e+01 5.936411982933018194e+00
1.243711650801278878e+01 5.706834055079823109e+00
1.268867268647359303e+01 5.507711966258368008e+00
1.294075027177769144e+01 5.337140423408614609e+00
1.319267287020158363e+01 5.104703931467978961e+00
1.344470571782862756e+01 4.980401786669204967e+00
1.369480150283709641e+01 4.775239000688989321e+00
1.394591277066507828e+01 4.562579112977473983e+00
1.419764645764527167e+01 4.416073748058648718e+00
1.444766774168416212e+01 4.257760694872816387e+00
1.469906835825429070e+01 4.128036076301983215e+00
1.495059118111036511e+01 3.981337148721782793e+00
1.520261612590052991e+01 3.839834200334812042e+00
1.545415944503929495e+01 3.715024519980477891e+00
1.570456072545780124e+01 3.640627051101299916e+00
1.595705800128773966e+01 3.452898272959109338e+00
1.620829297830731619e+01 3.372517730888953569e+00
1.645966591028190962e+01 3.274353212374405686e+00
1.671125708846596325e+01 3.128251135996759302e+00
1.696160259490052624e+01 3.055352817266834276e+00
1.721370276108077135e+01 2.966631856055529148e+00
1.746543424102250341e+01 2.872001882099604497e+00
1.771598473288305442e+01 2.788492708677901000e+00
1.796653767411944003e+01 2.692019849699524237e+00
1.821765658501893270e+01 2.603317695173102297e+00
1.847053788120423334e+01 2.561211535644190018e+00
1.872257696809484173e+01 2.485704786095187302e+00
1.897394097105746269e+01 2.394477797632213800e+00
1.922542454726159988e+01 2.342555371974214928e+00
1.947607703355479103e+01 2.279864570620167452e+00
1.972678839839982601e+01 2.237473501364095174e+00
1.997802698857814363e+01 2.159265214341836714e+00
2.022863620534168660e+01 2.098035978386786127e+00
2.047969598507238231e+01 2.052591155185873539e+00
2.073250439107362553e+01 1.974009869937688899e+00
2.098435855211640089e+01 1.925340015756580758e+00
2.123502923393334640e+01 1.882902847912905075e+00
2.148629411178690773e+01 1.851468010496740035e+00
2.173831825513516591e+01 1.796464444222708678e+00
2.198972260956887226e+01 1.774166643164311052e+00
2.223974971000711420e+01 1.751091092766581259e+00
2.249141870643862973e+01 1.685686416127655241e+00
2.274404614890906373e+01 1.651962261720846481e+00
2.299521835768831579e+01 1.608170607664338503e+00
2.324620084136223852e+01 1.576072540729524407e+00
2.349757798664387209e+01 1.533763445676184167e+00
2.374870488118759937e+01 1.492083086586803331e+00
2.399988781917473091e+01 1.457554817184794516e+00
2.425071646049711305e+01 1.433420885377531206e+00
2.450187830577813841e+01 1.390058642003617395e+00
2.475391093216606109e+01 1.362311288781765883e+00
2.500524226975159792e+01 1.338124212562300741e+00
2.525610980153284402e+01 1.305293452667194209e+00
2.550801425092822328e+01 1.280950569930655369e+00
2.575943113325822864e+01 1.250361652333119133e+00
2.601074166866445125e+01 1.222922021148846072e+00
2.626234447079615464e+01 1.203837861625298045e+00
2.651347712943701751e+01 1.162994739494281227e+00
2.676474177984877656e+01 1.145370531115446067e+00
2.701628079430242479e+01 1.107245092927397367e+00
2.726734205837282232e+01 1.093939620829343040e+00
2.751837013544679422e+01 1.073035624085666662e+00
2.776937726815812724e+01 1.047220415274309868e+00
2.802070160973895341e+01 1.020163811875446358e+00
2.827249982643487058e+01 1.003967476562022343e+00
2.852407603869968966e+01 9.880743880364736276e-01
2.877567300468570721e+01 9.672621886916492606e-01
2.902733523039245256e+01 9.456223031856522132e-01
2.927861073083739996e+01 9.270523239400958460e-01
2.953003196193969160e+01 9.056730214560282377e-01
2.978106336846375157e+01 8.934580462832211190e-01
3.003148440777084716e+01 8.683985957803295186e-01
3.028303386126418673e+01 8.609995331791527873e-01
3.053456493440382857e+01 8.430458797610408395e-01
3.078585183944906944e+01 8.255938692634001708e-01
3.103757946070165730e+01 8.103761428837391589e-01
3.128931656795834826e+01 7.949507156371433680e-01
3.154125974608096428e+01 7.803850193943139280e-01
3.179158626791808828e+01 7.695729474396233449e-01
3.204196438636942190e+01 7.556682457342273063e-01
3.229345624690945016e+01 7.418420546661642634e-01
3.254491795349546379e+01 7.303443386641145230e-01
3.279661199584414533e+01 7.178878140625788440e-01
3.304781054557115993e+01 7.070699101120447860e-01
3.329958828032162188e+01 6.934773595190497630e-01
3.355183723684311303e+01 6.828966933558758834e-01
3.380253855881218072e+01 6.694306701151487848e-01
3.405313147025059095e+01 6.594599112538866992e-01
3.430479305560803738e+01 6.450480263559845717e-01
3.455623390824965924e+01 6.364976203132959309e-01
3.480735498195039668e+01 6.196850154685953349e-01
3.505856438430107858e+01 6.132805078127294696e-01
3.531001549359893943e+01 6.013423424588876243e-01
3.556133107357548084e+01 5.897546527124649662e-01
3.581233698845250757e+01 5.771730785729054514e-01
3.606382608666838507e+01 5.652436842256561844e-01
3.631533331237931606e+01 5.542577425055444929e-01
3.656697642527945646e+01 5.459072577557239070e-01
3.681852327087045751e+01 5.370898241426801389e-01
3.706973766105884494e+01 5.263807636203130524e-01
3.732129678941971207e+01 5.210350910860399587e-01
3.757306314229551703e+01 5.109046958001002281e-01
3.782389924159279104e+01 5.028534183842556793e-01
3.807464007418068519e+01 4.966469123149570009e-01
3.832565302212735503e+01 4.879976775625507468e-01
3.857740378043642693e+01 4.803423695379218650e-01
3.882942253427300017e+01 4.748210452979415019e-01
3.908032307380011616e+01 4.662950690990390057e-01
3.933129330145365543e+01 4.614731138197311067e-01
3.958227876786669697e+01 4.540806163256541628e-01
3.983382520768443413e+01 4.466243306603266960e-01
4.008544842975349098e+01 4.415466896254035545e-01
4.033619301340542052e+01 4.356042127922756801e-01
4.058776599344974301e+01 4.291947623460088401e-01
4.083970221749189022e+01 4.245123360128520984e-01
4.109095921749577940e+01 4.152148965560729099e-01
4.134236727584069371e+01 4.085336885213673441e-01
4.159390229570379915e+01 4.036475571448768784e-01
4.184507899773220174e+01 3.966811765526089273e-01
4.209613747244114279e+01 3.918524269822828421e-01
4.234722818606434913e+01 3.831696978078549254e-01
4.259857332263157303e+01 3.794621432857067655e-01
4.285027109763341713e+01 3.720623461173609425e-01
4.310176195204312677e+01 3.685742041481698816e-01
4.335299280752174411e+01 3.633888386398467230e-01
4.360432095771267313e+01 3.594219608099657459e-01
4.385558663826572712e+01 3.558268754970619896e-01
4.410724528235365938e+01 3.507233559241721421e-01
4.435852190379520010e+01 3.455705483982561832e-01
4.460901713855037087e+01 3.405444926189568622e-01
4.486008510459071630e+01 3.359968223744908000e-01
4.511170295299168487e+01 3.314331349907795876e-01
4.536358210673532199e+01 3.280054135704266183e-01
4.561456198601624124e+01 3.226952165976144093e-01
4.586556721283918137e+01 3.184442563547011384e-01
4.611769651966599781e+01 3.145150264920904548e-01
4.636915627004315610e+01 3.109040440155789731e-01
4.662034887549072693e+01 3.081501363343222000e-01
4.687172305024841279e+01 3.047950459376721488e-01
4.712349745478636009e+01 3.007148752568439831e-01
4.737470617006108142e+01 2.969947638473555696e-01
4.762538569197067062e+01 2.931431805439442262e-01
4.787648835337603259e+01 2.898540876186700421e-01
4.812806309416585293e+01 2.863133135446272459e-01
4.837947377766823820e+01 2.834814366540689412e-01
4.863055608299239907e+01 2.798822216878937841e-01
4.888199020684587026e+01 2.749413505536083546e-01
4.913362466485948232e+01 2.717310122322791899e-01
4.938531946307731602e+01 2.687258276905606924e-01
4.963608988707425596e+01 2.651781355753716207e-01
4.988699356578750610e+01 2.625398942781436706e-01
5.013861839733769443e+01 2.602297384552107462e-01
5.038999807568713862e+01 2.575539227357471206e-01
5.064128572509015669e+01 2.543477195410620562e-01
5.089265153888026560e+01 2.512431194353285102e-01
5.114416620234485578e+01 2.480348034680660008e-01
5.139546355734375993e+01 2.456200738959778418e-01
5.164701680266333028e+01 2.423160460315064713e-01
5.189862905495089507e+01 2.402280907338941451e-01
5.214967308047777550e+01 2.378313909697591932e-01
5.240069291691047226e+01 2.349653200019284072e-01
5.265205790651547346e+01 2.331643245710218193e-01
5.290347041453212995e+01 2.307990605549188057e-01
5.315461969811498477e+01 2.290644890032031145e-01
5.340579219818222612e+01 2.258959406919202606e-01
5.365762065089100474e+01 2.239040015456853772e-01
5.390923473668377852e+01 2.218149061328729410e-01
5.416006359979510876e+01 2.196154866445640119e-01
5.441130437191114311e+01 2.171051219801614918e-01
5.466262745830391623e+01 2.163048173781654260e-01
5.491405993929731011e+01 2.143030170720809924e-01
5.516541491717607215e+01 2.122974772675109700e-01
5.541638268596229011e+01 2.099032096502922717e-01
5.566794564877197615e+01 2.078960380608824432e-01
5.591937805757883950e+01 2.050335161203264145e-01
5.617071533636728020e+01 2.026971586209022624e-01
5.642219117939477258e+01 2.016660104908618578e-01
5.667351334189861944e+01 1.998667705324064514e-01
5.692472708748548627e+01 1.977695265833487315e-01
5.717591204656960002e+01 1.960863750440642594e-01
5.742747687291149106e+01 1.940562171096393840e-01
5.767908487077198032e+01 1.924442186173052627e-01
5.793014671413330063e+01 1.906057743484943501e-01
5.818129395888691135e+01 1.890447339810941152e-01
5.843277276607519610e+01 1.873606848557625715e-01
5.868441457608106049e+01 1.863729115574243311e-01
5.893571635795849062e+01 1.847598735353194466e-01
5.918679860974395979e+01 1.840544778651913294e-01
5.943824578411374659e+01 1.830598356115286096e-01
5.968934443052460637e+01 1.818306769773785636e-01
5.994009881519919958e+01 1.800260047889822579e-01
6.019143008204730450e+01 1.788535553991629223e-01
6.044303967578304793e+01 1.784833313689321022e-01
6.069446539940648933e+01 1.768138838504164922e-01
6.094594283876522667e+01 1.765202841619545049e-01
6.119752142863568878e+01 1.759657971511293939e-01
6.144920707655568037e+01 1.750511863110886246e-01
6.170042875117553649e+01 1.746959273625945941e-01
6.195135852331920745e+01 1.732510692445863032e-01
6.220292279118605450e+01 1.730542624106593541e-01
6.245429299708936099e+01 1.724930681171696345e-01
6.270516484212564734e+01 1.718075144460683434e-01
6.295654789617530156e+01 1.715238037022640272e-01
6.320814180923495940e+01 1.704932048139657652e-01
6.345941573738152641e+01 1.705965562009264525e-01
6.371040057052023542e+01 1.691512684165873692e-01
6.396185745578683424e+01 1.696487189362062553e-01
6.421368546549915379e+01 1.696816806017523993e-01
6.446479073454199238e+01 1.688902685852242402e-01
6.471588673409551973e+01 1.673542551413687574e-01
6.496730834160189261e+01 1.657841617464006767e-01
6.521856319783852030e+01 1.644841102856639814e-01
6.546992987326736113e+01 1.631978426935138948e-01
6.572120553073852989e+01 1.617805520806675501e-01
6.597232322532917692e+01 1.606222630670447460e-01
6.622368994537650622e+01 1.587316267449247198e-01
6.647513103932683975e+01 1.574983460221104359e-01
6.672672959741110787e+01 1.567533312529302558e-01
6.697798244417811020e+01 1.553281470941898779e-01
6.722885542524284119e+01 1.540691199222606889e-01
6.748048616955249202e+01 1.529906466025745815e-01
6.773229923195737001e+01 1.522296802055821963e-01
6.798322572139460362e+01 1.507032870394504620e-01
6.823447173775937813e+01 1.491858813647802540e-01
6.848606896751729778e+01 1.481094651850207167e-01
6.873741544680683546e+01 1.467443745145362854e-01
6.898873787744179253e+01 1.461170129406614004e-01
6.923979673744193519e+01 1.442499148121240415e-01
6.949145441276264989e+01 1.433722082599814818e-01
6.974265210301840057e+01 1.419600185337301923e-01
6.999344031108012132e+01 1.410216575220449298e-01
7.024493114765583357e+01 1.398597566614259158e-01
7.049642464225027538e+01 1.385037780947592501e-01
7.074774315836204153e+01 1.372171154778348279e-01
7.099906993548422918e+01 1.359728244302952083e-01
7.125054486425644029e+01 1.351204805804197828e-01
7.150182990423201090e+01 1.344099238863581680e-01
7.175309169194970593e+01 1.336271349857752477e-01
7.200430886966613286e+01 1.323675978405156328e-01
7.225563655627148307e+01 1.319614582156868610e-01
7.250698057097335436e+01 1.316816050204637212e-01
7.275814540940223196e+01 1.301302457873910190e-01
7.300954011634642882e+01 1.290812726591592519e-01
7.326094744803241099e+01 1.286954139819468101e-01
7.351241635922633577e+01 1.279007784358344446e-01
7.376385704484314942e+01 1.274623606897092032e-01
7.401507686011912313e+01 1.263700280771584694e-01
7.426642983754513239e+01 1.255311104611367690e-01
7.451774392350500875e+01 1.260150949372284557e-01
7.476888196695857403e+01 1.248762891530412478e-01
7.502031254291918572e+01 1.242775767891413086e-01
7.527179980263341008e+01 1.235066005691682622e-01
7.552311252549999665e+01 1.226249176261040297e-01
7.577409780062980360e+01 1.222576448553355233e-01
7.602551875404107307e+01 1.213336602243910017e-01
7.627713348914349467e+01 1.207813484796177866e-01
7.652808863434110265e+01 1.203437014322419341e-01
7.677928937816385258e+01 1.203335402296996925e-01
7.703080422988723797e+01 1.196189485269025382e-01
7.728259641407451852e+01 1.193990675587009165e-01
7.753362846048165125e+01 1.186637528353056970e-01
7.778433144503740948e+01 1.181077845145421801e-01
7.803587445609785789e+01 1.180123716556497337e-01
7.828752478929132508e+01 1.173146823238738062e-01
7.853900368295268208e+01 1.176655662151594450e-01
7.879021312407734001e+01 1.168155584856817447e-01
7.904165509986182769e+01 1.163477212252684995e-01
7.929330413459700821e+01 1.155589942847738694e-01
7.954446877222407863e+01 1.154631597192120468e-01
7.979551714753698377e+01 1.147230479023222810e-01
8.004692165377868207e+01 1.145397903735220491e-01
8.029810489950233432e+01 1.143752963796455524e-01
8.054908874480256031e+01 1.139527663527112600e-01
8.080044321541014085e+01 1.133694497310018812e-01
8.105216211323228492e+01 1.135627476949528786e-01
8.130349433109076074e+01 1.134664790736634593e-01
8.155444015076058406e+01 1.132342378532385924e-01
8.180579598042007206e+01 1.129038795833116338e-01
8.205747345046690100e+01 1.124151471854267087e-01
8.230895288137371324e+01 1.130286571948508623e-01
8.256017853616197044e+01 1.131107771551589369e-01
8.281171136842024794e+01 1.127655174015858019e-01
8.306338874103768433e+01 1.126465756082616065e-01
8.331416972271263433e+01 1.127457716480407129e-01
8.356490365514949303e+01 1.128941820033739774e-01
8.381669207113579034e+01 1.129505485496243716e-01
8.406812178552961257e+01 1.128302252306635362e-01
8.431890933464019611e+01 1.126078883054157376e-01
8.457023187027826339e+01 1.127045639039260111e-01
8.482151559398789686e+01 1.125907265163837573e-01
8.507283003168710422e+01 1.131685997830832319e-01
8.532426808165841692e+01 1.128219141974302620e-01
8.557600476924378086e+01 1.131052456345597035e-01
8.582757594343893004e+01 1.130473941284788897e-01
8.607831587296919906e+01 1.129812005082561494e-01
8.632961333877408094e+01 1.140225837305314099e-01
8.658121923681562748e+01 1.138922893793593433e-01
8.683268673150530503e+01 1.136444463366735880e-01
8.708396519721972595e+01 1.137110850358812458e-01
8.733506961066505880e+01 1.140819577455549905e-01
8.758618105842411694e+01 1.145706717806365682e-01
8.783752567351578477e+01 1.136714695390428770e-01
8.808868914679788986e+01 1.148760231702918577e-01
8.833994003395393690e+01 1.139987907591132055e-01
8.859174898584991809e+01 1.145675750534615178e-01
8.884303273375222432e+01 1.141976976439656455e-01
8.909352487970716084e+01 1.141992983047190602e-01
8.934511690540148265e+01 1.142247822146387343e-01
8.959715158813172309e+01 1.135539800151687401e-01
8.984803368908821142e+01 1.135764508569237080e-01
9.009924288814356430e+01 1.128277174724077736e-01
9.035039732041329330e+01 1.125516594451186764e-01
9.060151066709157419e+01 1.114609098351096172e-01
9.085215645777752513e+01 1.110475535707949879e-01
9.110358912880106175e+01 1.091583517375226686e-01
9.135593221689693166e+01 1.083306936485290556e-01
9.160680049007517312e+01 1.079783787444522497e-01
9.185814296072571494e+01 1.068843622494358853e-01
9.211014914083067140e+01 1.067897505929412266e-01
9.236133039430572467e+01 1.056164587868442389e-01
9.261226961967061300e+01 1.061574144528423524e-01
9.286339612223196127e+01 1.055184842313294374e-01
9.311503395193372512e+01 1.052410438642605722e-01
9.336621751977830286e+01 1.058981748662666950e-01
9.361677474844866254e+01 1.056078887089168111e-01
9.386828402731896404e+01 1.056723339998762584e-01
9.412013166396859276e+01 1.055151355392596746e-01
9.437159577797395116e+01 1.062447208935166365e-01
9.462215507964623384e+01 1.052386830614634589e-01
9.487303142853234306e+01 1.053294590723268531e-01
9.512563612801736213e+01 1.055636166642335005e-01
9.537712370347337298e+01 1.059647845523318116e-01
9.562770329733204733e+01 1.062622269523647994e-01
9.587952553542562839e+01 1.059287089002927118e-01
9.613214193709879396e+01 1.065543770375871335e-01
9.638292294616348954e+01 1.054835277970901652e-01
9.663323205539920480e+01 1.066111440951454797e-01
9.688575427051634392e+01 1.064312853346124216e-01
9.713720230214802598e+01 1.066607376059968554e-01
9.738711075112470894e+01 1.071274566979705245e-01
9.763880850310884796e+01 1.065650072436181844e-01
9.789195925073893534e+01 1.074283989851163995e-01
9.814276473823834124e+01 1.074005203165036421e-01
9.839200152577470249e+01 1.087305589428646940e-01
9.864436939619000100e+01 1.068588898537898429e-01
9.889657229158518703e+01 1.087283635268043169e-01
9.914654206758739008e+01 1.089515784432711354e-01
9.939737265117041431e+01 1.087437307613231541e-01
9.964971324453516388e+01 1.107862127889401721e-01
9.990221505033474614e+01 1.107817267499866393e-01
1.001521516083068519e+02 1.124623004230159845e-01
1.004020181344354228e+02 1.128788979268703224e-01
1.006555261342845853e+02 1.127596782605850556e-01
1.009078779715744503e+02 1.136493944478885743e-01
1.011564847190979037e+02 1.152173632721530394e-01
1.014077980390921851e+02 1.126352937883482314e-01
1.016621206036857075e+02 1.146658757176279575e-01
1.019133439536030323e+02 1.135323412101292839e-01
1.021611090492770160e+02 1.151902763483213243e-01
1.024134287982906386e+02 1.174136320255130816e-01
1.026689526987222933e+02 1.164213666662252677e-01
1.029179005362147450e+02 1.194824556481288852e-01
1.031645010122565509e+02 1.188263896071196646e-01
1.034190198448752227e+02 1.208864587555274067e-01
1.036740078018821123e+02 1.223912138316707449e-01
1.039223728592707516e+02 1.265610964149459783e-01
1.041718863957155321e+02 1.257153542573915816e-01
1.044269799004653407e+02 1.262303835823780640e-01
1.046773133673284093e+02 1.250649230153649261e-01
1.049203418007823814e+02 1.290903138423576402e-01
1.051759012379430231e+02 1.319250315893127079e-01
1.054364230283171651e+02 1.351679504194366332e-01
1.056811914497119176e+02 1.385219294740467344e-01
1.059215804876414495e+02 1.351911327284011921e-01
1.061816384917722758e+02 1.398720429073826155e-01
1.064472113030423515e+02 1.419132440679068963e-01
1.066878058983536732e+02 1.470341987226838065e-01
1.069236360402103827e+02 1.449918867235658049e-01
1.071892705778195563e+02 1.458088822579844679e-01
1.074586772409291342e+02 1.549734396923842794e-01
1.076879342587935611e+02 1.548337225046154397e-01
1.079185870885384446e+02 1.555545855240794417e-01
1.081956775747713095e+02 1.597549170762266324e-01
1.084728105259587352e+02 1.579605446423539561e-01
1.086839161354765366e+02 1.685373059535295592e-01
1.089114578639759117e+02 1.705166107375517826e-01
1.091979138747751392e+02 1.817928213749928912e-01
1.094826115122194068e+02 1.974533780742649958e-01
1.096995281563482934e+02 2.081038049111745558e-01
1.099149327348783771e+02 2.015500426430882341e-01
1.102017255337961075e+02 2.557507257289064473e-01
1.104879737748566555e+02 2.717819773195173649e-01
1.107157115274964241e+02 2.704441788767023569e-01
1.109132792987308136e+02 2.312351861091966332e-01
1.111862324688471801e+02 1.898472297723945990e-01
1.114398329385503388e+02 5.762037390074201820e-02
