3.559856489878782115e-01 4.172101268128236597e+02
6.031648866026231293e-01 2.414109617605670053e+02
8.579160745827347778e-01 1.758246468340039144e+02
1.113464310595710716e+00 1.262329631730299013e+02
1.374039914321364408e+00 1.179040604941433088e+02
1.619154704570298309e+00 9.089968492400481637e+01
1.870686673430271840e+00 8.995981627276732695e+01
2.123290040706380832e+00 7.643720627835438108e+01
2.378144976376236119e+00 6.844307951395057898e+01
2.630489925835516996e+00 5.729473562485897986e+01
2.878653162679494670e+00 5.779249141323518302e+01
3.131144366275339319e+00 4.853667447671330848e+01
3.388159578333816313e+00 4.373235538718780901e+01
3.638741848210948149e+00 3.996979215146500763e+01
3.888315910732085268e+00 3.582287009435079739e+01
4.139052155837465996e+00 3.316183487969404098e+01
4.390305777018236988e+00 2.918805838962870780e+01
4.642172339120373081e+00 2.687530737814989124e+01
4.894678666149941293e+00 2.489160310872033932e+01
5.147269052361176378e+00 2.234652581454983888e+01
5.398003206656323272e+00 1.980988182668468056e+01
5.647798235368590269e+00 1.829522288840432509e+01
5.900534302989873581e+00 1.722731006658117536e+01
6.151460297009074374e+00 1.575118898908043974e+01
6.402630176204441526e+00 1.447732294871697079e+01
6.655964674748322096e+00 1.360152651893935882e+01
6.908782583105771202e+00 1.303415972917685117e+01
7.159060853508338873e+00 1.184720354090319816e+01
7.409414762591408632e+00 1.102310254529188782e+01
7.659227149364629561e+00 1.061767089195016922e+01
7.911559474606142395e+00 9.857643742941551324e+00
8.163750941790897997e+00 9.149348779674195242e+00
8.415757210439384295e+00 8.545572814007785567e+00
8.667638839289207198e+00 8.066951852014232927e+00
8.918801124864609520e+00 7.595078393538107875e+00
9.170480108345369530e+00 7.195768514973714503e+00
9.420566033467249412e+00 6.764003753062155511e+00
9.671642335271435797e+00 6.424550174058586194e+00
9.923426157758477473e+00 6.002007953855240885e+00
1.017396902749181820e+01 5.768297410057805941e+00
1.042533700753922155e+01 5.366120754044675145e+00
1.067702948358784276e+01 5.068073259319477053e+00
1.092969337256462303e+01 4.883584209453740499e+00
1.118211872033766419e+01 4.581588639572253818e+00
1.143346516925797296e+01 4.340378104904647039e+00
1.168350508557724687e+01 4.100169637046725768e+00
1.193379937775929100e+01 3.863182236217193921e+00
1.218553055762879112e+01 3.749413736084063142e+00
1.243711650801278878e+01 3.514513108765625393e+00
1.268867268647359303e+01 3.356723468016646006e+00
1.294075027177769144e+01 3.220817933120364795e+00
1.319267287020158363e+01 3.025079404103915515e+00
1.344470571782862756e+01 2.890207178469872407e+00
1.369480150283709641e+01 2.725249472916011495e+00
1.394591277066507828e+01 2.591819845625964014e+00
1.419764645764527167e+01 2.471779920391269592e+00
1.444766774168416212e+01 2.336979319395231069e+00
1.469906835825429070e+01 2.230962754537018089e+00
1.495059118111036511e+01 2.139275168899014812e+00
1.520261612590052991e+01 2.051227236507896734e+00
1.545415944503929495e+01 1.940899587266133652e+00
1.570456072545780124e+01 1.850406750840761783e+00
1.595705800128773966e+01 1.764079731691650776e+00
1.620829297830731619e+01 1.698931759920465856e+00
1.645966591028190962e+01 1.620718647471901530e+00
1.671125708846596325e+01 1.551337383406134585e+00
1.696160259490052624e+01 1.481765292465506256e+00
1.721370276108077135e+01 1.417622029033019926e+00
1.746543424102250341e+01 1.364340796681058787e+00
1.771598473288305442e+01 1.293331984281433700e+00
1.796653767411944003e+01 1.243134982724772852e+00
1.821765658501893270e+01 1.191582554451812603e+00
1.847053788120423334e+01 1.136864638033555197e+00
1.872257696809484173e+01 1.092776268671620254e+00
1.897394097105746269e+01 1.045887203463573556e+00
1.922542454726159988e+01 1.001688886778263843e+00
1.947607703355479103e+01 9.652665587210309539e-01
1.972678839839982601e+01 9.240531914099632260e-01
1.997802698857814363e+01 8.822220453750001523e-01
2.022863620534168660e+01 8.552257147986856989e-01
2.047969598507238231e+01 8.138216362206659449e-01
2.073250439107362553e+01 7.797640518466191217e-01
2.098435855211640089e+01 7.467188696394877478e-01
2.123502923393334640e+01 7.129945157675758871e-01
2.148629411178690773e+01 6.891145566412351098e-01
2.173831825513516591e+01 6.604484496486393574e-01
2.198972260956887226e+01 6.328420220813167907e-01
2.223974971000711420e+01 6.130529886144867602e-01
2.249141870643862973e+01 5.806239560049234472e-01
2.274404614890906373e+01 5.630122012395483155e-01
2.299521835768831579e+01 5.416492124281846454e-01
2.324620084136223852e+01 5.173839664491570733e-01
2.349757798664387209e+01 4.963329307984535310e-01
2.374870488118759937e+01 4.772137257746971728e-01
2.399988781917473091e+01 4.582398962503675399e-01
2.425071646049711305e+01 4.431005382216670063e-01
2.450187830577813841e+01 4.221092406268506236e-01
2.475391093216606109e+01 4.057605055373780800e-01
2.500524226975159792e+01 3.904206774496874477e-01
2.525610980153284402e+01 3.745350491350605271e-01
2.550801425092822328e+01 3.627449930888570484e-01
2.575943113325822864e+01 3.464759281078046982e-01
2.601074166866445125e+01 3.336906009693644815e-01
2.626234447079615464e+01 3.216233698369111438e-01
2.651347712943701751e+01 3.101408024344387560e-01
2.676474177984877656e+01 2.956935777385620856e-01
2.701628079430242479e+01 2.877971589636518224e-01
2.726734205837282232e+01 2.749717133426578530e-01
2.751837013544679422e+01 2.668885796438381641e-01
2.776937726815812724e+01 2.576154442023098623e-01
2.802070160973895341e+01 2.461247147785413647e-01
2.827249982643487058e+01 2.388531711164620652e-01
2.852407603869968966e+01 2.315574417720835110e-01
2.877567300468570721e+01 2.221077315168481503e-01
2.902733523039245256e+01 2.159068710188441487e-01
2.927861073083739996e+01 2.075121818013656028e-01
2.953003196193969160e+01 2.021346346986502285e-01
2.978106336846375157e+01 1.964392280771223576e-01
3.003148440777084716e+01 1.890140962712929251e-01
3.028303386126418673e+01 1.838584284602932106e-01
3.053456493440382857e+01 1.779400107557316812e-01
3.078585183944906944e+01 1.714725032496220714e-01
3.103757946070165730e+01 1.662783143572692524e-01
3.128931656795834826e+01 1.603568860983292099e-01
3.154125974608096428e+01 1.560267157331801380e-01
3.179158626791808828e+01 1.518989914435531774e-01
3.204196438636942190e+01 1.459744524424730072e-01
3.229345624690945016e+01 1.421405943895767410e-01
3.254491795349546379e+01 1.370505171670187705e-01
3.279661199584414533e+01 1.329117778043581444e-01
3.304781054557115993e+01 1.286395036055247021e-01
3.329958828032162188e+01 1.240241547869139899e-01
3.355183723684311303e+01 1.208869300106227423e-01
3.380253855881218072e+01 1.169584549223603304e-01
3.405313147025059095e+01 1.139352432284741895e-01
3.430479305560803738e+01 1.102901332736404005e-01
3.455623390824965924e+01 1.069933847233198176e-01
3.480735498195039668e+01 1.037754972739215048e-01
3.505856438430107858e+01 1.013860281180830464e-01
3.531001549359893943e+01 9.799717257768669754e-02
3.556133107357548084e+01 9.511775220279311549e-02
3.581233698845250757e+01 9.253356667524312296e-02
3.606382608666838507e+01 9.025721501869547747e-02
3.631533331237931606e+01 8.765328454442770922e-02
3.656697642527945646e+01 8.506434181174342413e-02
3.681852327087045751e+01 8.248382341555855757e-02
3.706973766105884494e+01 8.037661107042959330e-02
3.732129678941971207e+01 7.832852830730752114e-02
3.757306314229551703e+01 7.594134969737220686e-02
3.782389924159279104e+01 7.401901702891126866e-02
3.807464007418068519e+01 7.228397867493453754e-02
3.832565302212735503e+01 7.040048886350069868e-02
3.857740378043642693e+01 6.839427791605844076e-02
3.882942253427300017e+01 6.646929033963233646e-02
3.908032307380011616e+01 6.483116405905775537e-02
3.933129330145365543e+01 6.314251514756026584e-02
3.958227876786669697e+01 6.162080358173347566e-02
3.983382520768443413e+01 6.021110005194383469e-02
4.008544842975349098e+01 5.854711597785997729e-02
4.033619301340542052e+01 5.733876697796815719e-02
4.058776599344974301e+01 5.580702680101852498e-02
4.083970221749189022e+01 5.456474082864511133e-02
4.109095921749577940e+01 5.330825966214886719e-02
4.134236727584069371e+01 5.181641985909672676e-02
4.159390229570379915e+01 5.065133859797245341e-02
4.184507899773220174e+01 4.952738974547036405e-02
4.209613747244114279e+01 4.811458689586996240e-02
4.234722818606434913e+01 4.702858199160879493e-02
4.259857332263157303e+01 4.593862734741086667e-02
4.285027109763341713e+01 4.495388054178418163e-02
4.310176195204312677e+01 4.416236757271745084e-02
4.335299280752174411e+01 4.299753294524095298e-02
4.360432095771267313e+01 4.202759143704752620e-02
4.385558663826572712e+01 4.113238238896595872e-02
4.410724528235365938e+01 4.017015505575334544e-02
4.435852190379520010e+01 3.910183844261279351e-02
4.460901713855037087e+01 3.836347021566727938e-02
4.486008510459071630e+01 3.738403740197195069e-02
4.511170295299168487e+01 3.658978318956597475e-02
4.536358210673532199e+01 3.571707371190907532e-02
4.561456198601624124e+01 3.486156854801890359e-02
4.586556721283918137e+01 3.425442621183136943e-02
4.611769651966599781e+01 3.338886556934483191e-02
4.636915627004315610e+01 3.263588840889087433e-02
4.662034887549072693e+01 3.193971481269684831e-02
4.687172305024841279e+01 3.124294513462350792e-02
4.712349745478636009e+01 3.066161891335593415e-02
4.737470617006108142e+01 2.992056031442127603e-02
4.762538569197067062e+01 2.930032208794986631e-02
4.787648835337603259e+01 2.875752745411288766e-02
4.812806309416585293e+01 2.803636849645013349e-02
4.837947377766823820e+01 2.769684565938475285e-02
4.863055608299239907e+01 2.706423506875412638e-02
4.888199020684587026e+01 2.650963125793489444e-02
4.913362466485948232e+01 2.605760573478412348e-02
4.938531946307731602e+01 2.539111643809345564e-02
4.963608988707425596e+01 2.499890123006332301e-02
4.988699356578750610e+01 2.453111767841834392e-02
5.013861839733769443e+01 2.408089878556256280e-02
5.038999807568713862e+01 2.361857409140917866e-02
5.064128572509015669e+01 2.329422212567133083e-02
5.089265153888026560e+01 2.281794804764723100e-02
5.114416620234485578e+01 2.243413764081034906e-02
5.139546355734375993e+01 2.197450776627537725e-02
5.164701680266333028e+01 2.167405148559780476e-02
5.189862905495089507e+01 2.124983152762405583e-02
5.214967308047777550e+01 2.088429572436330955e-02
5.240069291691047226e+01 2.048095009212985360e-02
5.265205790651547346e+01 2.025122855778797165e-02
5.290347041453212995e+01 1.980931744120195681e-02
5.315461969811498477e+01 1.936740757834306756e-02
5.340579219818222612e+01 1.912525487271967209e-02
5.365762065089100474e+01 1.885637234634378670e-02
5.390923473668377852e+01 1.857720870499266624e-02
5.416006359979510876e+01 1.819947390177481528e-02
5.441130437191114311e+01 1.795467426488301863e-02
5.466262745830391623e+01 1.766631742640007233e-02
5.491405993929731011e+01 1.735257689113195098e-02
5.516541491717607215e+01 1.714163854504015608e-02
5.541638268596229011e+01 1.683829263301799342e-02
5.566794564877197615e+01 1.658133389832432830e-02
5.591937805757883950e+01 1.636700864941626615e-02
5.617071533636728020e+01 1.611395924305931635e-02
5.642219117939477258e+01 1.582442264450137359e-02
5.667351334189861944e+01 1.564776397088722334e-02
5.692472708748548627e+01 1.546209791167166628e-02
5.717591204656960002e+01 1.522981767968204295e-02
5.742747687291149106e+01 1.504605683425716198e-02
5.767908487077198032e+01 1.483550057730880466e-02
5.793014671413330063e+01 1.467464161938311293e-02
5.818129395888691135e+01 1.441618314325323821e-02
5.843277276607519610e+01 1.427791716514250839e-02
5.868441457608106049e+01 1.407379383100116656e-02
5.893571635795849062e+01 1.392055816688870552e-02
5.918679860974395979e+01 1.380941941667651780e-02
5.943824578411374659e+01 1.365525436738275131e-02
5.968934443052460637e+01 1.349325876559092155e-02
5.994009881519919958e+01 1.339861278674169508e-02
6.019143008204730450e+01 1.319383506353730834e-02
6.044303967578304793e+01 1.306052389475676270e-02
6.069446539940648933e+01 1.293395048481061314e-02
6.094594283876522667e+01 1.279745004755787965e-02
6.119752142863568878e+01 1.273123237884521419e-02
6.144920707655568037e+01 1.254710626599302506e-02
6.170042875117553649e+01 1.248134257433916941e-02
6.195135852331920745e+01 1.238131375035048110e-02
6.220292279118605450e+01 1.226120598679386955e-02
6.245429299708936099e+01 1.219349256528170708e-02
6.270516484212564734e+01 1.209108708351875131e-02
6.295654789617530156e+01 1.203579190437974872e-02
6.320814180923495940e+01 1.197613883406865344e-02
6.345941573738152641e+01 1.187178098557502282e-02
6.371040057052023542e+01 1.182851220163304816e-02
6.396185745578683424e+01 1.177000583789167797e-02
6.421368546549915379e+01 1.169580943278810022e-02
6.446479073454199238e+01 1.160424554895141645e-02
6.471588673409551973e+01 1.143170714110715996e-02
6.496730834160189261e+01 1.130486776492254514e-02
6.521856319783852030e+01 1.122205382745806654e-02
6.546992987326736113e+01 1.112329566783888668e-02
6.572120553073852989e+01 1.098935295677432554e-02
6.597232322532917692e+01 1.090987666324448949e-02
6.622368994537650622e+01 1.080000315472947475e-02
6.647513103932683975e+01 1.072943530430054207e-02
6.672672959741110787e+01 1.064220474673037951e-02
6.697798244417811020e+01 1.050652956983913824e-02
6.722885542524284119e+01 1.046416387861338719e-02
6.748048616955249202e+01 1.036902109571565325e-02
6.773229923195737001e+01 1.027119005576797132e-02
6.798322572139460362e+01 1.018891799274064536e-02
6.823447173775937813e+01 1.012156621283826982e-02
6.848606896751729778e+01 1.000299324727556977e-02
6.873741544680683546e+01 9.867552091655986540e-03
6.898873787744179253e+01 9.790362034829218005e-03
6.923979673744193519e+01 9.681927580736588920e-03
6.949145441276264989e+01 9.594987357457276586e-03
6.974265210301840057e+01 9.544994949394109557e-03
6.999344031108012132e+01 9.463093679305483938e-03
7.024493114765583357e+01 9.371276129566856808e-03
7.049642464225027538e+01 9.268713522264767496e-03
7.074774315836204153e+01 9.228535054266464102e-03
7.099906993548422918e+01 9.113723026429477320e-03
7.125054486425644029e+01 9.056959345749111476e-03
7.150182990423201090e+01 9.014814220098208222e-03
7.175309169194970593e+01 8.934052292151934208e-03
7.200430886966613286e+01 8.855104859510283186e-03
7.225563655627148307e+01 8.819132590077634684e-03
7.250698057097335436e+01 8.749682655354543148e-03
7.275814540940223196e+01 8.727752805157197938e-03
7.300954011634642882e+01 8.627236193740587741e-03
7.326094744803241099e+01 8.546993871366028936e-03
7.351241635922633577e+01 8.470868218455603754e-03
7.376385704484314942e+01 8.415152517614363226e-03
7.401507686011912313e+01 8.361618285936660983e-03
7.426642983754513239e+01 8.340971195281430758e-03
7.451774392350500875e+01 8.278005944184397072e-03
7.476888196695857403e+01 8.215285452827727694e-03
7.502031254291918572e+01 8.163424909392577589e-03
7.527179980263341008e+01 8.145305335925159471e-03
7.552311252549999665e+01 8.090081891027544117e-03
7.577409780062980360e+01 8.013865663583927615e-03
7.602551875404107307e+01 7.988349643199636405e-03
7.627713348914349467e+01 7.970268774334472381e-03
7.652808863434110265e+01 7.936277942757585802e-03
7.677928937816385258e+01 7.873121307383976197e-03
7.703080422988723797e+01 7.882347085226478270e-03
7.728259641407451852e+01 7.858498715815230226e-03
7.753362846048165125e+01 7.841615076718991967e-03
7.778433144503740948e+01 7.794763218821783302e-03
7.803587445609785789e+01 7.799799656695177025e-03
7.828752478929132508e+01 7.784265144184084224e-03
7.853900368295268208e+01 7.769389915819033265e-03
7.879021312407734001e+01 7.763798876949347914e-03
7.904165509986182769e+01 7.697000681479542784e-03
7.929330413459700821e+01 7.721737513604729278e-03
7.954446877222407863e+01 7.715803011857818791e-03
7.979551714753698377e+01 7.696606422442115944e-03
8.004692165377868207e+01 7.703557307434307812e-03
8.029810489950233432e+01 7.670725493084040378e-03
8.054908874480256031e+01 7.684743901000931805e-03
8.080044321541014085e+01 7.694017177578021775e-03
8.105216211323228492e+01 7.672353126529559211e-03
8.130349433109076074e+01 7.685722488325785924e-03
8.155444015076058406e+01 7.724835458776399023e-03
8.180579598042007206e+01 7.711105405063508993e-03
8.205747345046690100e+01 7.713435086913029114e-03
8.230895288137371324e+01 7.675131390046214912e-03
8.256017853616197044e+01 7.690465914840773944e-03
8.281171136842024794e+01 7.708508935052494834e-03
8.306338874103768433e+01 7.717425790550041208e-03
8.331416972271263433e+01 7.730174650964799672e-03
8.356490365514949303e+01 7.737978287917067315e-03
8.381669207113579034e+01 7.746738424419222398e-03
8.406812178552961257e+01 7.711804834708037119e-03
8.431890933464019611e+01 7.733741788355603594e-03
8.457023187027826339e+01 7.783150687292443408e-03
8.482151559398789686e+01 7.790080486751190143e-03
8.507283003168710422e+01 7.841758963420533343e-03
8.532426808165841692e+01 7.851101629242811589e-03
8.557600476924378086e+01 7.878268757293976562e-03
8.582757594343893004e+01 7.892325655785369098e-03
8.607831587296919906e+01 7.955816405532497443e-03
8.632961333877408094e+01 7.930926926641755983e-03
8.658121923681562748e+01 7.923144196186688443e-03
8.683268673150530503e+01 7.951410308094323393e-03
8.708396519721972595e+01 7.988263371203559865e-03
8.733506961066505880e+01 8.029942831493188521e-03
8.758618105842411694e+01 8.015314103640655899e-03
8.783752567351578477e+01 8.042596791089822936e-03
8.808868914679788986e+01 8.071457223277575879e-03
8.833994003395393690e+01 8.015094691292660653e-03
8.859174898584991809e+01 8.109136658804872930e-03
8.884303273375222432e+01 8.134449138150279604e-03
8.909352487970716084e+01 8.161135554326371180e-03
8.934511690540148265e+01 8.141984145432013334e-03
8.959715158813172309e+01 8.118063551628485960e-03
8.984803368908821142e+01 8.130409980821361529e-03
9.009924288814356430e+01 8.083349815276820102e-03
9.035039732041329330e+01 8.016858304020366144e-03
9.060151066709157419e+01 7.982537965657142409e-03
9.085215645777752513e+01 7.977637505201036483e-03
9.110358912880106175e+01 7.957193754964987653e-03
9.135593221689693166e+01 7.943440490290743297e-03
9.160680049007517312e+01 7.906344685189546639e-03
9.185814296072571494e+01 7.875094550318621420e-03
9.211014914083067140e+01 7.757170845394164259e-03
9.236133039430572467e+01 7.772845310968660992e-03
9.261226961967061300e+01 7.741972554169656087e-03
9.286339612223196127e+01 7.697738286647637027e-03
9.311503395193372512e+01 7.744544616425891141e-03
9.336621751977830286e+01 7.696772511723264619e-03
9.361677474844866254e+01 7.638539930673690637e-03
9.386828402731896404e+01 7.634315110059330597e-03
9.412013166396859276e+01 7.617730476603822888e-03
9.437159577797395116e+01 7.608041147796556526e-03
9.462215507964623384e+01 7.630614605154648587e-03
9.487303142853234306e+01 7.539147042008780518e-03
9.512563612801736213e+01 7.577978648711524573e-03
9.537712370347337298e+01 7.575074686174439534e-03
9.562770329733204733e+01 7.634890126921342439e-03
9.587952553542562839e+01 7.639349523732667617e-03
9.613214193709879396e+01 7.629904554795055235e-03
9.638292294616348954e+01 7.648521474724706733e-03
9.663323205539920480e+01 7.712242143236756019e-03
9.688575427051634392e+01 7.729612022482358277e-03
9.713720230214802598e+01 7.816922625092816504e-03
9.738711075112470894e+01 7.829453717000006349e-03
9.763880850310884796e+01 7.898680460819193505e-03
9.789195925073893534e+01 7.841172346744156377e-03
9.814276473823834124e+01 7.848917605694970268e-03
9.839200152577470249e+01 7.843759838267018794e-03
9.864436939619000100e+01 7.965327442537787142e-03
9.889657229158518703e+01 8.045373216032795580e-03
9.914654206758739008e+01 8.079072327117946956e-03
9.939737265117041431e+01 8.221100796775985750e-03
9.964971324453516388e+01 8.275007826924550558e-03
9.990221505033474614e+01 8.445678497645360550e-03
1.001521516083068519e+02 8.439570029206127505e-03
1.004020181344354228e+02 8.486629204319929773e-03
1.006555261342845853e+02 8.687485573273551892e-03
1.009078779715744503e+02 8.694644193777982880e-03
1.011564847190979037e+02 8.832531378252570994e-03
1.014077980390921851e+02 9.030595718892335186e-03
1.016621206036857075e+02 9.255210008457937301e-03
1.019133439536030323e+02 9.239020448615721526e-03
1.021611090492770160e+02 9.286245976716697367e-03
1.024134287982906386e+02 9.453695467940736313e-03
1.026689526987222933e+02 9.539533537075529229e-03
1.029179005362147450e+02 9.663075805797921580e-03
1.031645010122565509e+02 9.713955286931124505e-03
1.034190198448752227e+02 9.795798860432781974e-03
1.036740078018821123e+02 9.940124237384976094e-03
1.039223728592707516e+02 1.017870512781976489e-02
1.041718863957155321e+02 1.005572782100746902e-02
1.044269799004653407e+02 1.039589993474981586e-02
1.046773133673284093e+02 1.060706591492755098e-02
1.049203418007823814e+02 1.095881051934250242e-02
1.051759012379430231e+02 1.079146718547864536e-02
1.054364230283171651e+02 1.104782645336954174e-02
1.056811914497119176e+02 1.129989154455168440e-02
1.059215804876414495e+02 1.162668079690537190e-02
1.061816384917722758e+02 1.126436277522603960e-02
1.064472113030423515e+02 1.141180563833926222e-02
1.066878058983536732e+02 1.158036955957700287e-02
1.069236360402103827e+02 1.195710172640107073e-02
1.071892705778195563e+02 1.195219102547037671e-02
1.074586772409291342e+02 1.205496449252922708e-02
1.076879342587935611e+02 1.208187430283321276e-02
1.079185870885384446e+02 1.165921615055597917e-02
1.081956775747713095e+02 1.247992478237488177e-02
1.084728105259587352e+02 1.191020138768840615e-02
1.086839161354765366e+02 1.227231713609354749e-02
1.089114578639759117e+02 1.258100217631214629e-02
1.091979138747751392e+02 1.320765297302085341e-02
1.094826115122194068e+02 1.309251733689469760e-02
1.096995281563482934e+02 1.316558098328192775e-02
1.099149327348783771e+02 1.478309912211645677e-02
1.102017255337961075e+02 1.441264915073130030e-02
1.104879737748566555e+02 1.458677001740792296e-02
1.107157115274964241e+02 1.342666922754083038e-02
1.109132792987308136e+02 1.529024783940585198e-02
1.111862324688471801e+02 1.103241859509367963e-02
1.114398329385503388e+02 2.145040985008874954e-02
