3.559856489878782115e-01 4.145735923489237962e+02
6.031648866026231293e-01 2.409240835761085577e+02
8.579160745827347778e-01 1.758910641223956475e+02
1.113464310595710716e+00 1.276717433742885532e+02
1.374039914321364408e+00 1.196952851045615347e+02
1.619154704570298309e+00 9.256362800635889698e+01
1.870686673430271840e+00 9.205862928141500845e+01
2.123290040706380832e+00 7.804146293900811315e+01
2.378144976376236119e+00 7.102105336238935251e+01
2.630489925835516996e+00 6.056008742223845331e+01
2.878653162679494670e+00 6.111541285550015346e+01
3.131144366275339319e+00 5.126046669633961983e+01
3.388159578333816313e+00 4.680737052008846177e+01
3.638741848210948149e+00 4.347815883475769994e+01
3.888315910732085268e+00 3.891963892968311001e+01
4.139052155837465996e+00 3.633855204588162024e+01
4.390305777018236988e+00 3.264761577907657397e+01
4.642172339120373081e+00 3.032427286161360414e+01
4.894678666149941293e+00 2.813614167544731615e+01
5.147269052361176378e+00 2.586385186692996285e+01
5.398003206656323272e+00 2.297231966851441598e+01
5.647798235368590269e+00 2.134639972339424929e+01
5.900534302989873581e+00 2.044192043721881191e+01
6.151460297009074374e+00 1.929760219958521716e+01
6.402630176204441526e+00 1.820494487227729152e+01
6.655964674748322096e+00 1.724982317203344806e+01
6.908782583105771202e+00 1.689303013555699096e+01
7.159060853508338873e+00 1.571214161746756410e+01
7.409414762591408632e+00 1.484699811608179942e+01
7.659227149364629561e+00 1.439850527991926121e+01
7.911559474606142395e+00 1.336981045939030288e+01
8.163750941790897997e+00 1.273244612562655753e+01
8.415757210439384295e+00 1.199568714128448832e+01
8.667638839289207198e+00 1.139376558991621025e+01
8.918801124864609520e+00 1.073285143975550326e+01
9.170480108345369530e+00 1.033375968122525634e+01
9.420566033467249412e+00 9.671098714045799127e+00
9.671642335271435797e+00 9.282918631153799893e+00
9.923426157758477473e+00 8.754376956659712050e+00
1.017396902749181820e+01 8.598904666288301968e+00
1.042533700753922155e+01 8.185792442765858823e+00
1.067702948358784276e+01 7.707740632851032281e+00
1.092969337256462303e+01 7.488048611543503874e+00
1.118211872033766419e+01 7.115759906349603092e+00
1.143346516925797296e+01 6.862288148316039837e+00
1.168350508557724687e+01 6.567453487421646585e+00
1.193379937775929100e+01 6.190450602734132168e+00
1.218553055762879112e+01 5.964913727753907935e+00
1.243711650801278878e+01 5.738769722991015954e+00
1.268867268647359303e+01 5.593864781016256948e+00
1.294075027177769144e+01 5.416001528848032542e+00
1.319267287020158363e+01 5.177796214312533785e+00
1.344470571782862756e+01 5.052108642848359921e+00
1.369480150283709641e+01 4.862901460537543130e+00
1.394591277066507828e+01 4.637816188450883281e+00
1.419764645764527167e+01 4.511654432574975893e+00
1.444766774168416212e+01 4.357132311888467058e+00
1.469906835825429070e+01 4.240180884936429528e+00
1.495059118111036511e+01 4.074848543077927765e+00
1.520261612590052991e+01 3.960533588893767831e+00
1.545415944503929495e+01 3.816471395786573684e+00
1.570456072545780124e+01 3.731473556086281285e+00
1.595705800128773966e+01 3.523095087711586082e+00
1.620829297830731619e+01 3.448422806151448139e+00
1.645966591028190962e+01 3.358246720846103983e+00
1.671125708846596325e+01 3.206356718385062088e+00
1.696160259490052624e+01 3.154034616936486568e+00
1.721370276108077135e+01 3.050007428968375400e+00
1.746543424102250341e+01 2.966952930655071707e+00
1.771598473288305442e+01 2.870564992031547025e+00
1.796653767411944003e+01 2.789687008997743245e+00
1.821765658501893270e+01 2.691782462146846466e+00
1.847053788120423334e+01 2.648303792192658435e+00
1.872257696809484173e+01 2.552210499780202202e+00
1.897394097105746269e+01 2.459434246860960460e+00
1.922542454726159988e+01 2.415049765516445568e+00
1.947607703355479103e+01 2.355808025301101782e+00
1.972678839839982601e+01 2.300126282562486413e+00
1.997802698857814363e+01 2.203492263598341161e+00
2.022863620534168660e+01 2.154379238453694612e+00
2.047969598507238231e+01 2.097272801557510835e+00
2.073250439107362553e+01 2.036654113562600177e+00
2.098435855211640089e+01 1.992374832385865435e+00
2.123502923393334640e+01 1.942212241738057621e+00
2.148629411178690773e+01 1.904505559234125345e+00
2.173831825513516591e+01 1.845651830900274959e+00
2.198972260956887226e+01 1.811569615116638943e+00
2.223974971000711420e+01 1.781449499310676421e+00
2.249141870643862973e+01 1.697075356149746250e+00
2.274404614890906373e+01 1.664242704691517583e+00
2.299521835768831579e+01 1.622520517283257746e+00
2.324620084136223852e+01 1.577912108024173365e+00
2.349757798664387209e+01 1.541449615748382573e+00
2.374870488118759937e+01 1.503958775919400415e+00
2.399988781917473091e+01 1.476326719661823494e+00
2.425071646049711305e+01 1.444209576974510467e+00
2.450187830577813841e+01 1.395138815899451989e+00
2.475391093216606109e+01 1.373171465099847222e+00
2.500524226975159792e+01 1.352346710503833815e+00
2.525610980153284402e+01 1.311129438418209281e+00
2.550801425092822328e+01 1.293857659467149146e+00
2.575943113325822864e+01 1.256361219663915119e+00
2.601074166866445125e+01 1.237352690028212576e+00
2.626234447079615464e+01 1.203526307933389328e+00
2.651347712943701751e+01 1.168602110406239181e+00
2.676474177984877656e+01 1.150319193848803989e+00
2.701628079430242479e+01 1.122595084425363599e+00
2.726734205837282232e+01 1.100913302738037558e+00
2.751837013544679422e+01 1.081986501553105162e+00
2.776937726815812724e+01 1.061646989482239123e+00
2.802070160973895341e+01 1.034936623605414940e+00
2.827249982643487058e+01 1.017529034899764318e+00
2.852407603869968966e+01 1.000343432523613796e+00
2.877567300468570721e+01 9.775917368000578422e-01
2.902733523039245256e+01 9.550046826447246007e-01
2.927861073083739996e+01 9.360369320676616978e-01
2.953003196193969160e+01 9.200225018160772539e-01
2.978106336846375157e+01 9.042668050930161572e-01
3.003148440777084716e+01 8.812855187317066852e-01
3.028303386126418673e+01 8.686966418932207112e-01
3.053456493440382857e+01 8.479771247508003373e-01
3.078585183944906944e+01 8.360250882828146324e-01
3.103757946070165730e+01 8.204850659862829021e-01
3.128931656795834826e+01 8.030817663865327249e-01
3.154125974608096428e+01 7.898321572291103765e-01
3.179158626791808828e+01 7.783524182909353772e-01
3.204196438636942190e+01 7.619667155823617311e-01
3.229345624690945016e+01 7.507742998760151831e-01
3.254491795349546379e+01 7.398889164676951680e-01
3.279661199584414533e+01 7.251130452791758607e-01
3.304781054557115993e+01 7.141325024002440625e-01
3.329958828032162188e+01 6.956654572343409226e-01
3.355183723684311303e+01 6.837638662240933529e-01
3.380253855881218072e+01 6.767857044268712485e-01
3.405313147025059095e+01 6.632508869205195889e-01
3.430479305560803738e+01 6.518238109817050541e-01
3.455623390824965924e+01 6.405297813466160894e-01
3.480735498195039668e+01 6.271254992761027269e-01
3.505856438430107858e+01 6.194562286158374897e-01
3.531001549359893943e+01 6.086901839149144733e-01
3.556133107357548084e+01 5.997399627949905332e-01
3.581233698845250757e+01 5.875614195629362824e-01
3.606382608666838507e+01 5.796439728185179829e-01
3.631533331237931606e+01 5.701656193900224157e-01
3.656697642527945646e+01 5.608373996956619312e-01
3.681852327087045751e+01 5.519307946502355344e-01
3.706973766105884494e+01 5.432523521339915895e-01
3.732129678941971207e+01 5.340131155562232168e-01
3.757306314229551703e+01 5.222105609759134515e-01
3.782389924159279104e+01 5.190798087792721782e-01
3.807464007418068519e+01 5.090021479438893159e-01
3.832565302212735503e+01 5.046153949054756893e-01
3.857740378043642693e+01 4.961630514882403031e-01
3.882942253427300017e+01 4.904925123811851861e-01
3.908032307380011616e+01 4.822238716798634695e-01
3.933129330145365543e+01 4.748569164072803939e-01
3.958227876786669697e+01 4.682421092120938599e-01
3.983382520768443413e+01 4.614881740210722283e-01
4.008544842975349098e+01 4.541598795160656787e-01
4.033619301340542052e+01 4.474724431822935111e-01
4.058776599344974301e+01 4.397393662086818700e-01
4.083970221749189022e+01 4.338001365756378735e-01
4.109095921749577940e+01 4.275337874989135201e-01
4.134236727584069371e+01 4.214234117550736958e-01
4.159390229570379915e+01 4.153056143107458076e-01
4.184507899773220174e+01 4.085976120983630389e-01
4.209613747244114279e+01 4.043222772750368899e-01
4.234722818606434913e+01 3.976673920602745160e-01
4.259857332263157303e+01 3.921413765066594781e-01
4.285027109763341713e+01 3.875915759034933017e-01
4.310176195204312677e+01 3.823640347886471114e-01
4.335299280752174411e+01 3.775013634234722915e-01
4.360432095771267313e+01 3.724903277603640595e-01
4.385558663826572712e+01 3.687630149041604133e-01
4.410724528235365938e+01 3.621008534057098549e-01
4.435852190379520010e+01 3.571712436355937159e-01
4.460901713855037087e+01 3.516059338797077327e-01
4.486008510459071630e+01 3.464235874250171099e-01
4.511170295299168487e+01 3.424629551202150735e-01
4.536358210673532199e+01 3.388368713336550875e-01
4.561456198601624124e+01 3.343753388305091834e-01
4.586556721283918137e+01 3.275451990188067986e-01
4.611769651966599781e+01 3.253185537155344753e-01
4.636915627004315610e+01 3.217137956239053409e-01
4.662034887549072693e+01 3.181279669815419986e-01
4.687172305024841279e+01 3.134881254376757909e-01
4.712349745478636009e+01 3.090737679879160815e-01
4.737470617006108142e+01 3.049536021197749025e-01
4.762538569197067062e+01 3.010656561104271267e-01
4.787648835337603259e+01 2.981378167111398692e-01
4.812806309416585293e+01 2.935442913873649862e-01
4.837947377766823820e+01 2.911314270808035287e-01
4.863055608299239907e+01 2.865745580724559094e-01
4.888199020684587026e+01 2.843525569889593929e-01
4.913362466485948232e+01 2.799204984962076481e-01
4.938531946307731602e+01 2.760579750996767778e-01
4.963608988707425596e+01 2.727659681987641971e-01
4.988699356578750610e+01 2.704169042305576420e-01
5.013861839733769443e+01 2.671797942872743969e-01
5.038999807568713862e+01 2.649021438527499051e-01
5.064128572509015669e+01 2.611036874023497933e-01
5.089265153888026560e+01 2.579550354484217434e-01
5.114416620234485578e+01 2.557256855000343831e-01
5.139546355734375993e+01 2.525204387305976517e-01
5.164701680266333028e+01 2.492715965412788115e-01
5.189862905495089507e+01 2.479617581236721879e-01
5.214967308047777550e+01 2.449302046951833955e-01
5.240069291691047226e+01 2.426089063677363544e-01
5.265205790651547346e+01 2.412080412542083052e-01
5.290347041453212995e+01 2.380160618542760675e-01
5.315461969811498477e+01 2.357351090653747872e-01
5.340579219818222612e+01 2.341899611934955550e-01
5.365762065089100474e+01 2.315093878509187630e-01
5.390923473668377852e+01 2.283972452042762613e-01
5.416006359979510876e+01 2.273377954094302766e-01
5.441130437191114311e+01 2.244391950380168199e-01
5.466262745830391623e+01 2.218332925346731543e-01
5.491405993929731011e+01 2.202359149071245747e-01
5.516541491717607215e+01 2.185926718019232384e-01
5.541638268596229011e+01 2.154781902066361665e-01
5.566794564877197615e+01 2.141702076024038781e-01
5.591937805757883950e+01 2.118390224523302445e-01
5.617071533636728020e+01 2.114208286983356166e-01
5.642219117939477258e+01 2.084508672572262800e-01
5.667351334189861944e+01 2.066747285311586191e-01
5.692472708748548627e+01 2.048607627852026269e-01
5.717591204656960002e+01 2.033064393646121237e-01
5.742747687291149106e+01 2.013999088549678906e-01
5.767908487077198032e+01 1.989158714031653841e-01
5.793014671413330063e+01 1.980891241829549065e-01
5.818129395888691135e+01 1.967675465104324062e-01
5.843277276607519610e+01 1.949279106332265643e-01
5.868441457608106049e+01 1.936574138281255963e-01
5.893571635795849062e+01 1.930531651011628547e-01
5.918679860974395979e+01 1.913001036386649811e-01
5.943824578411374659e+01 1.903166653014511933e-01
5.968934443052460637e+01 1.886275160569049203e-01
5.994009881519919958e+01 1.878217377089035633e-01
6.019143008204730450e+01 1.868952061774086792e-01
6.044303967578304793e+01 1.860717585061837931e-01
6.069446539940648933e+01 1.845080607508549631e-01
6.094594283876522667e+01 1.842788530889038212e-01
6.119752142863568878e+01 1.833684658462636508e-01
6.144920707655568037e+01 1.823271175030245494e-01
6.170042875117553649e+01 1.813553064592883790e-01
6.195135852331920745e+01 1.806360952818299448e-01
6.220292279118605450e+01 1.796609300556864242e-01
6.245429299708936099e+01 1.792917347575981313e-01
6.270516484212564734e+01 1.790188346457923518e-01
6.295654789617530156e+01 1.785361444121586205e-01
6.320814180923495940e+01 1.777943884566362542e-01
6.345941573738152641e+01 1.776226775384403267e-01
6.371040057052023542e+01 1.771356436164008841e-01
6.396185745578683424e+01 1.770268576446359099e-01
6.421368546549915379e+01 1.768847036948962004e-01
6.446479073454199238e+01 1.758797412263818083e-01
6.471588673409551973e+01 1.746581785386555619e-01
6.496730834160189261e+01 1.733149802215877000e-01
6.521856319783852030e+01 1.717757097623349716e-01
6.546992987326736113e+01 1.704632388093322015e-01
6.572120553073852989e+01 1.687050914377661026e-01
6.597232322532917692e+01 1.677258667950513316e-01
6.622368994537650622e+01 1.666528739755893940e-01
6.647513103932683975e+01 1.655847628775025115e-01
6.672672959741110787e+01 1.643446854026132109e-01
6.697798244417811020e+01 1.631257439733652947e-01
6.722885542524284119e+01 1.624306940150599399e-01
6.748048616955249202e+01 1.612316243510168168e-01
6.773229923195737001e+01 1.593307171924291943e-01
6.798322572139460362e+01 1.583204867747501909e-01
6.823447173775937813e+01 1.566814403286853619e-01
6.848606896751729778e+01 1.561039813944251065e-01
6.873741544680683546e+01 1.547072800061242148e-01
6.898873787744179253e+01 1.541211682023208018e-01
6.923979673744193519e+01 1.529935018039823846e-01
6.949145441276264989e+01 1.518299981964387757e-01
6.974265210301840057e+01 1.511270822030309491e-01
6.999344031108012132e+01 1.499797923241713571e-01
7.024493114765583357e+01 1.487727892189356083e-01
7.049642464225027538e+01 1.479392390202986240e-01
7.074774315836204153e+01 1.467327502154283092e-01
7.099906993548422918e+01 1.460171339069239738e-01
7.125054486425644029e+01 1.449550066271693138e-01
7.150182990423201090e+01 1.443600432347562912e-01
7.175309169194970593e+01 1.436262343502354155e-01
7.200430886966613286e+01 1.422242404270332161e-01
7.225563655627148307e+01 1.420688948414503550e-01
7.250698057097335436e+01 1.403959827678175620e-01
7.275814540940223196e+01 1.398424394189176079e-01
7.300954011634642882e+01 1.396324156178971321e-01
7.326094744803241099e+01 1.390290532596140383e-01
7.351241635922633577e+01 1.376828617797236087e-01
7.376385704484314942e+01 1.372414034831636320e-01
7.401507686011912313e+01 1.364571276389866805e-01
7.426642983754513239e+01 1.355261083965559332e-01
7.451774392350500875e+01 1.352056441596461434e-01
7.476888196695857403e+01 1.340224272690104523e-01
7.502031254291918572e+01 1.338505727905177356e-01
7.527179980263341008e+01 1.333818070248888321e-01
7.552311252549999665e+01 1.332617725818628085e-01
7.577409780062980360e+01 1.322310153464492932e-01
7.602551875404107307e+01 1.317750280800700780e-01
7.627713348914349467e+01 1.316905411318064767e-01
7.652808863434110265e+01 1.313254090862397139e-01
7.677928937816385258e+01 1.312277089085255033e-01
7.703080422988723797e+01 1.304272526314183556e-01
7.728259641407451852e+01 1.305457672681315240e-01
7.753362846048165125e+01 1.301053781337342674e-01
7.778433144503740948e+01 1.301239240067828262e-01
7.803587445609785789e+01 1.296166917663958973e-01
7.828752478929132508e+01 1.289970060552227682e-01
7.853900368295268208e+01 1.289973384963259972e-01
7.879021312407734001e+01 1.285579755926158363e-01
7.904165509986182769e+01 1.285209966344225130e-01
7.929330413459700821e+01 1.280607393949638184e-01
7.954446877222407863e+01 1.280488567807470668e-01
7.979551714753698377e+01 1.280590950701032404e-01
8.004692165377868207e+01 1.278807697053045977e-01
8.029810489950233432e+01 1.274852762777323456e-01
8.054908874480256031e+01 1.277456308635422921e-01
8.080044321541014085e+01 1.273129584385633839e-01
8.105216211323228492e+01 1.274617100895148458e-01
8.130349433109076074e+01 1.269453101933042394e-01
8.155444015076058406e+01 1.271161138642295518e-01
8.180579598042007206e+01 1.268682537518549536e-01
8.205747345046690100e+01 1.269036504210107330e-01
8.230895288137371324e+01 1.270299565305339773e-01
8.256017853616197044e+01 1.269671944777347461e-01
8.281171136842024794e+01 1.271308052425199064e-01
8.306338874103768433e+01 1.269103053903335721e-01
8.331416972271263433e+01 1.271665246597440402e-01
8.356490365514949303e+01 1.268503184336017275e-01
8.381669207113579034e+01 1.270559994962446038e-01
8.406812178552961257e+01 1.272791234293462748e-01
8.431890933464019611e+01 1.273120516576248806e-01
8.457023187027826339e+01 1.267661889311088308e-01
8.482151559398789686e+01 1.270714213270217330e-01
8.507283003168710422e+01 1.271588603222912339e-01
8.532426808165841692e+01 1.273995220555859120e-01
8.557600476924378086e+01 1.274443906906282398e-01
8.582757594343893004e+01 1.288039836417257111e-01
8.607831587296919906e+01 1.281575137901563577e-01
8.632961333877408094e+01 1.293386040508479606e-01
8.658121923681562748e+01 1.284073563078133584e-01
8.683268673150530503e+01 1.285268341711877371e-01
8.708396519721972595e+01 1.287767603736461319e-01
8.733506961066505880e+01 1.279891361340014522e-01
8.758618105842411694e+01 1.292694537350163875e-01
8.783752567351578477e+01 1.290599816612307549e-01
8.808868914679788986e+01 1.297810991288177174e-01
8.833994003395393690e+01 1.297622057550279207e-01
8.859174898584991809e+01 1.307763267183022493e-01
8.884303273375222432e+01 1.307572281524763957e-01
8.909352487970716084e+01 1.307619265054264790e-01
8.934511690540148265e+01 1.304858766321029540e-01
8.959715158813172309e+01 1.298236842195338303e-01
8.984803368908821142e+01 1.292604393448332223e-01
9.009924288814356430e+01 1.299827880525361579e-01
9.035039732041329330e+01 1.287649164443257777e-01
9.060151066709157419e+01 1.285504629303315105e-01
9.085215645777752513e+01 1.277366782721046090e-01
9.110358912880106175e+01 1.265612607856724803e-01
9.135593221689693166e+01 1.270252472228797502e-01
9.160680049007517312e+01 1.263574085586407214e-01
9.185814296072571494e+01 1.254442938067505120e-01
9.211014914083067140e+01 1.259487929447923871e-01
9.236133039430572467e+01 1.247071131471403638e-01
9.261226961967061300e+01 1.249965676803761194e-01
9.286339612223196127e+01 1.239848075232270475e-01
9.311503395193372512e+01 1.237906102860665131e-01
9.336621751977830286e+01 1.229606658485992293e-01
9.361677474844866254e+01 1.231107513549333232e-01
9.386828402731896404e+01 1.230050979370166386e-01
9.412013166396859276e+01 1.230049225868077994e-01
9.437159577797395116e+01 1.240668340171355855e-01
9.462215507964623384e+01 1.238047193545681740e-01
9.487303142853234306e+01 1.237594051206915569e-01
9.512563612801736213e+01 1.239303746734050360e-01
9.537712370347337298e+01 1.244874950078511677e-01
9.562770329733204733e+01 1.244138862417447922e-01
9.587952553542562839e+01 1.232070985030247895e-01
9.613214193709879396e+01 1.239326243735138083e-01
9.638292294616348954e+01 1.244652411002369757e-01
9.663323205539920480e+01 1.251031097694006999e-01
9.688575427051634392e+01 1.251554273293384867e-01
9.713720230214802598e+01 1.255261802155545336e-01
9.738711075112470894e+01 1.256445433185458815e-01
9.763880850310884796e+01 1.266540943520078066e-01
9.789195925073893534e+01 1.279167224310920059e-01
9.814276473823834124e+01 1.275262452242037770e-01
9.839200152577470249e+01 1.292621737495593115e-01
9.864436939619000100e+01 1.288235861766415524e-01
9.889657229158518703e+01 1.303614873870463930e-01
9.914654206758739008e+01 1.313176616745499736e-01
9.939737265117041431e+01 1.326961132176592562e-01
9.964971324453516388e+01 1.323414862449977525e-01
9.990221505033474614e+01 1.341865356622029271e-01
1.001521516083068519e+02 1.335367937810979511e-01
1.004020181344354228e+02 1.366709696012656239e-01
1.006555261342845853e+02 1.376667072138977044e-01
1.009078779715744503e+02 1.380575332169575453e-01
1.011564847190979037e+02 1.412067292370055294e-01
1.014077980390921851e+02 1.409942971999970651e-01
1.016621206036857075e+02 1.442706447502598577e-01
1.019133439536030323e+02 1.429023236072878844e-01
1.021611090492770160e+02 1.430621923383697536e-01
1.024134287982906386e+02 1.443884498892194501e-01
1.026689526987222933e+02 1.467064154193804815e-01
1.029179005362147450e+02 1.467840538389421634e-01
1.031645010122565509e+02 1.509704399318591850e-01
1.034190198448752227e+02 1.533136777834612774e-01
1.036740078018821123e+02 1.538313576391117377e-01
1.039223728592707516e+02 1.550766297954211115e-01
1.041718863957155321e+02 1.569713355618411466e-01
1.044269799004653407e+02 1.578684567610972866e-01
1.046773133673284093e+02 1.582972321580336794e-01
1.049203418007823814e+02 1.635641407847733264e-01
1.051759012379430231e+02 1.642203664213117420e-01
1.054364230283171651e+02 1.683631697073708355e-01
1.056811914497119176e+02 1.678880545882949216e-01
1.059215804876414495e+02 1.735816752447480460e-01
1.061816384917722758e+02 1.729140178977177089e-01
1.064472113030423515e+02 1.767686458706511088e-01
1.066878058983536732e+02 1.832152073153228700e-01
1.069236360402103827e+02 1.889910432872793922e-01
1.071892705778195563e+02 1.905874587725703007e-01
1.074586772409291342e+02 1.913294275031295066e-01
1.076879342587935611e+02 1.939022604665527616e-01
1.079185870885384446e+02 1.927103347114546006e-01
1.081956775747713095e+02 1.997138464902280253e-01
1.084728105259587352e+02 2.096211786873035388e-01
1.086839161354765366e+02 1.888225667288865040e-01
1.089114578639759117e+02 2.006261727671437567e-01
1.091979138747751392e+02 2.036870208804765214e-01
1.094826115122194068e+02 2.038234915262125135e-01
1.096995281563482934e+02 2.165152040450493698e-01
1.099149327348783771e+02 1.956399294331148120e-01
1.102017255337961075e+02 2.090129427864539646e-01
1.104879737748566555e+02 1.893509238508258308e-01
1.107157115274964241e+02 1.869234759059586193e-01
1.109132792987308136e+02 2.142446635374716801e-01
1.111862324688471801e+02 1.921023540514314176e-01
1.114398329385503388e+02 5.902243370074119339e-02
