3.559856489878782115e-01 4.187522618308922802e+02
6.031648866026231293e-01 2.424228393026560298e+02
8.579160745827347778e-01 1.767937512274021401e+02
1.113464310595710716e+00 1.272830393175693899e+02
1.374039914321364408e+00 1.193632278765536512e+02
1.619154704570298309e+00 9.223647070454150310e+01
1.870686673430271840e+00 9.178179111001334434e+01
2.123290040706380832e+00 7.812067007158724152e+01
2.378144976376236119e+00 7.048918844883912982e+01
2.630489925835516996e+00 5.925800492038715817e+01
2.878653162679494670e+00 6.027187693429529958e+01
3.131144366275339319e+00 5.111003897191869783e+01
3.388159578333816313e+00 4.625083827447692641e+01
3.638741848210948149e+00 4.278702594114793811e+01
3.888315910732085268e+00 3.861953755311725445e+01
4.139052155837465996e+00 3.614004291834785221e+01
4.390305777018236988e+00 3.218911682568095500e+01
4.642172339120373081e+00 3.000460356953076158e+01
4.894678666149941293e+00 2.814340873962658307e+01
5.147269052361176378e+00 2.561309712201117605e+01
5.398003206656323272e+00 2.279345636934642272e+01
5.647798235368590269e+00 2.120100563342236910e+01
5.900534302989873581e+00 2.022751476673155224e+01
6.151460297009074374e+00 1.880670894832143603e+01
6.402630176204441526e+00 1.756348692749307716e+01
6.655964674748322096e+00 1.667765989456466613e+01
6.908782583105771202e+00 1.626524575444688026e+01
7.159060853508338873e+00 1.512033404365502243e+01
7.409414762591408632e+00 1.416727152106925836e+01
7.659227149364629561e+00 1.378027353341455630e+01
7.911559474606142395e+00 1.289336344485612962e+01
8.163750941790897997e+00 1.201915336319855143e+01
8.415757210439384295e+00 1.132582957229991294e+01
8.667638839289207198e+00 1.081040570477557061e+01
8.918801124864609520e+00 1.018877109385896951e+01
9.170480108345369530e+00 9.847988666121764822e+00
9.420566033467249412e+00 9.378273212443216877e+00
9.671642335271435797e+00 8.996401636129860435e+00
9.923426157758477473e+00 8.446899354008401417e+00
1.017396902749181820e+01 8.163599108644460145e+00
1.042533700753922155e+01 7.699091245043134357e+00
1.067702948358784276e+01 7.377084075169230815e+00
1.092969337256462303e+01 7.151044462895620235e+00
1.118211872033766419e+01 6.815562268815106961e+00
1.143346516925797296e+01 6.482034490060550880e+00
1.168350508557724687e+01 6.168878021603640960e+00
1.193379937775929100e+01 5.871354645204676537e+00
1.218553055762879112e+01 5.705214616358894375e+00
1.243711650801278878e+01 5.461007056768540480e+00
1.268867268647359303e+01 5.181016793257140485e+00
1.294075027177769144e+01 5.048700176297597153e+00
1.319267287020158363e+01 4.810134124120645893e+00
1.344470571782862756e+01 4.672606228406785078e+00
1.369480150283709641e+01 4.420515171543009103e+00
1.394591277066507828e+01 4.272679994983991314e+00
1.419764645764527167e+01 4.088977675652980537e+00
1.444766774168416212e+01 3.927184801766275601e+00
1.469906835825429070e+01 3.819860034942205829e+00
1.495059118111036511e+01 3.681467856730815669e+00
1.520261612590052991e+01 3.584521742994841720e+00
1.545415944503929495e+01 3.436076778307523227e+00
1.570456072545780124e+01 3.329902486730042188e+00
1.595705800128773966e+01 3.194293486278545924e+00
1.620829297830731619e+01 3.118882201183089453e+00
1.645966591028190962e+01 3.001218556165976992e+00
1.671125708846596325e+01 2.887904596282482306e+00
1.696160259490052624e+01 2.791806691912412486e+00
1.721370276108077135e+01 2.686544234593793323e+00
1.746543424102250341e+01 2.597114706691212138e+00
1.771598473288305442e+01 2.504223487863716180e+00
1.796653767411944003e+01 2.427196203214080583e+00
1.821765658501893270e+01 2.348270039087775984e+00
1.847053788120423334e+01 2.286570971701111343e+00
1.872257696809484173e+01 2.198096716240991011e+00
1.897394097105746269e+01 2.138306964425136680e+00
1.922542454726159988e+01 2.058684484121201308e+00
1.947607703355479103e+01 2.017408730063999123e+00
1.972678839839982601e+01 1.963257114449312501e+00
1.997802698857814363e+01 1.885637123047356090e+00
2.022863620534168660e+01 1.840043384855673203e+00
2.047969598507238231e+01 1.773351803374256797e+00
2.073250439107362553e+01 1.707552577772526003e+00
2.098435855211640089e+01 1.663380459495731545e+00
2.123502923393334640e+01 1.624466666549575500e+00
2.148629411178690773e+01 1.586807072344641023e+00
2.173831825513516591e+01 1.538774488844543153e+00
2.198972260956887226e+01 1.502068873301820151e+00
2.223974971000711420e+01 1.487537097030005029e+00
2.249141870643862973e+01 1.417975885396665525e+00
2.274404614890906373e+01 1.400461254047546511e+00
2.299521835768831579e+01 1.359684105408743626e+00
2.324620084136223852e+01 1.317137895929067160e+00
2.349757798664387209e+01 1.277537784337689164e+00
2.374870488118759937e+01 1.233221873390131229e+00
2.399988781917473091e+01 1.211600393169674383e+00
2.425071646049711305e+01 1.175215884488000295e+00
2.450187830577813841e+01 1.139800391017463443e+00
2.475391093216606109e+01 1.098764983807468010e+00
2.500524226975159792e+01 1.081202313407144899e+00
2.525610980153284402e+01 1.040719068909437439e+00
2.550801425092822328e+01 1.025875666572242384e+00
2.575943113325822864e+01 9.960693460907044106e-01
2.601074166866445125e+01 9.649494091476766844e-01
2.626234447079615464e+01 9.368894715680597951e-01
2.651347712943701751e+01 9.069669999788559922e-01
2.676474177984877656e+01 8.829499519489897308e-01
2.701628079430242479e+01 8.578358922222445448e-01
2.726734205837282232e+01 8.337845535081143122e-01
2.751837013544679422e+01 8.129054367633073985e-01
2.776937726815812724e+01 7.908559905342371632e-01
2.802070160973895341e+01 7.699326671384633114e-01
2.827249982643487058e+01 7.531333522862200258e-01
2.852407603869968966e+01 7.369477398874778595e-01
2.877567300468570721e+01 7.103304422812457553e-01
2.902733523039245256e+01 6.944248319419831228e-01
2.927861073083739996e+01 6.715902086125038473e-01
2.953003196193969160e+01 6.571769956065702800e-01
2.978106336846375157e+01 6.408034549927540402e-01
3.003148440777084716e+01 6.223308967614926690e-01
3.028303386126418673e+01 6.094284100618834188e-01
3.053456493440382857e+01 5.929979041685318197e-01
3.078585183944906944e+01 5.826226547112681731e-01
3.103757946070165730e+01 5.607893617134136477e-01
3.128931656795834826e+01 5.463426750555739897e-01
3.154125974608096428e+01 5.339250795176377906e-01
3.179158626791808828e+01 5.245079193924407912e-01
3.204196438636942190e+01 5.091848866382655547e-01
3.229345624690945016e+01 5.014109281217132841e-01
3.254491795349546379e+01 4.878436164983951939e-01
3.279661199584414533e+01 4.771931571469247846e-01
3.304781054557115993e+01 4.651310793761699314e-01
3.329958828032162188e+01 4.501472204523872533e-01
3.355183723684311303e+01 4.414383560194640732e-01
3.380253855881218072e+01 4.304135215672096892e-01
3.405313147025059095e+01 4.196973654379602681e-01
3.430479305560803738e+01 4.081794141397250830e-01
3.455623390824965924e+01 3.997978570244716812e-01
3.480735498195039668e+01 3.887075795060113137e-01
3.505856438430107858e+01 3.812278354127540125e-01
3.531001549359893943e+01 3.709991008805488266e-01
3.556133107357548084e+01 3.617200119337258268e-01
3.581233698845250757e+01 3.534838795163735004e-01
3.606382608666838507e+01 3.445674322381989119e-01
3.631533331237931606e+01 3.357285059444812259e-01
3.656697642527945646e+01 3.291146175052536704e-01
3.681852327087045751e+01 3.201112811460410379e-01
3.706973766105884494e+01 3.133697876492960166e-01
3.732129678941971207e+01 3.048598781118302958e-01
3.757306314229551703e+01 2.984559929889094576e-01
3.782389924159279104e+01 2.921204264317665000e-01
3.807464007418068519e+01 2.844769662251063758e-01
3.832565302212735503e+01 2.789601026324968203e-01
3.857740378043642693e+01 2.740128641913081586e-01
3.882942253427300017e+01 2.669262698013070700e-01
3.908032307380011616e+01 2.616466820799888682e-01
3.933129330145365543e+01 2.538187078230921823e-01
3.958227876786669697e+01 2.478912487291000666e-01
3.983382520768443413e+01 2.424066292327514416e-01
4.008544842975349098e+01 2.358685147573430507e-01
4.033619301340542052e+01 2.306467898418868012e-01
4.058776599344974301e+01 2.249120620777695645e-01
4.083970221749189022e+01 2.198101493710707399e-01
4.109095921749577940e+01 2.150566844865459959e-01
4.134236727584069371e+01 2.105741763753797569e-01
4.159390229570379915e+01 2.054213704872755453e-01
4.184507899773220174e+01 2.003025070307678790e-01
4.209613747244114279e+01 1.965029292535161731e-01
4.234722818606434913e+01 1.912710265036984825e-01
4.259857332263157303e+01 1.865271901345137151e-01
4.285027109763341713e+01 1.834106855611755404e-01
4.310176195204312677e+01 1.797392876964533925e-01
4.335299280752174411e+01 1.757027235241570007e-01
4.360432095771267313e+01 1.712028435760048206e-01
4.385558663826572712e+01 1.679086864500050347e-01
4.410724528235365938e+01 1.642057363963270455e-01
4.435852190379520010e+01 1.600438944705746824e-01
4.460901713855037087e+01 1.571885415053648483e-01
4.486008510459071630e+01 1.531591401665319818e-01
4.511170295299168487e+01 1.499613575557838530e-01
4.536358210673532199e+01 1.463941678689238690e-01
4.561456198601624124e+01 1.438699135033468524e-01
4.586556721283918137e+01 1.407789667572546255e-01
4.611769651966599781e+01 1.377174273892818601e-01
4.636915627004315610e+01 1.348055802588606078e-01
4.662034887549072693e+01 1.318538919289143907e-01
4.687172305024841279e+01 1.290730770364205693e-01
4.712349745478636009e+01 1.257757831827233663e-01
4.737470617006108142e+01 1.230123064019575108e-01
4.762538569197067062e+01 1.204367071963698826e-01
4.787648835337603259e+01 1.178699784575002185e-01
4.812806309416585293e+01 1.151639181652562016e-01
4.837947377766823820e+01 1.125252334432348122e-01
4.863055608299239907e+01 1.098659389824107602e-01
4.888199020684587026e+01 1.074651569221201086e-01
4.913362466485948232e+01 1.048538948531927556e-01
4.938531946307731602e+01 1.024122436588531943e-01
4.963608988707425596e+01 1.002263740964789845e-01
4.988699356578750610e+01 9.804307027124394003e-02
5.013861839733769443e+01 9.574785490652225339e-02
5.038999807568713862e+01 9.406271732919087303e-02
5.064128572509015669e+01 9.164630329187338498e-02
5.089265153888026560e+01 8.945248822484951068e-02
5.114416620234485578e+01 8.773105055100824390e-02
5.139546355734375993e+01 8.564306274227018179e-02
5.164701680266333028e+01 8.331464889923831385e-02
5.189862905495089507e+01 8.176863127038323797e-02
5.214967308047777550e+01 7.999387864578683116e-02
5.240069291691047226e+01 7.829286294144242875e-02
5.265205790651547346e+01 7.651547762758079130e-02
5.290347041453212995e+01 7.483686841941432355e-02
5.315461969811498477e+01 7.302532758082135034e-02
5.340579219818222612e+01 7.168204119127442875e-02
5.365762065089100474e+01 7.019682809624862296e-02
5.390923473668377852e+01 6.869752067865898815e-02
5.416006359979510876e+01 6.719362642585155476e-02
5.441130437191114311e+01 6.573407432280761742e-02
5.466262745830391623e+01 6.448784188121634009e-02
5.491405993929731011e+01 6.319453620313333908e-02
5.516541491717607215e+01 6.196184948711728341e-02
5.541638268596229011e+01 6.057923585581348469e-02
5.566794564877197615e+01 5.919227318355138601e-02
5.591937805757883950e+01 5.787964588079695660e-02
5.617071533636728020e+01 5.686609118752161685e-02
5.642219117939477258e+01 5.548564361195117839e-02
5.667351334189861944e+01 5.435876080551992062e-02
5.692472708748548627e+01 5.329130196749580495e-02
5.717591204656960002e+01 5.216489029821575613e-02
5.742747687291149106e+01 5.111130997852494917e-02
5.767908487077198032e+01 4.972990329839103996e-02
5.793014671413330063e+01 4.886854724992933247e-02
5.818129395888691135e+01 4.792119429754075621e-02
5.843277276607519610e+01 4.686139864213875739e-02
5.868441457608106049e+01 4.585693983061625567e-02
5.893571635795849062e+01 4.505185730002041894e-02
5.918679860974395979e+01 4.426360956037671268e-02
5.943824578411374659e+01 4.320818286336284425e-02
5.968934443052460637e+01 4.235281072377745232e-02
5.994009881519919958e+01 4.158205566965213901e-02
6.019143008204730450e+01 4.085318594489947136e-02
6.044303967578304793e+01 4.012252236229000429e-02
6.069446539940648933e+01 3.933355000764317266e-02
6.094594283876522667e+01 3.856924950692430104e-02
6.119752142863568878e+01 3.784992622148523195e-02
6.144920707655568037e+01 3.721533124737471526e-02
6.170042875117553649e+01 3.645615207187159063e-02
6.195135852331920745e+01 3.595361341923571097e-02
6.220292279118605450e+01 3.525583880170790607e-02
6.245429299708936099e+01 3.467718933407826221e-02
6.270516484212564734e+01 3.405422719308508206e-02
6.295654789617530156e+01 3.357522679228466811e-02
6.320814180923495940e+01 3.292874710819982537e-02
6.345941573738152641e+01 3.246655459353048334e-02
6.371040057052023542e+01 3.193296247574778368e-02
6.396185745578683424e+01 3.127050668665798394e-02
6.421368546549915379e+01 3.091766909593922363e-02
6.446479073454199238e+01 3.035093121436841998e-02
6.471588673409551973e+01 2.955874148822852307e-02
6.496730834160189261e+01 2.889287818740954653e-02
6.521856319783852030e+01 2.825955352271936408e-02
6.546992987326736113e+01 2.766654757931823541e-02
6.572120553073852989e+01 2.699382059311934007e-02
6.597232322532917692e+01 2.645554552749497176e-02
6.622368994537650622e+01 2.583437052571207690e-02
6.647513103932683975e+01 2.529872582815539603e-02
6.672672959741110787e+01 2.475294738444717632e-02
6.697798244417811020e+01 2.417105312596529859e-02
6.722885542524284119e+01 2.360191288877319660e-02
6.748048616955249202e+01 2.317468804562686571e-02
6.773229923195737001e+01 2.259143840291101893e-02
6.798322572139460362e+01 2.212282272072133710e-02
6.823447173775937813e+01 2.167966848168999608e-02
6.848606896751729778e+01 2.123728213023801104e-02
6.873741544680683546e+01 2.074710193657181706e-02
6.898873787744179253e+01 2.035161175560078195e-02
6.923979673744193519e+01 1.984529781506791379e-02
6.949145441276264989e+01 1.942209343557008139e-02
6.974265210301840057e+01 1.894227612623256354e-02
6.999344031108012132e+01 1.858173135328163722e-02
7.024493114765583357e+01 1.814103514073770948e-02
7.049642464225027538e+01 1.775993995504269660e-02
7.074774315836204153e+01 1.735730043653837401e-02
7.099906993548422918e+01 1.689585850325047572e-02
7.125054486425644029e+01 1.652868623390971181e-02
7.150182990423201090e+01 1.616453949860746989e-02
7.175309169194970593e+01 1.582976583854795241e-02
7.200430886966613286e+01 1.544712017533418635e-02
7.225563655627148307e+01 1.510032351589909831e-02
7.250698057097335436e+01 1.472569212874831612e-02
7.275814540940223196e+01 1.444261254334271161e-02
7.300954011634642882e+01 1.406702197820884973e-02
7.326094744803241099e+01 1.382996043592845878e-02
7.351241635922633577e+01 1.352317803834128182e-02
7.376385704484314942e+01 1.317835134932195292e-02
7.401507686011912313e+01 1.293000226195705447e-02
7.426642983754513239e+01 1.266529786340783205e-02
7.451774392350500875e+01 1.236681569714964159e-02
7.476888196695857403e+01 1.213093497030047485e-02
7.502031254291918572e+01 1.187851356730474511e-02
7.527179980263341008e+01 1.162487238573705652e-02
7.552311252549999665e+01 1.143169083693657169e-02
7.577409780062980360e+01 1.114905326736716565e-02
7.602551875404107307e+01 1.092271989801479014e-02
7.627713348914349467e+01 1.070322104159479766e-02
7.652808863434110265e+01 1.048978348388430668e-02
7.677928937816385258e+01 1.029356514164734074e-02
7.703080422988723797e+01 1.006253011218629853e-02
7.728259641407451852e+01 9.873871413487667059e-03
7.753362846048165125e+01 9.656283474727571370e-03
7.778433144503740948e+01 9.472075246669146853e-03
7.803587445609785789e+01 9.249199706728309170e-03
7.828752478929132508e+01 9.094354656707499818e-03
7.853900368295268208e+01 8.858671556250351589e-03
7.879021312407734001e+01 8.681754959232255986e-03
7.904165509986182769e+01 8.512998736046948137e-03
7.929330413459700821e+01 8.337279625154564791e-03
7.954446877222407863e+01 8.158179011017634499e-03
7.979551714753698377e+01 7.985504447905805367e-03
8.004692165377868207e+01 7.819183550380281664e-03
8.029810489950233432e+01 7.677695289784253023e-03
8.054908874480256031e+01 7.517846554998761262e-03
8.080044321541014085e+01 7.378163690279453471e-03
8.105216211323228492e+01 7.207053737416179925e-03
8.130349433109076074e+01 7.057699909224859208e-03
8.155444015076058406e+01 6.939932904385979519e-03
8.180579598042007206e+01 6.823801764077958021e-03
8.205747345046690100e+01 6.658189726117217690e-03
8.230895288137371324e+01 6.544216504169858908e-03
8.256017853616197044e+01 6.420931350179773581e-03
8.281171136842024794e+01 6.280166228033373654e-03
8.306338874103768433e+01 6.152498089702304780e-03
8.331416972271263433e+01 6.056969598605749759e-03
8.356490365514949303e+01 5.931015806849151278e-03
8.381669207113579034e+01 5.817102340823992503e-03
8.406812178552961257e+01 5.707772437943877189e-03
8.431890933464019611e+01 5.617604158032656406e-03
8.457023187027826339e+01 5.501724442774096405e-03
8.482151559398789686e+01 5.399622879357067820e-03
8.507283003168710422e+01 5.307442587814999689e-03
8.532426808165841692e+01 5.203704991347140631e-03
8.557600476924378086e+01 5.101532355516461524e-03
8.582757594343893004e+01 5.022387506960429050e-03
8.607831587296919906e+01 4.920230265948287093e-03
8.632961333877408094e+01 4.846398989362769687e-03
8.658121923681562748e+01 4.733190505942345278e-03
8.683268673150530503e+01 4.653980173097216518e-03
8.708396519721972595e+01 4.565225865083490098e-03
8.733506961066505880e+01 4.462871856357542369e-03
8.758618105842411694e+01 4.398283065438881104e-03
8.783752567351578477e+01 4.310314415789985761e-03
8.808868914679788986e+01 4.253182963214157189e-03
8.833994003395393690e+01 4.144422243548671718e-03
8.859174898584991809e+01 4.078911957656245271e-03
8.884303273375222432e+01 3.991368705891984101e-03
8.909352487970716084e+01 3.921455101179648767e-03
8.934511690540148265e+01 3.826978824037725619e-03
8.959715158813172309e+01 3.776071733520939069e-03
8.984803368908821142e+01 3.692467581502510265e-03
9.009924288814356430e+01 3.595413264236771780e-03
9.035039732041329330e+01 3.522353448117783101e-03
9.060151066709157419e+01 3.420555589430011780e-03
9.085215645777752513e+01 3.330930511820707086e-03
9.110358912880106175e+01 3.227584159506586680e-03
9.135593221689693166e+01 3.152856111046378577e-03
9.160680049007517312e+01 3.060931618310319853e-03
9.185814296072571494e+01 3.001378093525631976e-03
9.211014914083067140e+01 2.944596043762517761e-03
9.236133039430572467e+01 2.862360313142975517e-03
9.261226961967061300e+01 2.807363228048628378e-03
9.286339612223196127e+01 2.721716428808358939e-03
9.311503395193372512e+01 2.636063869776923783e-03
9.336621751977830286e+01 2.570396835636680911e-03
9.361677474844866254e+01 2.540747507117138097e-03
9.386828402731896404e+01 2.456633850153032341e-03
9.412013166396859276e+01 2.406491257677945139e-03
9.437159577797395116e+01 2.361569819995299521e-03
9.462215507964623384e+01 2.295888663694761311e-03
9.487303142853234306e+01 2.240545859755327298e-03
9.512563612801736213e+01 2.188854681038823486e-03
9.537712370347337298e+01 2.159769524405195235e-03
9.562770329733204733e+01 2.103068231112126003e-03
9.587952553542562839e+01 2.054523883688795256e-03
9.613214193709879396e+01 2.008335275295851634e-03
9.638292294616348954e+01 1.977472838901816587e-03
9.663323205539920480e+01 1.944682128204373861e-03
9.688575427051634392e+01 1.896786456042640848e-03
9.713720230214802598e+01 1.889243621271137919e-03
9.738711075112470894e+01 1.831366987778306919e-03
9.763880850310884796e+01 1.813565918076261337e-03
9.789195925073893534e+01 1.806738707953446741e-03
9.814276473823834124e+01 1.771666494842672347e-03
9.839200152577470249e+01 1.720700590695387272e-03
9.864436939619000100e+01 1.682261647356844128e-03
9.889657229158518703e+01 1.628136963935324869e-03
9.914654206758739008e+01 1.625752373141381782e-03
9.939737265117041431e+01 1.592810099864283135e-03
9.964971324453516388e+01 1.583750894855650822e-03
9.990221505033474614e+01 1.547359609042521815e-03
1.001521516083068519e+02 1.539158608266411087e-03
1.004020181344354228e+02 1.517174732906273254e-03
1.006555261342845853e+02 1.497764186576810595e-03
1.009078779715744503e+02 1.456103991007155719e-03
1.011564847190979037e+02 1.449748064381677559e-03
1.014077980390921851e+02 1.393490193645686775e-03
1.016621206036857075e+02 1.376674653931807399e-03
1.019133439536030323e+02 1.369236157632089477e-03
1.021611090492770160e+02 1.367621009290873480e-03
1.024134287982906386e+02 1.348674705255678086e-03
1.026689526987222933e+02 1.337217937001450524e-03
1.029179005362147450e+02 1.285055090148806830e-03
1.031645010122565509e+02 1.262451603465520765e-03
1.034190198448752227e+02 1.254247139190719715e-03
1.036740078018821123e+02 1.220649489623695403e-03
1.039223728592707516e+02 1.190553420197327681e-03
1.041718863957155321e+02 1.185033370201618542e-03
1.044269799004653407e+02 1.190886833291388306e-03
1.046773133673284093e+02 1.191920749028329771e-03
1.049203418007823814e+02 1.166530958082295398e-03
1.051759012379430231e+02 1.140827605593676625e-03
1.054364230283171651e+02 1.094734273416152984e-03
1.056811914497119176e+02 1.083770110779636942e-03
1.059215804876414495e+02 1.070417282797053726e-03
1.061816384917722758e+02 1.062417601152136279e-03
1.064472113030423515e+02 1.078580323389212534e-03
1.066878058983536732e+02 1.082488917636027868e-03
1.069236360402103827e+02 1.079845341792477851e-03
1.071892705778195563e+02 1.023073822649489106e-03
1.074586772409291342e+02 1.008595536960498352e-03
1.076879342587935611e+02 9.981494730321111356e-04
1.079185870885384446e+02 9.649377794797017261e-04
1.081956775747713095e+02 9.417182371854506675e-04
1.084728105259587352e+02 9.773119722478840025e-04
1.086839161354765366e+02 9.386478947542612698e-04
1.089114578639759117e+02 9.330284055452745797e-04
1.091979138747751392e+02 9.430499524474038808e-04
1.094826115122194068e+02 9.571042112468577511e-04
1.096995281563482934e+02 9.595635697840079270e-04
1.099149327348783771e+02 9.427538987044703847e-04
1.102017255337961075e+02 9.252154679696038882e-04
1.104879737748566555e+02 1.022353513864370043e-03
1.107157115274964241e+02 8.634266425430446330e-04
1.109132792987308136e+02 9.427353812533073455e-04
1.111862324688471801e+02 8.139362736484189419e-04
1.114398329385503388e+02 1.356047689506008911e-03
