3.559856489878782115e-01 4.174214978807282250e+02
6.031648866026231293e-01 2.420211466696284504e+02
8.579160745827347778e-01 1.762530498371358760e+02
1.113464310595710716e+00 1.268500859609979159e+02
1.374039914321364408e+00 1.191287365289729649e+02
1.619154704570298309e+00 9.195754905642776578e+01
1.870686673430271840e+00 9.139893236760612183e+01
2.123290040706380832e+00 7.799673873790969481e+01
2.378144976376236119e+00 7.044488016007902331e+01
2.630489925835516996e+00 5.924754097051662427e+01
2.878653162679494670e+00 6.027618580179298391e+01
3.131144366275339319e+00 5.098535161734618981e+01
3.388159578333816313e+00 4.642252251458148038e+01
3.638741848210948149e+00 4.282363071730434712e+01
3.888315910732085268e+00 3.881781540866474955e+01
4.139052155837465996e+00 3.650490753824045242e+01
4.390305777018236988e+00 3.254258673476550001e+01
4.642172339120373081e+00 3.019421312042802441e+01
4.894678666149941293e+00 2.850150208114705919e+01
5.147269052361176378e+00 2.592184540572787199e+01
5.398003206656323272e+00 2.307518405710245091e+01
5.647798235368590269e+00 2.152557803607059128e+01
5.900534302989873581e+00 2.073479083640472354e+01
6.151460297009074374e+00 1.932372558752927105e+01
6.402630176204441526e+00 1.807996742485128649e+01
6.655964674748322096e+00 1.739076578187972899e+01
6.908782583105771202e+00 1.686721293814644085e+01
7.159060853508338873e+00 1.570204668216751642e+01
7.409414762591408632e+00 1.482571552954465410e+01
7.659227149364629561e+00 1.443310622622735195e+01
7.911559474606142395e+00 1.353049791691936399e+01
8.163750941790897997e+00 1.267862946507498556e+01
8.415757210439384295e+00 1.203862206574540394e+01
8.667638839289207198e+00 1.152582625157459439e+01
8.918801124864609520e+00 1.091164408399066943e+01
9.170480108345369530e+00 1.053245254197429404e+01
9.420566033467249412e+00 1.010454173424909108e+01
9.671642335271435797e+00 9.671660046655709664e+00
9.923426157758477473e+00 9.120459362130254988e+00
1.017396902749181820e+01 8.847298321584011305e+00
1.042533700753922155e+01 8.368801746631351790e+00
1.067702948358784276e+01 8.038597306219914529e+00
1.092969337256462303e+01 7.788817349756567587e+00
1.118211872033766419e+01 7.420323580348508585e+00
1.143346516925797296e+01 7.039140891935217859e+00
1.168350508557724687e+01 6.720656441838205986e+00
1.193379937775929100e+01 6.392677872385712057e+00
1.218553055762879112e+01 6.215958056390266329e+00
1.243711650801278878e+01 5.969570360364091499e+00
1.268867268647359303e+01 5.693524772430237135e+00
1.294075027177769144e+01 5.588292360165235451e+00
1.319267287020158363e+01 5.326851490430326130e+00
1.344470571782862756e+01 5.205765814717198126e+00
1.369480150283709641e+01 4.954277890652445393e+00
1.394591277066507828e+01 4.788226649992236794e+00
1.419764645764527167e+01 4.598899485557531364e+00
1.444766774168416212e+01 4.430592268038874515e+00
1.469906835825429070e+01 4.313827199062958861e+00
1.495059118111036511e+01 4.168605234834301676e+00
1.520261612590052991e+01 4.049356353591059943e+00
1.545415944503929495e+01 3.889727560081060354e+00
1.570456072545780124e+01 3.768673151408339805e+00
1.595705800128773966e+01 3.620995396011979839e+00
1.620829297830731619e+01 3.550528138755763230e+00
1.645966591028190962e+01 3.421951421596836518e+00
1.671125708846596325e+01 3.304710466579357409e+00
1.696160259490052624e+01 3.221868361196699393e+00
1.721370276108077135e+01 3.117221328196823737e+00
1.746543424102250341e+01 3.034626767327239794e+00
1.771598473288305442e+01 2.948102634346644990e+00
1.796653767411944003e+01 2.870476631105725485e+00
1.821765658501893270e+01 2.801792919163214268e+00
1.847053788120423334e+01 2.723336046315675496e+00
1.872257696809484173e+01 2.638884531571557002e+00
1.897394097105746269e+01 2.584671511463075166e+00
1.922542454726159988e+01 2.489975360176685637e+00
1.947607703355479103e+01 2.462919769726510832e+00
1.972678839839982601e+01 2.386269870103890689e+00
1.997802698857814363e+01 2.307600124187691115e+00
2.022863620534168660e+01 2.257922339713723581e+00
2.047969598507238231e+01 2.198349415032739174e+00
2.073250439107362553e+01 2.130078239004848495e+00
2.098435855211640089e+01 2.085840112680952263e+00
2.123502923393334640e+01 2.041511043274038428e+00
2.148629411178690773e+01 2.000757475014455000e+00
2.173831825513516591e+01 1.955720473946522597e+00
2.198972260956887226e+01 1.900716006153557736e+00
2.223974971000711420e+01 1.883355426049621695e+00
2.249141870643862973e+01 1.809306606490053149e+00
2.274404614890906373e+01 1.773969179144350816e+00
2.299521835768831579e+01 1.741766753958770453e+00
2.324620084136223852e+01 1.699490268791288727e+00
2.349757798664387209e+01 1.661523418017633036e+00
2.374870488118759937e+01 1.616495913270423301e+00
2.399988781917473091e+01 1.591538073022497279e+00
2.425071646049711305e+01 1.556416517421932655e+00
2.450187830577813841e+01 1.508483019093191935e+00
2.475391093216606109e+01 1.471071516191445605e+00
2.500524226975159792e+01 1.450900465237326298e+00
2.525610980153284402e+01 1.411510324368852043e+00
2.550801425092822328e+01 1.390872426701684761e+00
2.575943113325822864e+01 1.360005138634827526e+00
2.601074166866445125e+01 1.324824907747600644e+00
2.626234447079615464e+01 1.291679794659235991e+00
2.651347712943701751e+01 1.264940229234308822e+00
2.676474177984877656e+01 1.239654279844579987e+00
2.701628079430242479e+01 1.221635271060407701e+00
2.726734205837282232e+01 1.188970570499964463e+00
2.751837013544679422e+01 1.172802600801817752e+00
2.776937726815812724e+01 1.149657659790445319e+00
2.802070160973895341e+01 1.125918666294893011e+00
2.827249982643487058e+01 1.112815724202843803e+00
2.852407603869968966e+01 1.095265997989496753e+00
2.877567300468570721e+01 1.067283498638835759e+00
2.902733523039245256e+01 1.047746771669312515e+00
2.927861073083739996e+01 1.023367251409823986e+00
2.953003196193969160e+01 1.006222594817440807e+00
2.978106336846375157e+01 9.916613112600328739e-01
3.003148440777084716e+01 9.715322847491070224e-01
3.028303386126418673e+01 9.501532243008077305e-01
3.053456493440382857e+01 9.305998752834812038e-01
3.078585183944906944e+01 9.199578244216619627e-01
3.103757946070165730e+01 8.938314499494188770e-01
3.128931656795834826e+01 8.810849596040333243e-01
3.154125974608096428e+01 8.705208366028179823e-01
3.179158626791808828e+01 8.562043405179698974e-01
3.204196438636942190e+01 8.397532044734614676e-01
3.229345624690945016e+01 8.291430213716695086e-01
3.254491795349546379e+01 8.121112385105873077e-01
3.279661199584414533e+01 7.985356004864377910e-01
3.304781054557115993e+01 7.827217493177101026e-01
3.329958828032162188e+01 7.679922652614504797e-01
3.355183723684311303e+01 7.581521911854961493e-01
3.380253855881218072e+01 7.448122276057601576e-01
3.405313147025059095e+01 7.304460649285375862e-01
3.430479305560803738e+01 7.213719155320538201e-01
3.455623390824965924e+01 7.093462538118123772e-01
3.480735498195039668e+01 6.956509322607894452e-01
3.505856438430107858e+01 6.853424972638714197e-01
3.531001549359893943e+01 6.751298194069427216e-01
3.556133107357548084e+01 6.647214349669960942e-01
3.581233698845250757e+01 6.535872629321199945e-01
3.606382608666838507e+01 6.436504818255632809e-01
3.631533331237931606e+01 6.328726191312068483e-01
3.656697642527945646e+01 6.223057295197631511e-01
3.681852327087045751e+01 6.114414671268578738e-01
3.706973766105884494e+01 6.044992833967246515e-01
3.732129678941971207e+01 5.921017998679760641e-01
3.757306314229551703e+01 5.872784820169438813e-01
3.782389924159279104e+01 5.774093850003807482e-01
3.807464007418068519e+01 5.688782222989703374e-01
3.832565302212735503e+01 5.625971677034807827e-01
3.857740378043642693e+01 5.542376015034573555e-01
3.882942253427300017e+01 5.424262875820126117e-01
3.908032307380011616e+01 5.352275678998670294e-01
3.933129330145365543e+01 5.246529292966405356e-01
3.958227876786669697e+01 5.175269342508642678e-01
3.983382520768443413e+01 5.115730470710082578e-01
4.008544842975349098e+01 5.025429542700967644e-01
4.033619301340542052e+01 4.976989625844408516e-01
4.058776599344974301e+01 4.873251624466787835e-01
4.083970221749189022e+01 4.840107797174370008e-01
4.109095921749577940e+01 4.758068706997619635e-01
4.134236727584069371e+01 4.698952267382026649e-01
4.159390229570379915e+01 4.642677482966778291e-01
4.184507899773220174e+01 4.565875383585562552e-01
4.209613747244114279e+01 4.518492451480018435e-01
4.234722818606434913e+01 4.436887123662022203e-01
4.259857332263157303e+01 4.383911757863589997e-01
4.285027109763341713e+01 4.333667014768089465e-01
4.310176195204312677e+01 4.274189726807262613e-01
4.335299280752174411e+01 4.208018305948281745e-01
4.360432095771267313e+01 4.153434003756915627e-01
4.385558663826572712e+01 4.118385848448064546e-01
4.410724528235365938e+01 4.043330096471683399e-01
4.435852190379520010e+01 4.012243460348748347e-01
4.460901713855037087e+01 3.962311373850874174e-01
4.486008510459071630e+01 3.918131119294548381e-01
4.511170295299168487e+01 3.847896319314670910e-01
4.536358210673532199e+01 3.806977191107910885e-01
4.561456198601624124e+01 3.765245368893314626e-01
4.586556721283918137e+01 3.708359785982908163e-01
4.611769651966599781e+01 3.661251546769693221e-01
4.636915627004315610e+01 3.601075638948180724e-01
4.662034887549072693e+01 3.575508705167652623e-01
4.687172305024841279e+01 3.521489533780327030e-01
4.712349745478636009e+01 3.463445936001495196e-01
4.737470617006108142e+01 3.427020501722269352e-01
4.762538569197067062e+01 3.402192275016758249e-01
4.787648835337603259e+01 3.360047814691845547e-01
4.812806309416585293e+01 3.300318989213423260e-01
4.837947377766823820e+01 3.264979400708680757e-01
4.863055608299239907e+01 3.235357529409850219e-01
4.888199020684587026e+01 3.197304803876563351e-01
4.913362466485948232e+01 3.153052370773420932e-01
4.938531946307731602e+01 3.115479263620533623e-01
4.963608988707425596e+01 3.096591868482806986e-01
4.988699356578750610e+01 3.055158755931720593e-01
5.013861839733769443e+01 3.024979759148794245e-01
5.038999807568713862e+01 2.983992570169779479e-01
5.064128572509015669e+01 2.961871379985631103e-01
5.089265153888026560e+01 2.925471006251598172e-01
5.114416620234485578e+01 2.912441682232611018e-01
5.139546355734375993e+01 2.876115952293502032e-01
5.164701680266333028e+01 2.837190291927368935e-01
5.189862905495089507e+01 2.805861409151015340e-01
5.214967308047777550e+01 2.783999888312954085e-01
5.240069291691047226e+01 2.750750531386230713e-01
5.265205790651547346e+01 2.719857980792153018e-01
5.290347041453212995e+01 2.703698138312576882e-01
5.315461969811498477e+01 2.669503639780546056e-01
5.340579219818222612e+01 2.646850124269516935e-01
5.365762065089100474e+01 2.626124727369165690e-01
5.390923473668377852e+01 2.593720373495604359e-01
5.416006359979510876e+01 2.559107906446179692e-01
5.441130437191114311e+01 2.546870744529272090e-01
5.466262745830391623e+01 2.524870240639935370e-01
5.491405993929731011e+01 2.501477331190162801e-01
5.516541491717607215e+01 2.480446431640727645e-01
5.541638268596229011e+01 2.460744019922108672e-01
5.566794564877197615e+01 2.435925414870182548e-01
5.591937805757883950e+01 2.417971725776068281e-01
5.617071533636728020e+01 2.384409281139475145e-01
5.642219117939477258e+01 2.372675898425369578e-01
5.667351334189861944e+01 2.357863534806296235e-01
5.692472708748548627e+01 2.332981846869830456e-01
5.717591204656960002e+01 2.311478320113988516e-01
5.742747687291149106e+01 2.289252562624904119e-01
5.767908487077198032e+01 2.280205376313417243e-01
5.793014671413330063e+01 2.263662481863273068e-01
5.818129395888691135e+01 2.252230971417035765e-01
5.843277276607519610e+01 2.222368744960226683e-01
5.868441457608106049e+01 2.212457971442080840e-01
5.893571635795849062e+01 2.202590941597064034e-01
5.918679860974395979e+01 2.183768062560577372e-01
5.943824578411374659e+01 2.170804726399877538e-01
5.968934443052460637e+01 2.154146882382440842e-01
5.994009881519919958e+01 2.146874010939648636e-01
6.019143008204730450e+01 2.135674233488875084e-01
6.044303967578304793e+01 2.124896915079154125e-01
6.069446539940648933e+01 2.111881805002483181e-01
6.094594283876522667e+01 2.108413647416109704e-01
6.119752142863568878e+01 2.091430076913517455e-01
6.144920707655568037e+01 2.089242158359796708e-01
6.170042875117553649e+01 2.078250463787549573e-01
6.195135852331920745e+01 2.077701833273236931e-01
6.220292279118605450e+01 2.062638714672211937e-01
6.245429299708936099e+01 2.060313240432940507e-01
6.270516484212564734e+01 2.057260872221991499e-01
6.295654789617530156e+01 2.052314301875056979e-01
6.320814180923495940e+01 2.045402355662102045e-01
6.345941573738152641e+01 2.049468763822950013e-01
6.371040057052023542e+01 2.049667550240444058e-01
6.396185745578683424e+01 2.049140765009594689e-01
6.421368546549915379e+01 2.055217494682139989e-01
6.446479073454199238e+01 2.037109988158379292e-01
6.471588673409551973e+01 2.020995940247576339e-01
6.496730834160189261e+01 2.013344387167622929e-01
6.521856319783852030e+01 2.002070844360663293e-01
6.546992987326736113e+01 1.989234067497169800e-01
6.572120553073852989e+01 1.970007388353288424e-01
6.597232322532917692e+01 1.956124265664858919e-01
6.622368994537650622e+01 1.947301463670863542e-01
6.647513103932683975e+01 1.929510469080887025e-01
6.672672959741110787e+01 1.919524141409757190e-01
6.697798244417811020e+01 1.907202085802349456e-01
6.722885542524284119e+01 1.895821515810801328e-01
6.748048616955249202e+01 1.882401072238969186e-01
6.773229923195737001e+01 1.869673174469482502e-01
6.798322572139460362e+01 1.855109775940264605e-01
6.823447173775937813e+01 1.843396346971573063e-01
6.848606896751729778e+01 1.836479957908747906e-01
6.873741544680683546e+01 1.820379164246784254e-01
6.898873787744179253e+01 1.801666298585373194e-01
6.923979673744193519e+01 1.792462018174220406e-01
6.949145441276264989e+01 1.783653519243909580e-01
6.974265210301840057e+01 1.778791149952491102e-01
6.999344031108012132e+01 1.765285178357171858e-01
7.024493114765583357e+01 1.756893999061611422e-01
7.049642464225027538e+01 1.745966681895405048e-01
7.074774315836204153e+01 1.732168293716200569e-01
7.099906993548422918e+01 1.728322568353464483e-01
7.125054486425644029e+01 1.718790228877898896e-01
7.150182990423201090e+01 1.707499833039960169e-01
7.175309169194970593e+01 1.698065007240546209e-01
7.200430886966613286e+01 1.689658800048127740e-01
7.225563655627148307e+01 1.688359998278131935e-01
7.250698057097335436e+01 1.679337380025202053e-01
7.275814540940223196e+01 1.665882846800941230e-01
7.300954011634642882e+01 1.661350568135466221e-01
7.326094744803241099e+01 1.654122212066639619e-01
7.351241635922633577e+01 1.644367709756219820e-01
7.376385704484314942e+01 1.637371970105389041e-01
7.401507686011912313e+01 1.630077112062754963e-01
7.426642983754513239e+01 1.618112042481786028e-01
7.451774392350500875e+01 1.613399157931572625e-01
7.476888196695857403e+01 1.602875073861447230e-01
7.502031254291918572e+01 1.603781172404982192e-01
7.527179980263341008e+01 1.592335569189294586e-01
7.552311252549999665e+01 1.592633385456551087e-01
7.577409780062980360e+01 1.579517961349249378e-01
7.602551875404107307e+01 1.577319590522042458e-01
7.627713348914349467e+01 1.575161491544247172e-01
7.652808863434110265e+01 1.565764501927967289e-01
7.677928937816385258e+01 1.566622162191098344e-01
7.703080422988723797e+01 1.562643729174086060e-01
7.728259641407451852e+01 1.560938873103122349e-01
7.753362846048165125e+01 1.553767516056138165e-01
7.778433144503740948e+01 1.547828293583861647e-01
7.803587445609785789e+01 1.548838740197657771e-01
7.828752478929132508e+01 1.547723581677734328e-01
7.853900368295268208e+01 1.543437727830594686e-01
7.879021312407734001e+01 1.537991662728306619e-01
7.904165509986182769e+01 1.540617430981358060e-01
7.929330413459700821e+01 1.540369260602541535e-01
7.954446877222407863e+01 1.532622944255292163e-01
7.979551714753698377e+01 1.526678217248712000e-01
8.004692165377868207e+01 1.528564226368233914e-01
8.029810489950233432e+01 1.527389547137590342e-01
8.054908874480256031e+01 1.519421004325216262e-01
8.080044321541014085e+01 1.526416842341717373e-01
8.105216211323228492e+01 1.520480810825073636e-01
8.130349433109076074e+01 1.514643790575744831e-01
8.155444015076058406e+01 1.515838221444804901e-01
8.180579598042007206e+01 1.509078142852769422e-01
8.205747345046690100e+01 1.517119057918084324e-01
8.230895288137371324e+01 1.517436879088105428e-01
8.256017853616197044e+01 1.518213863851242129e-01
8.281171136842024794e+01 1.520508116308733337e-01
8.306338874103768433e+01 1.521340886165251927e-01
8.331416972271263433e+01 1.519607509990830996e-01
8.356490365514949303e+01 1.511979430079613274e-01
8.381669207113579034e+01 1.521717979804431964e-01
8.406812178552961257e+01 1.523994351237267786e-01
8.431890933464019611e+01 1.522066847793096256e-01
8.457023187027826339e+01 1.514064490816388886e-01
8.482151559398789686e+01 1.517225234036749248e-01
8.507283003168710422e+01 1.525353615761035619e-01
8.532426808165841692e+01 1.524618441306914429e-01
8.557600476924378086e+01 1.529063591366650321e-01
8.582757594343893004e+01 1.532855066636370223e-01
8.607831587296919906e+01 1.544025318462836638e-01
8.632961333877408094e+01 1.554956102133664975e-01
8.658121923681562748e+01 1.551905389088571174e-01
8.683268673150530503e+01 1.554086520647321168e-01
8.708396519721972595e+01 1.557761961889189140e-01
8.733506961066505880e+01 1.558891751329210817e-01
8.758618105842411694e+01 1.560629987877354963e-01
8.783752567351578477e+01 1.558066850596734609e-01
8.808868914679788986e+01 1.574115031877447446e-01
8.833994003395393690e+01 1.566547989716143285e-01
8.859174898584991809e+01 1.565748203398810434e-01
8.884303273375222432e+01 1.569423755190892111e-01
8.909352487970716084e+01 1.571191720809087811e-01
8.934511690540148265e+01 1.568093428989527638e-01
8.959715158813172309e+01 1.571474234135329939e-01
8.984803368908821142e+01 1.588715617886568288e-01
9.009924288814356430e+01 1.576704787193954072e-01
9.035039732041329330e+01 1.560029324511273963e-01
9.060151066709157419e+01 1.552446461690705215e-01
9.085215645777752513e+01 1.548202731832656054e-01
9.110358912880106175e+01 1.532843156376919036e-01
9.135593221689693166e+01 1.531990934445484343e-01
9.160680049007517312e+01 1.529350264322160702e-01
9.185814296072571494e+01 1.527722404730073591e-01
9.211014914083067140e+01 1.522590581350599936e-01
9.236133039430572467e+01 1.512373243684873025e-01
9.261226961967061300e+01 1.507733193223142198e-01
9.286339612223196127e+01 1.499973517089521757e-01
9.311503395193372512e+01 1.499721288935527697e-01
9.336621751977830286e+01 1.504465914122128101e-01
9.361677474844866254e+01 1.508165783318313746e-01
9.386828402731896404e+01 1.513764355899786807e-01
9.412013166396859276e+01 1.516073955571503595e-01
9.437159577797395116e+01 1.511641526187210982e-01
9.462215507964623384e+01 1.513298457971696820e-01
9.487303142853234306e+01 1.509629042194893800e-01
9.512563612801736213e+01 1.513756300528086574e-01
9.537712370347337298e+01 1.524601062115458205e-01
9.562770329733204733e+01 1.526522279908208712e-01
9.587952553542562839e+01 1.522143106453703598e-01
9.613214193709879396e+01 1.521919905834867859e-01
9.638292294616348954e+01 1.527844912815723433e-01
9.663323205539920480e+01 1.540238565801508308e-01
9.688575427051634392e+01 1.532731759834194685e-01
9.713720230214802598e+01 1.542845168722413174e-01
9.738711075112470894e+01 1.569419290341701190e-01
9.763880850310884796e+01 1.566517119050115925e-01
9.789195925073893534e+01 1.573221996488120278e-01
9.814276473823834124e+01 1.587267292164866173e-01
9.839200152577470249e+01 1.584790841992940458e-01
9.864436939619000100e+01 1.599457505764108889e-01
9.889657229158518703e+01 1.599093880325546946e-01
9.914654206758739008e+01 1.625934522187844899e-01
9.939737265117041431e+01 1.615516431662211982e-01
9.964971324453516388e+01 1.622063560824142658e-01
9.990221505033474614e+01 1.638578966845000706e-01
1.001521516083068519e+02 1.654983257790421936e-01
1.004020181344354228e+02 1.669041694754502536e-01
1.006555261342845853e+02 1.687196016422587430e-01
1.009078779715744503e+02 1.686324963980554148e-01
1.011564847190979037e+02 1.709331064573715309e-01
1.014077980390921851e+02 1.705863381637896803e-01
1.016621206036857075e+02 1.738621886791922866e-01
1.019133439536030323e+02 1.735942115799981311e-01
1.021611090492770160e+02 1.768738994104407103e-01
1.024134287982906386e+02 1.780460430920219883e-01
1.026689526987222933e+02 1.797296588253956273e-01
1.029179005362147450e+02 1.822006266796749874e-01
1.031645010122565509e+02 1.827973674327539877e-01
1.034190198448752227e+02 1.846431087321853126e-01
1.036740078018821123e+02 1.885456627609361779e-01
1.039223728592707516e+02 1.890789746561224449e-01
1.041718863957155321e+02 1.888685650577654473e-01
1.044269799004653407e+02 1.883809714999380991e-01
1.046773133673284093e+02 1.930649460270669748e-01
1.049203418007823814e+02 1.999669036444365056e-01
1.051759012379430231e+02 2.030800370469373617e-01
1.054364230283171651e+02 2.057886345961579266e-01
1.056811914497119176e+02 2.097221547849255630e-01
1.059215804876414495e+02 2.090740444690765421e-01
1.061816384917722758e+02 2.095211820741531283e-01
1.064472113030423515e+02 2.061735252317884182e-01
1.066878058983536732e+02 2.140985184652197393e-01
1.069236360402103827e+02 2.151082105722416649e-01
1.071892705778195563e+02 2.271077824028439884e-01
1.074586772409291342e+02 2.205130007520353930e-01
1.076879342587935611e+02 2.364352274254696018e-01
1.079185870885384446e+02 2.341415393873604311e-01
1.081956775747713095e+02 2.380442271025835776e-01
1.084728105259587352e+02 2.550231058131904316e-01
1.086839161354765366e+02 2.474773862930088608e-01
1.089114578639759117e+02 2.618887577766093600e-01
1.091979138747751392e+02 2.592555624704624417e-01
1.094826115122194068e+02 2.555054906217058552e-01
1.096995281563482934e+02 2.728435037298833077e-01
1.099149327348783771e+02 2.774028579245890747e-01
1.102017255337961075e+02 2.686618064253999960e-01
1.104879737748566555e+02 2.789014440580617760e-01
1.107157115274964241e+02 3.747185343755225495e-01
1.109132792987308136e+02 3.145384377204282766e-01
1.111862324688471801e+02 4.292428829988566008e-01
1.114398329385503388e+02 2.556498830024360111e-02
