3.559856489878782115e-01 4.173679717409984278e+02
6.031648866026231293e-01 2.419781489423643563e+02
8.579160745827347778e-01 1.761664261570026895e+02
1.113464310595710716e+00 1.267263204670496464e+02
1.374039914321364408e+00 1.189148527272288760e+02
1.619154704570298309e+00 9.180120815791869404e+01
1.870686673430271840e+00 9.123077612291997696e+01
2.123290040706380832e+00 7.785878293929691552e+01
2.378144976376236119e+00 7.034054624544540957e+01
2.630489925835516996e+00 5.911862100130936426e+01
2.878653162679494670e+00 6.019626555022964709e+01
3.131144366275339319e+00 5.088683007817638071e+01
3.388159578333816313e+00 4.629928306998489518e+01
3.638741848210948149e+00 4.274788975361150278e+01
3.888315910732085268e+00 3.875372552670994963e+01
4.139052155837465996e+00 3.643653950669763475e+01
4.390305777018236988e+00 3.244854657975488976e+01
4.642172339120373081e+00 3.008643116896763914e+01
4.894678666149941293e+00 2.840888325567198436e+01
5.147269052361176378e+00 2.582009278836761368e+01
5.398003206656323272e+00 2.297972231344801486e+01
5.647798235368590269e+00 2.140395571715702872e+01
5.900534302989873581e+00 2.061279159589963683e+01
6.151460297009074374e+00 1.918322851340477442e+01
6.402630176204441526e+00 1.794872308755597601e+01
6.655964674748322096e+00 1.724538500167330568e+01
6.908782583105771202e+00 1.673165475677723535e+01
7.159060853508338873e+00 1.558712833714489143e+01
7.409414762591408632e+00 1.472108456660546594e+01
7.659227149364629561e+00 1.432298487502751883e+01
7.911559474606142395e+00 1.342949516766674023e+01
8.163750941790897997e+00 1.257323475590368744e+01
8.415757210439384295e+00 1.191194763340907592e+01
8.667638839289207198e+00 1.142280483267606428e+01
8.918801124864609520e+00 1.079475078193062920e+01
9.170480108345369530e+00 1.042783324835263770e+01
9.420566033467249412e+00 9.962730975343593087e+00
9.671642335271435797e+00 9.541006303422292945e+00
9.923426157758477473e+00 8.996076461608321750e+00
1.017396902749181820e+01 8.714331231827641133e+00
1.042533700753922155e+01 8.231830333170510272e+00
1.067702948358784276e+01 7.898465361511347815e+00
1.092969337256462303e+01 7.654842721708924991e+00
1.118211872033766419e+01 7.293590140079930784e+00
1.143346516925797296e+01 6.917163262051951200e+00
1.168350508557724687e+01 6.615736196421244664e+00
1.193379937775929100e+01 6.285086160005304734e+00
1.218553055762879112e+01 6.128277671462114995e+00
1.243711650801278878e+01 5.881772091908880284e+00
1.268867268647359303e+01 5.611000917741963967e+00
1.294075027177769144e+01 5.507028318074189244e+00
1.319267287020158363e+01 5.257762580001144492e+00
1.344470571782862756e+01 5.136751462383262634e+00
1.369480150283709641e+01 4.897804680825382562e+00
1.394591277066507828e+01 4.737137335368624136e+00
1.419764645764527167e+01 4.558925158390332300e+00
1.444766774168416212e+01 4.386435892229494371e+00
1.469906835825429070e+01 4.279278661016197916e+00
1.495059118111036511e+01 4.130462640687353471e+00
1.520261612590052991e+01 4.019482403190652420e+00
1.545415944503929495e+01 3.857401831499597922e+00
1.570456072545780124e+01 3.736726639974057296e+00
1.595705800128773966e+01 3.594643023136574023e+00
1.620829297830731619e+01 3.519055592390150977e+00
1.645966591028190962e+01 3.388127800286983238e+00
1.671125708846596325e+01 3.280159965719691151e+00
1.696160259490052624e+01 3.194094053167239267e+00
1.721370276108077135e+01 3.092516293194440546e+00
1.746543424102250341e+01 3.008322263107559458e+00
1.771598473288305442e+01 2.920645717022352095e+00
1.796653767411944003e+01 2.846440618299730829e+00
1.821765658501893270e+01 2.782929385610799056e+00
1.847053788120423334e+01 2.715143402567983255e+00
1.872257696809484173e+01 2.629712230589315691e+00
1.897394097105746269e+01 2.579461802440190521e+00
1.922542454726159988e+01 2.488931109767719363e+00
1.947607703355479103e+01 2.458430383161076982e+00
1.972678839839982601e+01 2.387254785858055062e+00
1.997802698857814363e+01 2.313471941828504352e+00
2.022863620534168660e+01 2.265706291955316143e+00
2.047969598507238231e+01 2.201722365449256369e+00
2.073250439107362553e+01 2.137955752357113770e+00
2.098435855211640089e+01 2.090693674272523506e+00
2.123502923393334640e+01 2.054755257787891587e+00
2.148629411178690773e+01 2.010726380705655014e+00
2.173831825513516591e+01 1.969421574706428313e+00
2.198972260956887226e+01 1.919819546400512111e+00
2.223974971000711420e+01 1.899737096885406151e+00
2.249141870643862973e+01 1.826795488651203447e+00
2.274404614890906373e+01 1.792085131677055188e+00
2.299521835768831579e+01 1.757225927093128748e+00
2.324620084136223852e+01 1.716154157841496275e+00
2.349757798664387209e+01 1.678271066602994299e+00
2.374870488118759937e+01 1.635188605298057540e+00
2.399988781917473091e+01 1.609026091550818549e+00
2.425071646049711305e+01 1.571522387028760237e+00
2.450187830577813841e+01 1.523333977224823110e+00
2.475391093216606109e+01 1.486527781895820022e+00
2.500524226975159792e+01 1.466104471050132751e+00
2.525610980153284402e+01 1.428189991843068718e+00
2.550801425092822328e+01 1.408807345455232563e+00
2.575943113325822864e+01 1.379541210616057390e+00
2.601074166866445125e+01 1.343372523906326554e+00
2.626234447079615464e+01 1.314209616499007582e+00
2.651347712943701751e+01 1.282909193714458329e+00
2.676474177984877656e+01 1.259339161068280255e+00
2.701628079430242479e+01 1.243363679791280374e+00
2.726734205837282232e+01 1.209797828578916379e+00
2.751837013544679422e+01 1.194921508984550629e+00
2.776937726815812724e+01 1.173353508499339393e+00
2.802070160973895341e+01 1.147623886738696974e+00
2.827249982643487058e+01 1.131194606282116766e+00
2.852407603869968966e+01 1.113963144488414381e+00
2.877567300468570721e+01 1.083471381910559250e+00
2.902733523039245256e+01 1.067176459451428361e+00
2.927861073083739996e+01 1.042648338808016106e+00
2.953003196193969160e+01 1.022853660173920431e+00
2.978106336846375157e+01 1.009289986548421281e+00
3.003148440777084716e+01 9.887937193736778818e-01
3.028303386126418673e+01 9.684763653277581597e-01
3.053456493440382857e+01 9.496173841511037494e-01
3.078585183944906944e+01 9.405109806072949885e-01
3.103757946070165730e+01 9.141870662467104225e-01
3.128931656795834826e+01 8.981977201309458980e-01
3.154125974608096428e+01 8.865453041188360306e-01
3.179158626791808828e+01 8.711007923035918310e-01
3.204196438636942190e+01 8.532233118773571157e-01
3.229345624690945016e+01 8.419424181729455725e-01
3.254491795349546379e+01 8.257696551112477801e-01
3.279661199584414533e+01 8.127560830755534704e-01
3.304781054557115993e+01 7.935744060411400458e-01
3.329958828032162188e+01 7.801764969345313938e-01
3.355183723684311303e+01 7.711863246604901967e-01
3.380253855881218072e+01 7.555654885708743551e-01
3.405313147025059095e+01 7.432834239647871932e-01
3.430479305560803738e+01 7.325728707571993459e-01
3.455623390824965924e+01 7.219249742874325193e-01
3.480735498195039668e+01 7.064864500532181957e-01
3.505856438430107858e+01 6.952805969708419909e-01
3.531001549359893943e+01 6.853358189864909855e-01
3.556133107357548084e+01 6.718588574738016961e-01
3.581233698845250757e+01 6.620329700031817310e-01
3.606382608666838507e+01 6.530008474555810682e-01
3.631533331237931606e+01 6.431064987770932495e-01
3.656697642527945646e+01 6.321886325948721241e-01
3.681852327087045751e+01 6.205911892005726571e-01
3.706973766105884494e+01 6.143488329697777139e-01
3.732129678941971207e+01 6.011217067076437548e-01
3.757306314229551703e+01 5.965414309099644763e-01
3.782389924159279104e+01 5.863608248402031320e-01
3.807464007418068519e+01 5.766662055317801627e-01
3.832565302212735503e+01 5.704798601800807889e-01
3.857740378043642693e+01 5.619771983807034799e-01
3.882942253427300017e+01 5.508463494277465733e-01
3.908032307380011616e+01 5.441589090051625055e-01
3.933129330145365543e+01 5.341719094486790942e-01
3.958227876786669697e+01 5.260894882340493295e-01
3.983382520768443413e+01 5.199590695656093331e-01
4.008544842975349098e+01 5.112593559568279211e-01
4.033619301340542052e+01 5.052867439685290174e-01
4.058776599344974301e+01 4.969094145176498056e-01
4.083970221749189022e+01 4.908419095503906981e-01
4.109095921749577940e+01 4.824158538695152432e-01
4.134236727584069371e+01 4.772878889674584402e-01
4.159390229570379915e+01 4.710358460120407376e-01
4.184507899773220174e+01 4.633207454802266145e-01
4.209613747244114279e+01 4.588853231939891142e-01
4.234722818606434913e+01 4.508262816948243601e-01
4.259857332263157303e+01 4.458528036387229831e-01
4.285027109763341713e+01 4.405672843051837151e-01
4.310176195204312677e+01 4.340291205005611941e-01
4.335299280752174411e+01 4.275008208565089229e-01
4.360432095771267313e+01 4.221804281544132564e-01
4.385558663826572712e+01 4.162342645462747681e-01
4.410724528235365938e+01 4.091975620116152790e-01
4.435852190379520010e+01 4.051179284467318342e-01
4.460901713855037087e+01 4.009520947689626524e-01
4.486008510459071630e+01 3.964723138900427268e-01
4.511170295299168487e+01 3.902666227686455436e-01
4.536358210673532199e+01 3.857624818149238966e-01
4.561456198601624124e+01 3.808952249747815100e-01
4.586556721283918137e+01 3.756193836701005595e-01
4.611769651966599781e+01 3.720576267907800827e-01
4.636915627004315610e+01 3.665800798350940526e-01
4.662034887549072693e+01 3.637771476139680660e-01
4.687172305024841279e+01 3.588152935909045826e-01
4.712349745478636009e+01 3.529856568785476045e-01
4.737470617006108142e+01 3.501799743581010538e-01
4.762538569197067062e+01 3.471465215198307752e-01
4.787648835337603259e+01 3.437557030818541026e-01
4.812806309416585293e+01 3.378755396069458294e-01
4.837947377766823820e+01 3.347643882122932069e-01
4.863055608299239907e+01 3.310231692954361815e-01
4.888199020684587026e+01 3.269748413802618936e-01
4.913362466485948232e+01 3.223259086897267700e-01
4.938531946307731602e+01 3.176990018843681152e-01
4.963608988707425596e+01 3.163586455422603971e-01
4.988699356578750610e+01 3.120353054740451215e-01
5.013861839733769443e+01 3.078708507699951524e-01
5.038999807568713862e+01 3.051991079252997507e-01
5.064128572509015669e+01 3.017034938778773157e-01
5.089265153888026560e+01 2.987539440780732636e-01
5.114416620234485578e+01 2.965018447032847226e-01
5.139546355734375993e+01 2.932397024345800851e-01
5.164701680266333028e+01 2.890576677285014440e-01
5.189862905495089507e+01 2.861961116048052367e-01
5.214967308047777550e+01 2.838550316377441707e-01
5.240069291691047226e+01 2.803103038128128555e-01
5.265205790651547346e+01 2.775355877711010999e-01
5.290347041453212995e+01 2.746042192025355266e-01
5.315461969811498477e+01 2.711127016863960626e-01
5.340579219818222612e+01 2.678664265163938629e-01
5.365762065089100474e+01 2.662999346626439556e-01
5.390923473668377852e+01 2.620792702573342958e-01
5.416006359979510876e+01 2.588335488644689097e-01
5.441130437191114311e+01 2.578863846170476593e-01
5.466262745830391623e+01 2.563291823998400387e-01
5.491405993929731011e+01 2.538718216388120563e-01
5.516541491717607215e+01 2.515718641373736464e-01
5.541638268596229011e+01 2.493837798247843240e-01
5.566794564877197615e+01 2.473835283050044576e-01
5.591937805757883950e+01 2.453397238480552189e-01
5.617071533636728020e+01 2.418533093999354344e-01
5.642219117939477258e+01 2.414340850241444292e-01
5.667351334189861944e+01 2.395271319963062917e-01
5.692472708748548627e+01 2.376469315886673983e-01
5.717591204656960002e+01 2.353878071552011897e-01
5.742747687291149106e+01 2.332422353930617698e-01
5.767908487077198032e+01 2.320737725405342400e-01
5.793014671413330063e+01 2.303445337731002407e-01
5.818129395888691135e+01 2.285893538350859955e-01
5.843277276607519610e+01 2.261845936673828883e-01
5.868441457608106049e+01 2.248102172220662609e-01
5.893571635795849062e+01 2.238831649538658430e-01
5.918679860974395979e+01 2.227833063453605045e-01
5.943824578411374659e+01 2.213087717621282646e-01
5.968934443052460637e+01 2.196860015106759101e-01
5.994009881519919958e+01 2.186371271136414163e-01
6.019143008204730450e+01 2.177204557401148100e-01
6.044303967578304793e+01 2.164628736337038950e-01
6.069446539940648933e+01 2.146607254137941623e-01
6.094594283876522667e+01 2.144302391659302087e-01
6.119752142863568878e+01 2.126694725253561735e-01
6.144920707655568037e+01 2.118739671391244028e-01
6.170042875117553649e+01 2.111507964211808974e-01
6.195135852331920745e+01 2.105266394304400324e-01
6.220292279118605450e+01 2.093711331571356526e-01
6.245429299708936099e+01 2.087739291242833028e-01
6.270516484212564734e+01 2.079883209346321260e-01
6.295654789617530156e+01 2.078679166981830251e-01
6.320814180923495940e+01 2.073600815800292485e-01
6.345941573738152641e+01 2.070495830286386840e-01
6.371040057052023542e+01 2.069599721165296391e-01
6.396185745578683424e+01 2.071424456037415096e-01
6.421368546549915379e+01 2.076724125444444902e-01
6.446479073454199238e+01 2.063841880402978168e-01
6.471588673409551973e+01 2.043446271201834474e-01
6.496730834160189261e+01 2.037670566700750807e-01
6.521856319783852030e+01 2.023860085636325357e-01
6.546992987326736113e+01 2.000087601151010752e-01
6.572120553073852989e+01 1.987582696790190506e-01
6.597232322532917692e+01 1.972908641501667781e-01
6.622368994537650622e+01 1.957691096744002268e-01
6.647513103932683975e+01 1.944678054408562340e-01
6.672672959741110787e+01 1.933191382742431297e-01
6.697798244417811020e+01 1.915380538424072687e-01
6.722885542524284119e+01 1.902959593975518671e-01
6.748048616955249202e+01 1.890783662386845976e-01
6.773229923195737001e+01 1.877591567286117091e-01
6.798322572139460362e+01 1.863804253478868744e-01
6.823447173775937813e+01 1.851115590333664018e-01
6.848606896751729778e+01 1.845452003867080748e-01
6.873741544680683546e+01 1.827741414889640370e-01
6.898873787744179253e+01 1.811304897942994097e-01
6.923979673744193519e+01 1.804449563489687047e-01
6.949145441276264989e+01 1.793281131006933260e-01
6.974265210301840057e+01 1.789915922176459062e-01
6.999344031108012132e+01 1.772305956000172766e-01
7.024493114765583357e+01 1.760992881796037413e-01
7.049642464225027538e+01 1.750978133534641934e-01
7.074774315836204153e+01 1.734773315077204892e-01
7.099906993548422918e+01 1.734614801321680277e-01
7.125054486425644029e+01 1.721727742034594721e-01
7.150182990423201090e+01 1.714331002497119227e-01
7.175309169194970593e+01 1.705157176045282441e-01
7.200430886966613286e+01 1.690720209455371104e-01
7.225563655627148307e+01 1.687800417435746381e-01
7.250698057097335436e+01 1.675439666287726337e-01
7.275814540940223196e+01 1.665115156524903661e-01
7.300954011634642882e+01 1.658239069180705016e-01
7.326094744803241099e+01 1.652478664066479863e-01
7.351241635922633577e+01 1.643686391687275150e-01
7.376385704484314942e+01 1.633874324916794185e-01
7.401507686011912313e+01 1.627676307956034130e-01
7.426642983754513239e+01 1.612090030085102932e-01
7.451774392350500875e+01 1.608786375077024822e-01
7.476888196695857403e+01 1.604945331517250162e-01
7.502031254291918572e+01 1.603266968356471256e-01
7.527179980263341008e+01 1.597351710912832679e-01
7.552311252549999665e+01 1.590774203326460190e-01
7.577409780062980360e+01 1.584437256128526927e-01
7.602551875404107307e+01 1.575963373684093616e-01
7.627713348914349467e+01 1.579104566827666534e-01
7.652808863434110265e+01 1.571312698251195739e-01
7.677928937816385258e+01 1.565571461610357484e-01
7.703080422988723797e+01 1.562767472833784532e-01
7.728259641407451852e+01 1.562904091393863826e-01
7.753362846048165125e+01 1.553311703671625132e-01
7.778433144503740948e+01 1.544784230502610212e-01
7.803587445609785789e+01 1.549724850715876734e-01
7.828752478929132508e+01 1.541128707538529374e-01
7.853900368295268208e+01 1.534380795916143458e-01
7.879021312407734001e+01 1.529013589004938611e-01
7.904165509986182769e+01 1.535463299862042663e-01
7.929330413459700821e+01 1.528239955323310584e-01
7.954446877222407863e+01 1.522887396163129792e-01
7.979551714753698377e+01 1.521090148832150712e-01
8.004692165377868207e+01 1.519495693183060270e-01
8.029810489950233432e+01 1.517422105479760974e-01
8.054908874480256031e+01 1.509653745991075824e-01
8.080044321541014085e+01 1.514257381785054646e-01
8.105216211323228492e+01 1.509429701335966434e-01
8.130349433109076074e+01 1.512108829952683031e-01
8.155444015076058406e+01 1.508653151973438633e-01
8.180579598042007206e+01 1.501552685227363904e-01
8.205747345046690100e+01 1.506814800157362244e-01
8.230895288137371324e+01 1.508819976128961404e-01
8.256017853616197044e+01 1.505638652539335320e-01
8.281171136842024794e+01 1.511464638489662948e-01
8.306338874103768433e+01 1.512120715643699986e-01
8.331416972271263433e+01 1.504347208049237883e-01
8.356490365514949303e+01 1.497792964781942959e-01
8.381669207113579034e+01 1.511038071965899177e-01
8.406812178552961257e+01 1.511759587684365913e-01
8.431890933464019611e+01 1.516172569032383233e-01
8.457023187027826339e+01 1.510320563061719190e-01
8.482151559398789686e+01 1.516494367337153093e-01
8.507283003168710422e+01 1.519843611644183801e-01
8.532426808165841692e+01 1.523102253546617380e-01
8.557600476924378086e+01 1.523538684979457158e-01
8.582757594343893004e+01 1.521779629495039754e-01
8.607831587296919906e+01 1.530919995033720726e-01
8.632961333877408094e+01 1.538254055416271304e-01
8.658121923681562748e+01 1.533414642836894992e-01
8.683268673150530503e+01 1.530789990704640446e-01
8.708396519721972595e+01 1.540553847237848273e-01
8.733506961066505880e+01 1.533507743760292585e-01
8.758618105842411694e+01 1.547254274977327981e-01
8.783752567351578477e+01 1.536666752533644431e-01
8.808868914679788986e+01 1.552033219027776079e-01
8.833994003395393690e+01 1.540720233212033441e-01
8.859174898584991809e+01 1.555638332773517929e-01
8.884303273375222432e+01 1.556422740128131921e-01
8.909352487970716084e+01 1.562897596047624071e-01
8.934511690540148265e+01 1.555507997946884990e-01
8.959715158813172309e+01 1.562084457041418850e-01
8.984803368908821142e+01 1.578861872313919168e-01
9.009924288814356430e+01 1.567206393602567360e-01
9.035039732041329330e+01 1.560353105143113539e-01
9.060151066709157419e+01 1.551226490915041112e-01
9.085215645777752513e+01 1.551898973921687908e-01
9.110358912880106175e+01 1.542202720406963545e-01
9.135593221689693166e+01 1.533595298200883250e-01
9.160680049007517312e+01 1.523299062848209595e-01
9.185814296072571494e+01 1.522899331245364252e-01
9.211014914083067140e+01 1.516920214659512600e-01
9.236133039430572467e+01 1.503801802972241641e-01
9.261226961967061300e+01 1.503030332559271431e-01
9.286339612223196127e+01 1.499500318444326463e-01
9.311503395193372512e+01 1.504480192687469853e-01
9.336621751977830286e+01 1.512786306513477785e-01
9.361677474844866254e+01 1.503027054915462013e-01
9.386828402731896404e+01 1.507625745550298102e-01
9.412013166396859276e+01 1.505482711712778643e-01
9.437159577797395116e+01 1.509508525644452925e-01
9.462215507964623384e+01 1.509137958384663691e-01
9.487303142853234306e+01 1.499421345678872419e-01
9.512563612801736213e+01 1.498131905566427169e-01
9.537712370347337298e+01 1.497679773460084962e-01
9.562770329733204733e+01 1.506437389033340180e-01
9.587952553542562839e+01 1.490753946157181431e-01
9.613214193709879396e+01 1.493202700613613376e-01
9.638292294616348954e+01 1.497666043949369141e-01
9.663323205539920480e+01 1.499412678095768392e-01
9.688575427051634392e+01 1.502279999562725621e-01
9.713720230214802598e+01 1.506734567512587886e-01
9.738711075112470894e+01 1.514997469548433062e-01
9.763880850310884796e+01 1.513069429062162685e-01
9.789195925073893534e+01 1.528442280179335144e-01
9.814276473823834124e+01 1.534885854589582710e-01
9.839200152577470249e+01 1.525386915644391383e-01
9.864436939619000100e+01 1.525270096489366456e-01
9.889657229158518703e+01 1.529594006961478847e-01
9.914654206758739008e+01 1.546011855149697911e-01
9.939737265117041431e+01 1.550095001118195759e-01
9.964971324453516388e+01 1.568695697964494762e-01
9.990221505033474614e+01 1.573204334628734713e-01
1.001521516083068519e+02 1.591349916650644236e-01
1.004020181344354228e+02 1.602308622724367970e-01
1.006555261342845853e+02 1.611237770289523086e-01
1.009078779715744503e+02 1.643390834908025622e-01
1.011564847190979037e+02 1.650221197626684788e-01
1.014077980390921851e+02 1.649363583408493539e-01
1.016621206036857075e+02 1.712791497102927885e-01
1.019133439536030323e+02 1.716280406752263288e-01
1.021611090492770160e+02 1.737372719915753483e-01
1.024134287982906386e+02 1.769321819838727827e-01
1.026689526987222933e+02 1.804638020543109234e-01
1.029179005362147450e+02 1.793923867775143455e-01
1.031645010122565509e+02 1.836858819679524635e-01
1.034190198448752227e+02 1.868492548872302261e-01
1.036740078018821123e+02 1.881831711488246017e-01
1.039223728592707516e+02 1.884207195454807304e-01
1.041718863957155321e+02 1.864929293548529265e-01
1.044269799004653407e+02 1.884445953123493889e-01
1.046773133673284093e+02 1.920052053010519177e-01
1.049203418007823814e+02 1.977299954303222695e-01
1.051759012379430231e+02 2.012108865542785174e-01
1.054364230283171651e+02 1.997654232538844665e-01
1.056811914497119176e+02 2.042113697235096170e-01
1.059215804876414495e+02 2.042942156924608677e-01
1.061816384917722758e+02 2.079050018247088072e-01
1.064472113030423515e+02 2.197454006793591319e-01
1.066878058983536732e+02 2.247742267242089642e-01
1.069236360402103827e+02 2.283043128048838910e-01
1.071892705778195563e+02 2.333287802885216922e-01
1.074586772409291342e+02 2.259236763047498819e-01
1.076879342587935611e+02 2.316290486579446195e-01
1.079185870885384446e+02 2.352168835986130635e-01
1.081956775747713095e+02 2.410550613160500066e-01
1.084728105259587352e+02 2.443483511810999320e-01
1.086839161354765366e+02 2.392688692239881010e-01
1.089114578639759117e+02 2.480327576742772655e-01
1.091979138747751392e+02 2.516241803576939051e-01
1.094826115122194068e+02 2.515236706881232021e-01
1.096995281563482934e+02 2.721826181858175153e-01
1.099149327348783771e+02 2.528301360867240555e-01
1.102017255337961075e+02 2.373795897543225508e-01
1.104879737748566555e+02 2.705661454642996344e-01
1.107157115274964241e+02 3.348931360033303717e-01
1.109132792987308136e+02 2.881348505021906203e-01
1.111862324688471801e+02 3.397849139024269327e-01
1.114398329385503388e+02 6.928453347341181900e-02
