3.559856489878782115e-01 4.173910345451558896e+02
6.031648866026231293e-01 2.419506219159619604e+02
8.579160745827347778e-01 1.761001935552886266e+02
1.113464310595710716e+00 1.266423119515763887e+02
1.374039914321364408e+00 1.188014621249944724e+02
1.619154704570298309e+00 9.167511456297492600e+01
1.870686673430271840e+00 9.100791730814806613e+01
2.123290040706380832e+00 7.760479569815527157e+01
2.378144976376236119e+00 7.011086333507061852e+01
2.630489925835516996e+00 5.885635022429131169e+01
2.878653162679494670e+00 5.991426441836994599e+01
3.131144366275339319e+00 5.061667868097320877e+01
3.388159578333816313e+00 4.606533492380940942e+01
3.638741848210948149e+00 4.252592015270009540e+01
3.888315910732085268e+00 3.851726444025371876e+01
4.139052155837465996e+00 3.619956529413442325e+01
4.390305777018236988e+00 3.219838799131918705e+01
4.642172339120373081e+00 2.987518169275503865e+01
4.894678666149941293e+00 2.819215555152161201e+01
5.147269052361176378e+00 2.562346543671760912e+01
5.398003206656323272e+00 2.280291103836609778e+01
5.647798235368590269e+00 2.124758985531434163e+01
5.900534302989873581e+00 2.043515143281870294e+01
6.151460297009074374e+00 1.905141838649739228e+01
6.402630176204441526e+00 1.782998066211344224e+01
6.655964674748322096e+00 1.713574430542034932e+01
6.908782583105771202e+00 1.661998804282195152e+01
7.159060853508338873e+00 1.548341634275166001e+01
7.409414762591408632e+00 1.464165441962351899e+01
7.659227149364629561e+00 1.425387587652922861e+01
7.911559474606142395e+00 1.335665048252135634e+01
8.163750941790897997e+00 1.249966461380647331e+01
8.415757210439384295e+00 1.184489197663945070e+01
8.667638839289207198e+00 1.137441213936329198e+01
8.918801124864609520e+00 1.074819270838353091e+01
9.170480108345369530e+00 1.038953768094323848e+01
9.420566033467249412e+00 9.934851854727583031e+00
9.671642335271435797e+00 9.516638474488125610e+00
9.923426157758477473e+00 8.984303624663610321e+00
1.017396902749181820e+01 8.699430242076067188e+00
1.042533700753922155e+01 8.229363119449265795e+00
1.067702948358784276e+01 7.906612541964606500e+00
1.092969337256462303e+01 7.660179932823933058e+00
1.118211872033766419e+01 7.298060640525913634e+00
1.143346516925797296e+01 6.925203485508015788e+00
1.168350508557724687e+01 6.634123279782111027e+00
1.193379937775929100e+01 6.300712171422063079e+00
1.218553055762879112e+01 6.139174844927749675e+00
1.243711650801278878e+01 5.892243510774798132e+00
1.268867268647359303e+01 5.606391478845640819e+00
1.294075027177769144e+01 5.500675422034882800e+00
1.319267287020158363e+01 5.252716881975902474e+00
1.344470571782862756e+01 5.125968088445149284e+00
1.369480150283709641e+01 4.891076221995915851e+00
1.394591277066507828e+01 4.725980167337115567e+00
1.419764645764527167e+01 4.550348421734523363e+00
1.444766774168416212e+01 4.383204511896629185e+00
1.469906835825429070e+01 4.275010824946305021e+00
1.495059118111036511e+01 4.140148809477752323e+00
1.520261612590052991e+01 4.029217914427929870e+00
1.545415944503929495e+01 3.872601857004923431e+00
1.570456072545780124e+01 3.758224822647107111e+00
1.595705800128773966e+01 3.622067128729689944e+00
1.620829297830731619e+01 3.549450842934716910e+00
1.645966591028190962e+01 3.423957270416087439e+00
1.671125708846596325e+01 3.314409739828887425e+00
1.696160259490052624e+01 3.231271702149082437e+00
1.721370276108077135e+01 3.130753961317993106e+00
1.746543424102250341e+01 3.044969508100250355e+00
1.771598473288305442e+01 2.962071670340239216e+00
1.796653767411944003e+01 2.888943192233766943e+00
1.821765658501893270e+01 2.823181307094515979e+00
1.847053788120423334e+01 2.753496756659954858e+00
1.872257696809484173e+01 2.669990919638010496e+00
1.897394097105746269e+01 2.621661580171969597e+00
1.922542454726159988e+01 2.526732874057370459e+00
1.947607703355479103e+01 2.498452154069845665e+00
1.972678839839982601e+01 2.426552534951893936e+00
1.997802698857814363e+01 2.347122320232736925e+00
2.022863620534168660e+01 2.302058187356597507e+00
2.047969598507238231e+01 2.243459585197564277e+00
2.073250439107362553e+01 2.174196986279167909e+00
2.098435855211640089e+01 2.126804815995020359e+00
2.123502923393334640e+01 2.087322184635055144e+00
2.148629411178690773e+01 2.044297005279715584e+00
2.173831825513516591e+01 2.000956407646753643e+00
2.198972260956887226e+01 1.947851657832782024e+00
2.223974971000711420e+01 1.932797637936692015e+00
2.249141870643862973e+01 1.857316250456069406e+00
2.274404614890906373e+01 1.823154452824616856e+00
2.299521835768831579e+01 1.783726481334626746e+00
2.324620084136223852e+01 1.743439709470665067e+00
2.349757798664387209e+01 1.709382206709878727e+00
2.374870488118759937e+01 1.661636533057275100e+00
2.399988781917473091e+01 1.636932693979755049e+00
2.425071646049711305e+01 1.597629287695020661e+00
2.450187830577813841e+01 1.550398567343525880e+00
2.475391093216606109e+01 1.510952050429828386e+00
2.500524226975159792e+01 1.491303354113725721e+00
2.525610980153284402e+01 1.453017903454769444e+00
2.550801425092822328e+01 1.431826048602600210e+00
2.575943113325822864e+01 1.402899942753075502e+00
2.601074166866445125e+01 1.367735701608595367e+00
2.626234447079615464e+01 1.335776319884098617e+00
2.651347712943701751e+01 1.306050778936474588e+00
2.676474177984877656e+01 1.281443086786460350e+00
2.701628079430242479e+01 1.263875627273025160e+00
2.726734205837282232e+01 1.229499439818139139e+00
2.751837013544679422e+01 1.212999702555676018e+00
2.776937726815812724e+01 1.193128687050062364e+00
2.802070160973895341e+01 1.166280438419504017e+00
2.827249982643487058e+01 1.151826034347062100e+00
2.852407603869968966e+01 1.134385483021497665e+00
2.877567300468570721e+01 1.103781340874675498e+00
2.902733523039245256e+01 1.085945705469878453e+00
2.927861073083739996e+01 1.059651733891685765e+00
2.953003196193969160e+01 1.042545889527019654e+00
2.978106336846375157e+01 1.027244945412213895e+00
3.003148440777084716e+01 1.008389417922800790e+00
3.028303386126418673e+01 9.870615035910706991e-01
3.053456493440382857e+01 9.674067233903346219e-01
3.078585183944906944e+01 9.578118770050773056e-01
3.103757946070165730e+01 9.310051608208329554e-01
3.128931656795834826e+01 9.168587350928876223e-01
3.154125974608096428e+01 9.019094188197708251e-01
3.179158626791808828e+01 8.882298455811121762e-01
3.204196438636942190e+01 8.698027172943081364e-01
3.229345624690945016e+01 8.583346786152253882e-01
3.254491795349546379e+01 8.410623317207510663e-01
3.279661199584414533e+01 8.276652790070279098e-01
3.304781054557115993e+01 8.099222546494190267e-01
3.329958828032162188e+01 7.944497717173206741e-01
3.355183723684311303e+01 7.846906376010061024e-01
3.380253855881218072e+01 7.701357707027229882e-01
3.405313147025059095e+01 7.574230596869622190e-01
3.430479305560803738e+01 7.470174903126585164e-01
3.455623390824965924e+01 7.359722483028586781e-01
3.480735498195039668e+01 7.207982384412350285e-01
3.505856438430107858e+01 7.087103684282799465e-01
3.531001549359893943e+01 6.989644488009441048e-01
3.556133107357548084e+01 6.854522316770900181e-01
3.581233698845250757e+01 6.741235319741493148e-01
3.606382608666838507e+01 6.661147491626268069e-01
3.631533331237931606e+01 6.559873710057065876e-01
3.656697642527945646e+01 6.456870869059195828e-01
3.681852327087045751e+01 6.336652407959721955e-01
3.706973766105884494e+01 6.271957452214622641e-01
3.732129678941971207e+01 6.144222463109070276e-01
3.757306314229551703e+01 6.108399000967763559e-01
3.782389924159279104e+01 6.017630939117870614e-01
3.807464007418068519e+01 5.907439242372766186e-01
3.832565302212735503e+01 5.842622507330071935e-01
3.857740378043642693e+01 5.761604181731420082e-01
3.882942253427300017e+01 5.649994523648197431e-01
3.908032307380011616e+01 5.579079893953894365e-01
3.933129330145365543e+01 5.474217005805450675e-01
3.958227876786669697e+01 5.392827064935742376e-01
3.983382520768443413e+01 5.334187983579912196e-01
4.008544842975349098e+01 5.240417146674805071e-01
4.033619301340542052e+01 5.180798819912043607e-01
4.058776599344974301e+01 5.085600726095501622e-01
4.083970221749189022e+01 5.040749062399489944e-01
4.109095921749577940e+01 4.961104420045159280e-01
4.134236727584069371e+01 4.907409687773141571e-01
4.159390229570379915e+01 4.846234153779780951e-01
4.184507899773220174e+01 4.774016307530049574e-01
4.209613747244114279e+01 4.729587395886275525e-01
4.234722818606434913e+01 4.645243468214387272e-01
4.259857332263157303e+01 4.594584481870790937e-01
4.285027109763341713e+01 4.543503325731321763e-01
4.310176195204312677e+01 4.478106651553849793e-01
4.335299280752174411e+01 4.415208034821370142e-01
4.360432095771267313e+01 4.365347548995484050e-01
4.385558663826572712e+01 4.314081064777151031e-01
4.410724528235365938e+01 4.236705122620846309e-01
4.435852190379520010e+01 4.201148502411895524e-01
4.460901713855037087e+01 4.154515558871044179e-01
4.486008510459071630e+01 4.114667121037538511e-01
4.511170295299168487e+01 4.051050527296108927e-01
4.536358210673532199e+01 4.009591172619280108e-01
4.561456198601624124e+01 3.963951131800745320e-01
4.586556721283918137e+01 3.915411455246035621e-01
4.611769651966599781e+01 3.869690018679700638e-01
4.636915627004315610e+01 3.813246048320208526e-01
4.662034887549072693e+01 3.789918219154743695e-01
4.687172305024841279e+01 3.740047318109968044e-01
4.712349745478636009e+01 3.680215064948208492e-01
4.737470617006108142e+01 3.652531823421966140e-01
4.762538569197067062e+01 3.619157292983460339e-01
4.787648835337603259e+01 3.590171051922448897e-01
4.812806309416585293e+01 3.524888449453985606e-01
4.837947377766823820e+01 3.489129037064312988e-01
4.863055608299239907e+01 3.456555896427259689e-01
4.888199020684587026e+01 3.411651924020593363e-01
4.913362466485948232e+01 3.368790052673015234e-01
4.938531946307731602e+01 3.319855420016644132e-01
4.963608988707425596e+01 3.300443820133721062e-01
4.988699356578750610e+01 3.257990665686947285e-01
5.013861839733769443e+01 3.219097439012864048e-01
5.038999807568713862e+01 3.188061667651994058e-01
5.064128572509015669e+01 3.157863938493682965e-01
5.089265153888026560e+01 3.126807225427040149e-01
5.114416620234485578e+01 3.099486288096646169e-01
5.139546355734375993e+01 3.060861657225493748e-01
5.164701680266333028e+01 3.027577945950962746e-01
5.189862905495089507e+01 3.002187567385042333e-01
5.214967308047777550e+01 2.979769503365753969e-01
5.240069291691047226e+01 2.942584435099586671e-01
5.265205790651547346e+01 2.923902891904163193e-01
5.290347041453212995e+01 2.890242506387646904e-01
5.315461969811498477e+01 2.855251458012955657e-01
5.340579219818222612e+01 2.825255638010671921e-01
5.365762065089100474e+01 2.808519541423750709e-01
5.390923473668377852e+01 2.766728691171139176e-01
5.416006359979510876e+01 2.732046684088032529e-01
5.441130437191114311e+01 2.717771421432156886e-01
5.466262745830391623e+01 2.697141554971708710e-01
5.491405993929731011e+01 2.678504054723531702e-01
5.516541491717607215e+01 2.653076839974856660e-01
5.541638268596229011e+01 2.629548177213540949e-01
5.566794564877197615e+01 2.606157892816958754e-01
5.591937805757883950e+01 2.588434031135865565e-01
5.617071533636728020e+01 2.556501197634979961e-01
5.642219117939477258e+01 2.553594631343197863e-01
5.667351334189861944e+01 2.533258378827502599e-01
5.692472708748548627e+01 2.515380674096384106e-01
5.717591204656960002e+01 2.490252701314625283e-01
5.742747687291149106e+01 2.467170499341239387e-01
5.767908487077198032e+01 2.458494829099482915e-01
5.793014671413330063e+01 2.447383857069487523e-01
5.818129395888691135e+01 2.427464918724940857e-01
5.843277276607519610e+01 2.403194983114894934e-01
5.868441457608106049e+01 2.385854601634485317e-01
5.893571635795849062e+01 2.377956436377738625e-01
5.918679860974395979e+01 2.364610034594624155e-01
5.943824578411374659e+01 2.355214602836310511e-01
5.968934443052460637e+01 2.334849430574141849e-01
5.994009881519919958e+01 2.328653175041464074e-01
6.019143008204730450e+01 2.315642101866431379e-01
6.044303967578304793e+01 2.300379343362714268e-01
6.069446539940648933e+01 2.290301218021128793e-01
6.094594283876522667e+01 2.288495182080212964e-01
6.119752142863568878e+01 2.270618929530487107e-01
6.144920707655568037e+01 2.264005522244227353e-01
6.170042875117553649e+01 2.258324565323765742e-01
6.195135852331920745e+01 2.253920368559969578e-01
6.220292279118605450e+01 2.245852875625758971e-01
6.245429299708936099e+01 2.240765744468178888e-01
6.270516484212564734e+01 2.229868631415493074e-01
6.295654789617530156e+01 2.229146579929628391e-01
6.320814180923495940e+01 2.223083045833413873e-01
6.345941573738152641e+01 2.221157189737447135e-01
6.371040057052023542e+01 2.220734672413453292e-01
6.396185745578683424e+01 2.219536394366834475e-01
6.421368546549915379e+01 2.232830958078138583e-01
6.446479073454199238e+01 2.218307738527267869e-01
6.471588673409551973e+01 2.201626064621533541e-01
6.496730834160189261e+01 2.198586884749619830e-01
6.521856319783852030e+01 2.190247034277212901e-01
6.546992987326736113e+01 2.167510396351887692e-01
6.572120553073852989e+01 2.158797004050939383e-01
6.597232322532917692e+01 2.144150673792026562e-01
6.622368994537650622e+01 2.134046018051326821e-01
6.647513103932683975e+01 2.118770285660040720e-01
6.672672959741110787e+01 2.104053683154136767e-01
6.697798244417811020e+01 2.091556864055606757e-01
6.722885542524284119e+01 2.079624840079344339e-01
6.748048616955249202e+01 2.067875797781416891e-01
6.773229923195737001e+01 2.053008006852578282e-01
6.798322572139460362e+01 2.040351522101888915e-01
6.823447173775937813e+01 2.030790079843143858e-01
6.848606896751729778e+01 2.025127099113743223e-01
6.873741544680683546e+01 2.006705350918277231e-01
6.898873787744179253e+01 1.989262765008441847e-01
6.923979673744193519e+01 1.978307208701693409e-01
6.949145441276264989e+01 1.970785914989871268e-01
6.974265210301840057e+01 1.958992731959050271e-01
6.999344031108012132e+01 1.942228537106960307e-01
7.024493114765583357e+01 1.931105387861720979e-01
7.049642464225027538e+01 1.922898573650908272e-01
7.074774315836204153e+01 1.904801752400378523e-01
7.099906993548422918e+01 1.902062848965791197e-01
7.125054486425644029e+01 1.889022072380872330e-01
7.150182990423201090e+01 1.882398723012068398e-01
7.175309169194970593e+01 1.875076142739260376e-01
7.200430886966613286e+01 1.864656000599874686e-01
7.225563655627148307e+01 1.857214184735937190e-01
7.250698057097335436e+01 1.843362727965097703e-01
7.275814540940223196e+01 1.831564730880489433e-01
7.300954011634642882e+01 1.829044161770724264e-01
7.326094744803241099e+01 1.825511160549651013e-01
7.351241635922633577e+01 1.814746427422974095e-01
7.376385704484314942e+01 1.805916978047656385e-01
7.401507686011912313e+01 1.802362533401630773e-01
7.426642983754513239e+01 1.785836239824638016e-01
7.451774392350500875e+01 1.784432891707292690e-01
7.476888196695857403e+01 1.777593831338403207e-01
7.502031254291918572e+01 1.778786523372569151e-01
7.527179980263341008e+01 1.772786606556036593e-01
7.552311252549999665e+01 1.768436662483079957e-01
7.577409780062980360e+01 1.761647624678191471e-01
7.602551875404107307e+01 1.748493083710582763e-01
7.627713348914349467e+01 1.756622403313904401e-01
7.652808863434110265e+01 1.744747368525707554e-01
7.677928937816385258e+01 1.736818934398912107e-01
7.703080422988723797e+01 1.735408675831771608e-01
7.728259641407451852e+01 1.732917295340939412e-01
7.753362846048165125e+01 1.721191014205760983e-01
7.778433144503740948e+01 1.715309052902617426e-01
7.803587445609785789e+01 1.722812367169731518e-01
7.828752478929132508e+01 1.708499996752558536e-01
7.853900368295268208e+01 1.705384551155138817e-01
7.879021312407734001e+01 1.698891980186678086e-01
7.904165509986182769e+01 1.708137816897068728e-01
7.929330413459700821e+01 1.702520013211176741e-01
7.954446877222407863e+01 1.694079754864319665e-01
7.979551714753698377e+01 1.690333934746040823e-01
8.004692165377868207e+01 1.685143387376785151e-01
8.029810489950233432e+01 1.683302647156592891e-01
8.054908874480256031e+01 1.673266573552389669e-01
8.080044321541014085e+01 1.683558549141097593e-01
8.105216211323228492e+01 1.677035619632132046e-01
8.130349433109076074e+01 1.680681685051201857e-01
8.155444015076058406e+01 1.681447592884294517e-01
8.180579598042007206e+01 1.673132592843860900e-01
8.205747345046690100e+01 1.679699994329304225e-01
8.230895288137371324e+01 1.683387840067747387e-01
8.256017853616197044e+01 1.679694163215824376e-01
8.281171136842024794e+01 1.687364515300515677e-01
8.306338874103768433e+01 1.688354669783672379e-01
8.331416972271263433e+01 1.687766668415691673e-01
8.356490365514949303e+01 1.684042999294055321e-01
8.381669207113579034e+01 1.699689118660527576e-01
8.406812178552961257e+01 1.703575623031845232e-01
8.431890933464019611e+01 1.704208615427761364e-01
8.457023187027826339e+01 1.705221431804588850e-01
8.482151559398789686e+01 1.709045382790971013e-01
8.507283003168710422e+01 1.714572260612476362e-01
8.532426808165841692e+01 1.723427577032156655e-01
8.557600476924378086e+01 1.718844801836416636e-01
8.582757594343893004e+01 1.722516176440154478e-01
8.607831587296919906e+01 1.727615044642019371e-01
8.632961333877408094e+01 1.742892533210995132e-01
8.658121923681562748e+01 1.732472857530410748e-01
8.683268673150530503e+01 1.736073128961081180e-01
8.708396519721972595e+01 1.739498191825797624e-01
8.733506961066505880e+01 1.737422704797332573e-01
8.758618105842411694e+01 1.745841097269933140e-01
8.783752567351578477e+01 1.740078228414026484e-01
8.808868914679788986e+01 1.760629164699258342e-01
8.833994003395393690e+01 1.747116543851178205e-01
8.859174898584991809e+01 1.760142848578129804e-01
8.884303273375222432e+01 1.762088588632851616e-01
8.909352487970716084e+01 1.761176987292884522e-01
8.934511690540148265e+01 1.762023980628468489e-01
8.959715158813172309e+01 1.760895000072122685e-01
8.984803368908821142e+01 1.778843506467049085e-01
9.009924288814356430e+01 1.761072639961543396e-01
9.035039732041329330e+01 1.755564163264867195e-01
9.060151066709157419e+01 1.755001933440681616e-01
9.085215645777752513e+01 1.749483836514836577e-01
9.110358912880106175e+01 1.737762908066738110e-01
9.135593221689693166e+01 1.727048480745904113e-01
9.160680049007517312e+01 1.719353615799838197e-01
9.185814296072571494e+01 1.718465700716068911e-01
9.211014914083067140e+01 1.716561061031888769e-01
9.236133039430572467e+01 1.705091138252765315e-01
9.261226961967061300e+01 1.706433297783434833e-01
9.286339612223196127e+01 1.708835138036197687e-01
9.311503395193372512e+01 1.706565178154551832e-01
9.336621751977830286e+01 1.716003561595938198e-01
9.361677474844866254e+01 1.698530514257659274e-01
9.386828402731896404e+01 1.696373950787243012e-01
9.412013166396859276e+01 1.694395220575877492e-01
9.437159577797395116e+01 1.704273587511505317e-01
9.462215507964623384e+01 1.704081514794164587e-01
9.487303142853234306e+01 1.714749401058452971e-01
9.512563612801736213e+01 1.704937298461603190e-01
9.537712370347337298e+01 1.707540199546760118e-01
9.562770329733204733e+01 1.718583907674980371e-01
9.587952553542562839e+01 1.719057033681294644e-01
9.613214193709879396e+01 1.716839794924790719e-01
9.638292294616348954e+01 1.736156102140574142e-01
9.663323205539920480e+01 1.721480805675121573e-01
9.688575427051634392e+01 1.721482047781866254e-01
9.713720230214802598e+01 1.730857309446467984e-01
9.738711075112470894e+01 1.758330802401704973e-01
9.763880850310884796e+01 1.741021249853035580e-01
9.789195925073893534e+01 1.766722380649855817e-01
9.814276473823834124e+01 1.771058910803856024e-01
9.839200152577470249e+01 1.783150855900950960e-01
9.864436939619000100e+01 1.765089240263103543e-01
9.889657229158518703e+01 1.799512340929004250e-01
9.914654206758739008e+01 1.813979298373940285e-01
9.939737265117041431e+01 1.815036679297683808e-01
9.964971324453516388e+01 1.822323169550854327e-01
9.990221505033474614e+01 1.848749438657089350e-01
1.001521516083068519e+02 1.848249026654360527e-01
1.004020181344354228e+02 1.857476759071043371e-01
1.006555261342845853e+02 1.863481107814402293e-01
1.009078779715744503e+02 1.907742349751874733e-01
1.011564847190979037e+02 1.923352254019864149e-01
1.014077980390921851e+02 1.939089975957132839e-01
1.016621206036857075e+02 1.986284018174715449e-01
1.019133439536030323e+02 2.000073360650185539e-01
1.021611090492770160e+02 2.006159534622382334e-01
1.024134287982906386e+02 2.048339740133998943e-01
1.026689526987222933e+02 2.075172440632712945e-01
1.029179005362147450e+02 2.092505068751503716e-01
1.031645010122565509e+02 2.141748988067132264e-01
1.034190198448752227e+02 2.145235597683611550e-01
1.036740078018821123e+02 2.167154549805630770e-01
1.039223728592707516e+02 2.226985724386442711e-01
1.041718863957155321e+02 2.188517176532573105e-01
1.044269799004653407e+02 2.246242017284729720e-01
1.046773133673284093e+02 2.313749136726262479e-01
1.049203418007823814e+02 2.396386069057591384e-01
1.051759012379430231e+02 2.380167623257234411e-01
1.054364230283171651e+02 2.469600293905851451e-01
1.056811914497119176e+02 2.558977721348422718e-01
1.059215804876414495e+02 2.530244537245758818e-01
1.061816384917722758e+02 2.598792869056695265e-01
1.064472113030423515e+02 2.669141771366750904e-01
1.066878058983536732e+02 2.707695818662483878e-01
1.069236360402103827e+02 2.792642224069346035e-01
1.071892705778195563e+02 2.785280630914300781e-01
1.074586772409291342e+02 2.727888259267332582e-01
1.076879342587935611e+02 2.930688346105499997e-01
1.079185870885384446e+02 2.940856356624108603e-01
1.081956775747713095e+02 2.908494342564707513e-01
1.084728105259587352e+02 3.099040050531232104e-01
1.086839161354765366e+02 2.946435120740858449e-01
1.089114578639759117e+02 2.990772915320493164e-01
1.091979138747751392e+02 3.185818988309869204e-01
1.094826115122194068e+02 3.277819844841177721e-01
1.096995281563482934e+02 3.551929100468989575e-01
1.099149327348783771e+02 3.372552341205032889e-01
1.102017255337961075e+02 3.629189421656860981e-01
1.104879737748566555e+02 3.960381782815460827e-01
1.107157115274964241e+02 4.170008405433297538e-01
1.109132792987308136e+02 3.729825787415382288e-01
1.111862324688471801e+02 4.340811288056786177e-01
1.114398329385503388e+02 1.426483382394485022e-01
