3.559856489878782115e-01 7.873571713881507561e-01
6.031648866026231293e-01 2.885053585111350127e-01
8.579160745827347778e-01 1.835113866004610683e-01
1.113464310595710716e+00 9.692609499396515060e-02
1.374039914321364408e+00 6.595753641400321776e-02
1.619154704570298309e+00 4.507819028097150016e-02
1.870686673430271840e+00 3.334204290337092202e-02
2.123290040706380832e+00 2.484843201646734848e-02
2.378144976376236119e+00 1.802079669611483456e-02
2.630489925835516996e+00 1.264459898846215929e-02
2.878653162679494670e+00 1.071513311271199767e-02
3.131144366275339319e+00 7.446995994336596224e-03
3.388159578333816313e+00 6.058972440728758319e-03
3.638741848210948149e+00 4.638067528197798058e-03
3.888315910732085268e+00 3.712721186183437581e-03
4.139052155837465996e+00 2.908255168731000307e-03
4.390305777018236988e+00 2.378174347469307927e-03
4.642172339120373081e+00 1.951348834636493917e-03
4.894678666149941293e+00 1.602316508129655436e-03
5.147269052361176378e+00 1.312487870281778051e-03
5.398003206656323272e+00 1.139485690323804173e-03
5.647798235368590269e+00 1.010552991425918423e-03
5.900534302989873581e+00 8.385249494209782474e-04
6.151460297009074374e+00 7.330547659523403096e-04
6.402630176204441526e+00 6.305737044438053125e-04
6.655964674748322096e+00 5.662707267407618731e-04
6.908782583105771202e+00 4.859181234403491477e-04
7.159060853508338873e+00 4.455699862469261838e-04
7.409414762591408632e+00 4.059394782648399129e-04
7.659227149364629561e+00 3.664198272283526476e-04
7.911559474606142395e+00 3.267037318446057697e-04
8.163750941790897997e+00 2.978143938970239713e-04
8.415757210439384295e+00 2.684642917241697197e-04
8.667638839289207198e+00 2.458294287780802417e-04
8.918801124864609520e+00 2.204279658093786349e-04
9.170480108345369530e+00 2.020844711095888654e-04
9.420566033467249412e+00 1.832523579368897223e-04
9.671642335271435797e+00 1.705136105372504613e-04
9.923426157758477473e+00 1.601754181347142482e-04
1.017396902749181820e+01 1.462328428895628800e-04
1.042533700753922155e+01 1.343145398119451322e-04
1.067702948358784276e+01 1.263070840317315874e-04
1.092969337256462303e+01 1.177077068879581786e-04
1.118211872033766419e+01 1.087676805022113545e-04
1.143346516925797296e+01 1.012255830472550419e-04
1.168350508557724687e+01 9.526445393210841522e-05
1.193379937775929100e+01 8.865175731536689989e-05
1.218553055762879112e+01 8.323867987193300777e-05
1.243711650801278878e+01 7.768730481402042257e-05
1.268867268647359303e+01 7.332167009898239078e-05
1.294075027177769144e+01 6.866422110590661963e-05
1.319267287020158363e+01 6.493369740970912152e-05
1.344470571782862756e+01 6.154271190345581043e-05
1.369480150283709641e+01 5.796753768460690347e-05
1.394591277066507828e+01 5.435965908894248641e-05
1.419764645764527167e+01 5.148276871042768862e-05
1.444766774168416212e+01 4.842465377341332477e-05
1.469906835825429070e+01 4.627683954395118629e-05
1.495059118111036511e+01 4.376484616099528529e-05
1.520261612590052991e+01 4.160417598093540752e-05
1.545415944503929495e+01 3.975509443565606021e-05
1.570456072545780124e+01 3.829499437228191250e-05
1.595705800128773966e+01 3.596783861587146453e-05
1.620829297830731619e+01 3.452966886346652643e-05
1.645966591028190962e+01 3.285685107326821416e-05
1.671125708846596325e+01 3.157178734225779689e-05
1.696160259490052624e+01 3.000808319629102053e-05
1.721370276108077135e+01 2.873886352386151823e-05
1.746543424102250341e+01 2.708690086147744056e-05
1.771598473288305442e+01 2.622053390750230176e-05
1.796653767411944003e+01 2.523319965154232532e-05
1.821765658501893270e+01 2.411666555427010699e-05
1.847053788120423334e+01 2.331311769322765297e-05
1.872257696809484173e+01 2.225948796121787458e-05
1.897394097105746269e+01 2.148197887411814217e-05
1.922542454726159988e+01 2.065292022208835057e-05
1.947607703355479103e+01 1.976822539956234456e-05
1.972678839839982601e+01 1.916131412705579992e-05
1.997802698857814363e+01 1.832070373760435471e-05
2.022863620534168660e+01 1.767556237082258111e-05
2.047969598507238231e+01 1.712168312774939313e-05
2.073250439107362553e+01 1.637287311272940575e-05
2.098435855211640089e+01 1.598457415880794903e-05
2.123502923393334640e+01 1.528347248916746002e-05
2.148629411178690773e+01 1.487415085925174028e-05
2.173831825513516591e+01 1.428634273588822038e-05
2.198972260956887226e+01 1.372241130545998541e-05
2.223974971000711420e+01 1.333123174965591036e-05
2.249141870643862973e+01 1.296406571902246156e-05
2.274404614890906373e+01 1.261414616144020314e-05
2.299521835768831579e+01 1.219420242583984066e-05
2.324620084136223852e+01 1.176166393176805994e-05
2.349757798664387209e+01 1.147063112964676775e-05
2.374870488118759937e+01 1.119774578729569553e-05
2.399988781917473091e+01 1.079266555522796082e-05
2.425071646049711305e+01 1.047602224214440149e-05
2.450187830577813841e+01 1.015461729780396778e-05
2.475391093216606109e+01 9.914121081788399847e-06
2.500524226975159792e+01 9.608762098666751047e-06
2.525610980153284402e+01 9.437502841771167904e-06
2.550801425092822328e+01 9.157911136566436949e-06
2.575943113325822864e+01 8.909315529012233996e-06
2.601074166866445125e+01 8.698646734938984666e-06
2.626234447079615464e+01 8.400691469828361972e-06
2.651347712943701751e+01 8.165874429268004953e-06
2.676474177984877656e+01 7.998464756082584233e-06
2.701628079430242479e+01 7.782039127234729285e-06
2.726734205837282232e+01 7.617188698581596511e-06
2.751837013544679422e+01 7.454810263463254849e-06
2.776937726815812724e+01 7.227028672647294363e-06
2.802070160973895341e+01 7.086236781742484869e-06
2.827249982643487058e+01 6.939974358172343244e-06
2.852407603869968966e+01 6.722931437172412756e-06
2.877567300468570721e+01 6.615260373098925972e-06
2.902733523039245256e+01 6.473927809452823333e-06
2.927861073083739996e+01 6.297629190196657193e-06
2.953003196193969160e+01 6.137707728989475716e-06
2.978106336846375157e+01 6.014742464356539960e-06
3.003148440777084716e+01 5.905014942544132689e-06
3.028303386126418673e+01 5.729451515746751379e-06
3.053456493440382857e+01 5.599254135960683672e-06
3.078585183944906944e+01 5.489085140974136573e-06
3.103757946070165730e+01 5.343468363642598443e-06
3.128931656795834826e+01 5.261676494484081471e-06
3.154125974608096428e+01 5.141514072167600756e-06
3.179158626791808828e+01 5.020652867118236772e-06
3.204196438636942190e+01 4.920997734475950796e-06
3.229345624690945016e+01 4.820050241913948596e-06
3.254491795349546379e+01 4.748165353725987403e-06
3.279661199584414533e+01 4.612413912875117751e-06
3.304781054557115993e+01 4.547631059955135946e-06
3.329958828032162188e+01 4.450782491432988768e-06
3.355183723684311303e+01 4.381780501867152961e-06
3.380253855881218072e+01 4.293745312604013383e-06
3.405313147025059095e+01 4.203602824031043706e-06
3.430479305560803738e+01 4.124995469351246643e-06
3.455623390824965924e+01 4.063708098271751138e-06
3.480735498195039668e+01 3.966231885681629193e-06
3.505856438430107858e+01 3.869414379090940343e-06
3.531001549359893943e+01 3.828630457623069723e-06
3.556133107357548084e+01 3.753684632999937535e-06
3.581233698845250757e+01 3.673552016731616949e-06
3.606382608666838507e+01 3.609816823481857857e-06
3.631533331237931606e+01 3.554538646845093053e-06
3.656697642527945646e+01 3.481483176753847462e-06
3.681852327087045751e+01 3.420923883067439559e-06
3.706973766105884494e+01 3.373720333626657369e-06
3.732129678941971207e+01 3.289615832756663068e-06
3.757306314229551703e+01 3.230445569423881590e-06
3.782389924159279104e+01 3.182527060519777460e-06
3.807464007418068519e+01 3.127235273371913792e-06
3.832565302212735503e+01 3.060866326621976953e-06
3.857740378043642693e+01 3.018105210357231493e-06
3.882942253427300017e+01 2.965407766264130732e-06
3.908032307380011616e+01 2.906655918745465675e-06
3.933129330145365543e+01 2.862632925579967086e-06
3.958227876786669697e+01 2.805109496458346231e-06
3.983382520768443413e+01 2.764747771036112977e-06
4.008544842975349098e+01 2.711331953676840269e-06
4.033619301340542052e+01 2.688758848583865105e-06
4.058776599344974301e+01 2.622460651865973422e-06
4.083970221749189022e+01 2.563747122131939100e-06
4.109095921749577940e+01 2.540926369857213793e-06
4.134236727584069371e+01 2.489329354042023002e-06
4.159390229570379915e+01 2.446603411562205615e-06
4.184507899773220174e+01 2.409829335714482452e-06
4.209613747244114279e+01 2.352823276815950113e-06
4.234722818606434913e+01 2.330149120915002922e-06
4.259857332263157303e+01 2.289146312540856473e-06
4.285027109763341713e+01 2.245552275923826577e-06
4.310176195204312677e+01 2.210123586801910263e-06
4.335299280752174411e+01 2.177200518364269550e-06
4.360432095771267313e+01 2.141785302428207151e-06
4.385558663826572712e+01 2.112675605122453893e-06
4.410724528235365938e+01 2.071065900080803905e-06
4.435852190379520010e+01 2.030631294525849384e-06
4.460901713855037087e+01 2.003858665559685781e-06
4.486008510459071630e+01 1.968959720571088791e-06
4.511170295299168487e+01 1.932214417504547878e-06
4.536358210673532199e+01 1.902748460132432159e-06
4.561456198601624124e+01 1.877286144998083418e-06
4.586556721283918137e+01 1.844363002337631902e-06
4.611769651966599781e+01 1.815831733904004239e-06
4.636915627004315610e+01 1.784005163818455301e-06
4.662034887549072693e+01 1.755363777333239444e-06
4.687172305024841279e+01 1.732876213425345182e-06
4.712349745478636009e+01 1.697304091316175114e-06
4.737470617006108142e+01 1.676199608877920846e-06
4.762538569197067062e+01 1.640214205883045137e-06
4.787648835337603259e+01 1.619559316063617189e-06
4.812806309416585293e+01 1.601921489949339058e-06
4.837947377766823820e+01 1.565274780397676742e-06
4.863055608299239907e+01 1.546588943211736596e-06
4.888199020684587026e+01 1.523180927326123182e-06
4.913362466485948232e+01 1.489888391181906727e-06
4.938531946307731602e+01 1.468803757888482710e-06
4.963608988707425596e+01 1.445144629932121369e-06
4.988699356578750610e+01 1.423429916018008233e-06
5.013861839733769443e+01 1.399900539519259868e-06
5.038999807568713862e+01 1.382506320544674532e-06
5.064128572509015669e+01 1.365207103614226266e-06
5.089265153888026560e+01 1.342417349444087507e-06
5.114416620234485578e+01 1.320256740368941583e-06
5.139546355734375993e+01 1.296107979969803390e-06
5.164701680266333028e+01 1.275566029126038318e-06
5.189862905495089507e+01 1.258922265654672940e-06
5.214967308047777550e+01 1.236732175470317465e-06
5.240069291691047226e+01 1.217323363321554162e-06
5.265205790651547346e+01 1.200911808246107400e-06
5.290347041453212995e+01 1.181406858758149889e-06
5.315461969811498477e+01 1.163734716843268640e-06
5.340579219818222612e+01 1.143373775143369415e-06
5.365762065089100474e+01 1.129703985434441625e-06
5.390923473668377852e+01 1.111877611886652375e-06
5.416006359979510876e+01 1.093742725099994235e-06
5.441130437191114311e+01 1.077346843101872260e-06
5.466262745830391623e+01 1.062110926048637687e-06
5.491405993929731011e+01 1.043325398415807674e-06
5.516541491717607215e+01 1.028483539590036251e-06
5.541638268596229011e+01 1.014943450373824309e-06
5.566794564877197615e+01 1.004378934425948618e-06
5.591937805757883950e+01 9.839394547212404941e-07
5.617071533636728020e+01 9.705861818679417716e-07
5.642219117939477258e+01 9.577340030246697843e-07
5.667351334189861944e+01 9.435707825576629368e-07
5.692472708748548627e+01 9.260154381401702924e-07
5.717591204656960002e+01 9.149019169607675373e-07
5.742747687291149106e+01 8.990910055439790432e-07
5.767908487077198032e+01 8.925019344236926092e-07
5.793014671413330063e+01 8.817480454611365617e-07
5.818129395888691135e+01 8.647586851641424022e-07
5.843277276607519610e+01 8.532559834125087960e-07
5.868441457608106049e+01 8.417702904326021125e-07
5.893571635795849062e+01 8.265301918062411986e-07
5.918679860974395979e+01 8.190368365987200684e-07
5.943824578411374659e+01 8.087516226147780418e-07
5.968934443052460637e+01 7.970229079851719867e-07
5.994009881519919958e+01 7.855151594881452704e-07
6.019143008204730450e+01 7.764609394926819787e-07
6.044303967578304793e+01 7.650462470059030021e-07
6.069446539940648933e+01 7.574289952082248198e-07
6.094594283876522667e+01 7.429875782584971576e-07
6.119752142863568878e+01 7.363259349056080258e-07
6.144920707655568037e+01 7.274778998307053303e-07
6.170042875117553649e+01 7.190662926085603918e-07
6.195135852331920745e+01 7.092962314686474660e-07
6.220292279118605450e+01 7.004928653218092683e-07
6.245429299708936099e+01 6.911896339406010004e-07
6.270516484212564734e+01 6.828448335198790187e-07
6.295654789617530156e+01 6.757985320202988518e-07
6.320814180923495940e+01 6.679181617109650592e-07
6.345941573738152641e+01 6.584554860719964423e-07
6.371040057052023542e+01 6.531646902997717095e-07
6.396185745578683424e+01 6.432947399736105040e-07
6.421368546549915379e+01 6.369242309951239593e-07
6.446479073454199238e+01 6.293477521070813283e-07
6.471588673409551973e+01 6.189215283445183396e-07
6.496730834160189261e+01 6.095651997505131457e-07
6.521856319783852030e+01 6.010599912178980385e-07
6.546992987326736113e+01 5.903494924047698866e-07
6.572120553073852989e+01 5.812892581214187262e-07
6.597232322532917692e+01 5.726063833833767456e-07
6.622368994537650622e+01 5.631123517651741707e-07
6.647513103932683975e+01 5.537007115565312719e-07
6.672672959741110787e+01 5.471089084682574317e-07
6.697798244417811020e+01 5.362784486685365462e-07
6.722885542524284119e+01 5.283496663334703555e-07
6.748048616955249202e+01 5.202143443873840127e-07
6.773229923195737001e+01 5.116780702002742436e-07
6.798322572139460362e+01 5.033018253940223262e-07
6.823447173775937813e+01 4.956671983748523043e-07
6.848606896751729778e+01 4.886357224246448865e-07
6.873741544680683546e+01 4.796472129698029432e-07
6.898873787744179253e+01 4.717747245193659599e-07
6.923979673744193519e+01 4.647352176590507980e-07
6.949145441276264989e+01 4.582570104524269606e-07
6.974265210301840057e+01 4.503838761197060495e-07
6.999344031108012132e+01 4.428908341463434955e-07
7.024493114765583357e+01 4.365046095953254747e-07
7.049642464225027538e+01 4.285138744305672696e-07
7.074774315836204153e+01 4.212727529759880920e-07
7.099906993548422918e+01 4.154084845396571235e-07
7.125054486425644029e+01 4.088795584196613924e-07
7.150182990423201090e+01 4.038075052011017843e-07
7.175309169194970593e+01 3.971583376749616915e-07
7.200430886966613286e+01 3.908612170080376692e-07
7.225563655627148307e+01 3.831872672425013682e-07
7.250698057097335436e+01 3.778156426411396177e-07
7.275814540940223196e+01 3.722065008816438038e-07
7.300954011634642882e+01 3.662415405556743165e-07
7.326094744803241099e+01 3.613070219600945782e-07
7.351241635922633577e+01 3.544919745564799011e-07
7.376385704484314942e+01 3.494033435519964383e-07
7.401507686011912313e+01 3.449363868757866815e-07
7.426642983754513239e+01 3.390164079343630140e-07
7.451774392350500875e+01 3.337584532695239701e-07
7.476888196695857403e+01 3.276388179298378669e-07
7.502031254291918572e+01 3.233404111772812869e-07
7.527179980263341008e+01 3.189470194163197839e-07
7.552311252549999665e+01 3.130772369447814235e-07
7.577409780062980360e+01 3.096141507707882265e-07
7.602551875404107307e+01 3.036275252919574288e-07
7.627713348914349467e+01 2.994463799575447984e-07
7.652808863434110265e+01 2.941985828297149536e-07
7.677928937816385258e+01 2.887324243107492010e-07
7.703080422988723797e+01 2.854875756968166191e-07
7.728259641407451852e+01 2.806542025665157633e-07
7.753362846048165125e+01 2.769648281217936005e-07
7.778433144503740948e+01 2.732186261542516343e-07
7.803587445609785789e+01 2.692083657008745119e-07
7.828752478929132508e+01 2.641865439390833446e-07
7.853900368295268208e+01 2.602490147539895952e-07
7.879021312407734001e+01 2.574296313865243026e-07
7.904165509986182769e+01 2.530512776642662456e-07
7.929330413459700821e+01 2.498298722272981878e-07
7.954446877222407863e+01 2.451376387448460900e-07
7.979551714753698377e+01 2.421250161366061230e-07
8.004692165377868207e+01 2.386912712346534117e-07
8.029810489950233432e+01 2.350591356447056554e-07
8.054908874480256031e+01 2.311810613615062440e-07
8.080044321541014085e+01 2.282903014957495588e-07
8.105216211323228492e+01 2.245939428058085492e-07
8.130349433109076074e+01 2.218013978997775296e-07
8.155444015076058406e+01 2.184460916415401159e-07
8.180579598042007206e+01 2.155996921775539274e-07
8.205747345046690100e+01 2.125791202657529599e-07
8.230895288137371324e+01 2.102045864907126055e-07
8.256017853616197044e+01 2.061145056567358195e-07
8.281171136842024794e+01 2.036398534843687617e-07
8.306338874103768433e+01 1.999246871081240350e-07
8.331416972271263433e+01 1.976142981882389187e-07
8.356490365514949303e+01 1.949882770413230824e-07
8.381669207113579034e+01 1.923454101863952095e-07
8.406812178552961257e+01 1.888133037343516500e-07
8.431890933464019611e+01 1.875258251572935236e-07
8.457023187027826339e+01 1.852672106427977209e-07
8.482151559398789686e+01 1.816743121128917667e-07
8.507283003168710422e+01 1.803820485587241829e-07
8.532426808165841692e+01 1.775060003759113705e-07
8.557600476924378086e+01 1.750366321225211414e-07
8.582757594343893004e+01 1.724076420650449730e-07
8.607831587296919906e+01 1.700528238872533677e-07
8.632961333877408094e+01 1.686872276405602853e-07
8.658121923681562748e+01 1.652156260269920367e-07
8.683268673150530503e+01 1.632663961675796533e-07
8.708396519721972595e+01 1.611141416882995069e-07
8.733506961066505880e+01 1.585503908432528366e-07
8.758618105842411694e+01 1.558319734609367184e-07
8.783752567351578477e+01 1.540646482533861645e-07
8.808868914679788986e+01 1.531530806272582524e-07
8.833994003395393690e+01 1.500197035228947968e-07
8.859174898584991809e+01 1.480676379595954530e-07
8.884303273375222432e+01 1.453470381364255253e-07
8.909352487970716084e+01 1.431192140658206619e-07
8.934511690540148265e+01 1.410702001144956565e-07
8.959715158813172309e+01 1.382321998233265304e-07
8.984803368908821142e+01 1.366201876904702412e-07
9.009924288814356430e+01 1.343636192616084474e-07
9.035039732041329330e+01 1.313880156599457757e-07
9.060151066709157419e+01 1.292729702150679313e-07
9.085215645777752513e+01 1.256966380348905850e-07
9.110358912880106175e+01 1.238714527092107967e-07
9.135593221689693166e+01 1.209789453716160914e-07
9.160680049007517312e+01 1.193079383929455049e-07
9.185814296072571494e+01 1.170235050719695645e-07
9.211014914083067140e+01 1.149638033735533317e-07
9.236133039430572467e+01 1.136296266851208646e-07
9.261226961967061300e+01 1.112324186398292932e-07
9.286339612223196127e+01 1.097383134492802614e-07
9.311503395193372512e+01 1.072236043693658432e-07
9.336621751977830286e+01 1.054041690132445906e-07
9.361677474844866254e+01 1.037661242361905356e-07
9.386828402731896404e+01 1.023600578437637373e-07
9.412013166396859276e+01 1.005379595248631520e-07
9.437159577797395116e+01 9.863551375640946550e-08
9.462215507964623384e+01 9.711640870665856287e-08
9.487303142853234306e+01 9.652643412672289155e-08
9.512563612801736213e+01 9.434409300452631327e-08
9.537712370347337298e+01 9.291836987130478269e-08
9.562770329733204733e+01 9.134814454552668405e-08
9.587952553542562839e+01 9.038155207028057132e-08
9.613214193709879396e+01 8.812087672529190500e-08
9.638292294616348954e+01 8.696935214513019749e-08
9.663323205539920480e+01 8.596206130866506144e-08
9.688575427051634392e+01 8.426207654182866073e-08
9.713720230214802598e+01 8.312312753236529621e-08
9.738711075112470894e+01 8.206605106200927186e-08
9.763880850310884796e+01 8.117482560705268214e-08
9.789195925073893534e+01 7.999124625150776959e-08
9.814276473823834124e+01 7.808854650205671644e-08
9.839200152577470249e+01 7.734217610804861645e-08
9.864436939619000100e+01 7.617437048835836431e-08
9.889657229158518703e+01 7.456994682673017766e-08
9.914654206758739008e+01 7.497014461418876015e-08
9.939737265117041431e+01 7.325154783927465247e-08
9.964971324453516388e+01 7.204645403386031531e-08
9.990221505033474614e+01 7.242491296492340323e-08
1.001521516083068519e+02 7.093633460838359943e-08
1.004020181344354228e+02 6.993855012341195656e-08
1.006555261342845853e+02 6.933304991990024886e-08
1.009078779715744503e+02 6.854437329251377368e-08
1.011564847190979037e+02 6.779846613444979680e-08
1.014077980390921851e+02 6.717983707406603100e-08
1.016621206036857075e+02 6.585787876918884659e-08
1.019133439536030323e+02 6.505137408359772953e-08
1.021611090492770160e+02 6.420592475730754283e-08
1.024134287982906386e+02 6.391197893547917114e-08
1.026689526987222933e+02 6.387237763843386097e-08
1.029179005362147450e+02 6.293847374176741098e-08
1.031645010122565509e+02 6.177581524872665959e-08
1.034190198448752227e+02 6.085261467384856280e-08
1.036740078018821123e+02 6.059342146986463143e-08
1.039223728592707516e+02 5.985513175440436331e-08
1.041718863957155321e+02 5.825144448329639881e-08
1.044269799004653407e+02 5.920521562578948873e-08
1.046773133673284093e+02 5.843891906822529646e-08
1.049203418007823814e+02 5.877056227497262660e-08
1.051759012379430231e+02 5.876097363363979181e-08
1.054364230283171651e+02 5.818705379927066240e-08
1.056811914497119176e+02 5.712998915557578137e-08
1.059215804876414495e+02 5.510548706865490145e-08
1.061816384917722758e+02 5.533179193577959177e-08
1.064472113030423515e+02 5.628497592748247500e-08
1.066878058983536732e+02 5.669640830202998366e-08
1.069236360402103827e+02 5.294203166450846292e-08
1.071892705778195563e+02 5.528897489798063366e-08
1.074586772409291342e+02 5.376772039889053142e-08
1.076879342587935611e+02 5.431526372207269260e-08
1.079185870885384446e+02 5.196481288084187897e-08
1.081956775747713095e+02 5.266655945414562118e-08
1.084728105259587352e+02 5.137193479214880273e-08
1.086839161354765366e+02 5.552721726831230186e-08
1.089114578639759117e+02 5.213169133148659933e-08
1.091979138747751392e+02 5.326885590525129736e-08
1.094826115122194068e+02 4.936685720526431845e-08
1.096995281563482934e+02 5.304707189141156227e-08
1.099149327348783771e+02 5.269507062105552089e-08
1.102017255337961075e+02 4.315794640322594270e-08
1.104879737748566555e+02 5.364686402267355681e-08
1.107157115274964241e+02 3.883502918105012535e-08
1.109132792987308136e+02 5.735667430735613945e-08
1.111862324688471801e+02 3.131878291463577246e-08
1.114398329385503388e+02 4.475889921413850680e-08
