3.559856489878782115e-01 6.181331825084752651e-01
6.031648866026231293e-01 2.327748010399330325e-01
8.579160745827347778e-01 1.510101061167220260e-01
1.113464310595710716e+00 8.149236461142497778e-02
1.374039914321364408e+00 5.657645440311809271e-02
1.619154704570298309e+00 3.938822043440864951e-02
1.870686673430271840e+00 2.940993006870161117e-02
2.123290040706380832e+00 2.201255409619838274e-02
2.378144976376236119e+00 1.608906026795711361e-02
2.630489925835516996e+00 1.137691773613331431e-02
2.878653162679494670e+00 9.712325683005213969e-03
3.131144366275339319e+00 6.765104364263968030e-03
3.388159578333816313e+00 5.473347397983870620e-03
3.638741848210948149e+00 4.211357054333468054e-03
3.888315910732085268e+00 3.374894002480066744e-03
4.139052155837465996e+00 2.628540879201395671e-03
4.390305777018236988e+00 2.170592106947261211e-03
4.642172339120373081e+00 1.760303050462373601e-03
4.894678666149941293e+00 1.453357632231984170e-03
5.147269052361176378e+00 1.184871764734437985e-03
5.398003206656323272e+00 1.025368695112147338e-03
5.647798235368590269e+00 8.979851610317848192e-04
5.900534302989873581e+00 7.487098332116610879e-04
6.151460297009074374e+00 6.518756585001855884e-04
6.402630176204441526e+00 5.613854313775781552e-04
6.655964674748322096e+00 5.030565196682993756e-04
6.908782583105771202e+00 4.299369599779818301e-04
7.159060853508338873e+00 3.937025660796216603e-04
7.409414762591408632e+00 3.593217661834729060e-04
7.659227149364629561e+00 3.221867206771526879e-04
7.911559474606142395e+00 2.859962924225851739e-04
8.163750941790897997e+00 2.630387217484330439e-04
8.415757210439384295e+00 2.355655036486303680e-04
8.667638839289207198e+00 2.173411864148629754e-04
8.918801124864609520e+00 1.948973170309274716e-04
9.170480108345369530e+00 1.795767169070755097e-04
9.420566033467249412e+00 1.636901675293323661e-04
9.671642335271435797e+00 1.512674093220714769e-04
9.923426157758477473e+00 1.421641126288475084e-04
1.017396902749181820e+01 1.301143875237676002e-04
1.042533700753922155e+01 1.192220297377405815e-04
1.067702948358784276e+01 1.129724813045268617e-04
1.092969337256462303e+01 1.055285438373429805e-04
1.118211872033766419e+01 9.736195646685758443e-05
1.143346516925797296e+01 9.087690293887903644e-05
1.168350508557724687e+01 8.637438765908224045e-05
1.193379937775929100e+01 8.078916107404398369e-05
1.218553055762879112e+01 7.664379595616716511e-05
1.243711650801278878e+01 7.123112869090641108e-05
1.268867268647359303e+01 6.818100936144872619e-05
1.294075027177769144e+01 6.337559509857754853e-05
1.319267287020158363e+01 6.044210059617643723e-05
1.344470571782862756e+01 5.769182698653993089e-05
1.369480150283709641e+01 5.452284180590784220e-05
1.394591277066507828e+01 5.213436916048984175e-05
1.419764645764527167e+01 4.943724294098409669e-05
1.444766774168416212e+01 4.777149658443574957e-05
1.469906835825429070e+01 4.525352836479351533e-05
1.495059118111036511e+01 4.324857375510558370e-05
1.520261612590052991e+01 4.134463346241254585e-05
1.545415944503929495e+01 3.967102234181150647e-05
1.570456072545780124e+01 3.828995651255468711e-05
1.595705800128773966e+01 3.636700856729417831e-05
1.620829297830731619e+01 3.491284826158154843e-05
1.645966591028190962e+01 3.378690679244114164e-05
1.671125708846596325e+01 3.283069209956313462e-05
1.696160259490052624e+01 3.132500861900451973e-05
1.721370276108077135e+01 3.024839713137284338e-05
1.746543424102250341e+01 2.913094877130869697e-05
1.771598473288305442e+01 2.839461091424595507e-05
1.796653767411944003e+01 2.744258139859754206e-05
1.821765658501893270e+01 2.657094398421383378e-05
1.847053788120423334e+01 2.616346283476193065e-05
1.872257696809484173e+01 2.500387840001077003e-05
1.897394097105746269e+01 2.436260136704496547e-05
1.922542454726159988e+01 2.354211636193099492e-05
1.947607703355479103e+01 2.296277424965115558e-05
1.972678839839982601e+01 2.244797749686089353e-05
1.997802698857814363e+01 2.167553618429700978e-05
2.022863620534168660e+01 2.137658561414412534e-05
2.047969598507238231e+01 2.092936970147117731e-05
2.073250439107362553e+01 2.025702939469638294e-05
2.098435855211640089e+01 1.984163533997056707e-05
2.123502923393334640e+01 1.922197077620706209e-05
2.148629411178690773e+01 1.904241227042598371e-05
2.173831825513516591e+01 1.849267547181321648e-05
2.198972260956887226e+01 1.811420248335109679e-05
2.223974971000711420e+01 1.764106859349839023e-05
2.249141870643862973e+01 1.737694369670180801e-05
2.274404614890906373e+01 1.685229693249853806e-05
2.299521835768831579e+01 1.661496275198514954e-05
2.324620084136223852e+01 1.622197836589592374e-05
2.349757798664387209e+01 1.594756732616617670e-05
2.374870488118759937e+01 1.569745741323774822e-05
2.399988781917473091e+01 1.529176947799754476e-05
2.425071646049711305e+01 1.497069555762100851e-05
2.450187830577813841e+01 1.471290440470212390e-05
2.475391093216606109e+01 1.442900273658811024e-05
2.500524226975159792e+01 1.416782727742187139e-05
2.525610980153284402e+01 1.394910880852036343e-05
2.550801425092822328e+01 1.369293752919594486e-05
2.575943113325822864e+01 1.346913289956229895e-05
2.601074166866445125e+01 1.324028865980231780e-05
2.626234447079615464e+01 1.299033744967461744e-05
2.651347712943701751e+01 1.280672330383379474e-05
2.676474177984877656e+01 1.256253934090651793e-05
2.701628079430242479e+01 1.225344844653005379e-05
2.726734205837282232e+01 1.211885209523717483e-05
2.751837013544679422e+01 1.192139729142428169e-05
2.776937726815812724e+01 1.179287957723015592e-05
2.802070160973895341e+01 1.166485213682460089e-05
2.827249982643487058e+01 1.137808152980614219e-05
2.852407603869968966e+01 1.124349513787136783e-05
2.877567300468570721e+01 1.109046271405187231e-05
2.902733523039245256e+01 1.085653479349547748e-05
2.927861073083739996e+01 1.070917168106941602e-05
2.953003196193969160e+01 1.050113727723266697e-05
2.978106336846375157e+01 1.038028789183456015e-05
3.003148440777084716e+01 1.022305345227959004e-05
3.028303386126418673e+01 1.012573260150497509e-05
3.053456493440382857e+01 9.867538383518172378e-06
3.078585183944906944e+01 9.728109854900838640e-06
3.103757946070165730e+01 9.624218748246995590e-06
3.128931656795834826e+01 9.468465181736282401e-06
3.154125974608096428e+01 9.329147020163494364e-06
3.179158626791808828e+01 9.179609568651365096e-06
3.204196438636942190e+01 9.083058238003047447e-06
3.229345624690945016e+01 8.969496589481329506e-06
3.254491795349546379e+01 8.822042878072138713e-06
3.279661199584414533e+01 8.748984427086385450e-06
3.304781054557115993e+01 8.608648902185558432e-06
3.329958828032162188e+01 8.477379216435448124e-06
3.355183723684311303e+01 8.356598032117969899e-06
3.380253855881218072e+01 8.222918456017271538e-06
3.405313147025059095e+01 8.103686953216846805e-06
3.430479305560803738e+01 7.974220403046997866e-06
3.455623390824965924e+01 7.848127444748305651e-06
3.480735498195039668e+01 7.775991860540790171e-06
3.505856438430107858e+01 7.665069330555665490e-06
3.531001549359893943e+01 7.574072264630867822e-06
3.556133107357548084e+01 7.444353282908209028e-06
3.581233698845250757e+01 7.341863758097379983e-06
3.606382608666838507e+01 7.246947901384061713e-06
3.631533331237931606e+01 7.134423969473726741e-06
3.656697642527945646e+01 7.049429302483474121e-06
3.681852327087045751e+01 6.950960580259640764e-06
3.706973766105884494e+01 6.863038296305996777e-06
3.732129678941971207e+01 6.745146916414578954e-06
3.757306314229551703e+01 6.683461873021220417e-06
3.782389924159279104e+01 6.539684329358896806e-06
3.807464007418068519e+01 6.484633237836805767e-06
3.832565302212735503e+01 6.433933314010839341e-06
3.857740378043642693e+01 6.290084878835760336e-06
3.882942253427300017e+01 6.210150936134119368e-06
3.908032307380011616e+01 6.125162571632510940e-06
3.933129330145365543e+01 6.036479352559620472e-06
3.958227876786669697e+01 5.974161863958490363e-06
3.983382520768443413e+01 5.877042247021647893e-06
4.008544842975349098e+01 5.789069372465641587e-06
4.033619301340542052e+01 5.740071794959085523e-06
4.058776599344974301e+01 5.626148263403557482e-06
4.083970221749189022e+01 5.555851349453738662e-06
4.109095921749577940e+01 5.488460085144365752e-06
4.134236727584069371e+01 5.425100612840359224e-06
4.159390229570379915e+01 5.350430976359577531e-06
4.184507899773220174e+01 5.287334348168177387e-06
4.209613747244114279e+01 5.194256398219738123e-06
4.234722818606434913e+01 5.127484810026564850e-06
4.259857332263157303e+01 5.060228223579171326e-06
4.285027109763341713e+01 4.976077734000484932e-06
4.310176195204312677e+01 4.930626494130778957e-06
4.335299280752174411e+01 4.836448151317942972e-06
4.360432095771267313e+01 4.777614296152681908e-06
4.385558663826572712e+01 4.724356589770237554e-06
4.410724528235365938e+01 4.649078017753166738e-06
4.435852190379520010e+01 4.596666839820345541e-06
4.460901713855037087e+01 4.540128723612923269e-06
4.486008510459071630e+01 4.449345640541469492e-06
4.511170295299168487e+01 4.394255809860042215e-06
4.536358210673532199e+01 4.330397325201350329e-06
4.561456198601624124e+01 4.281362969652943845e-06
4.586556721283918137e+01 4.220856575072825591e-06
4.611769651966599781e+01 4.150938588991697007e-06
4.636915627004315610e+01 4.110477036668303059e-06
4.662034887549072693e+01 4.061517622399994122e-06
4.687172305024841279e+01 3.993397686759302392e-06
4.712349745478636009e+01 3.937796624967333065e-06
4.737470617006108142e+01 3.870084608942704977e-06
4.762538569197067062e+01 3.834362207128790404e-06
4.787648835337603259e+01 3.766807123950864137e-06
4.812806309416585293e+01 3.720798789733372739e-06
4.837947377766823820e+01 3.683446175240727677e-06
4.863055608299239907e+01 3.613662417604485228e-06
4.888199020684587026e+01 3.577603540825850331e-06
4.913362466485948232e+01 3.512720869627561682e-06
4.938531946307731602e+01 3.465916951912908718e-06
4.963608988707425596e+01 3.415331400065235215e-06
4.988699356578750610e+01 3.370616319720547189e-06
5.013861839733769443e+01 3.327655958006438333e-06
5.038999807568713862e+01 3.263200725655433175e-06
5.064128572509015669e+01 3.211975556836009415e-06
5.089265153888026560e+01 3.168312476573433425e-06
5.114416620234485578e+01 3.126740636900640481e-06
5.139546355734375993e+01 3.089631426254207184e-06
5.164701680266333028e+01 3.029519579076814394e-06
5.189862905495089507e+01 2.998000528716389274e-06
5.214967308047777550e+01 2.953682273083754779e-06
5.240069291691047226e+01 2.914021772581081290e-06
5.265205790651547346e+01 2.862102521916575436e-06
5.290347041453212995e+01 2.827406775197227743e-06
5.315461969811498477e+01 2.782443173221630877e-06
5.340579219818222612e+01 2.746161864645116181e-06
5.365762065089100474e+01 2.702132682978991050e-06
5.390923473668377852e+01 2.669655474825547200e-06
5.416006359979510876e+01 2.630561586319841813e-06
5.441130437191114311e+01 2.595626368475997063e-06
5.466262745830391623e+01 2.555545066992095101e-06
5.491405993929731011e+01 2.518569507382812244e-06
5.516541491717607215e+01 2.487772324136432558e-06
5.541638268596229011e+01 2.444569549753313235e-06
5.566794564877197615e+01 2.407886007346934549e-06
5.591937805757883950e+01 2.376291424484933386e-06
5.617071533636728020e+01 2.341524468703250984e-06
5.642219117939477258e+01 2.299197503863630865e-06
5.667351334189861944e+01 2.280106338201846156e-06
5.692472708748548627e+01 2.251897192142284561e-06
5.717591204656960002e+01 2.214388048308044473e-06
5.742747687291149106e+01 2.181360744507915146e-06
5.767908487077198032e+01 2.151138485317527017e-06
5.793014671413330063e+01 2.122086287217235042e-06
5.818129395888691135e+01 2.087943913336388442e-06
5.843277276607519610e+01 2.059145086683786591e-06
5.868441457608106049e+01 2.038182648114442172e-06
5.893571635795849062e+01 2.007461789408086533e-06
5.918679860974395979e+01 1.984505651096160766e-06
5.943824578411374659e+01 1.944922888860946121e-06
5.968934443052460637e+01 1.928708423946846900e-06
5.994009881519919958e+01 1.899039472781416885e-06
6.019143008204730450e+01 1.868396495380055285e-06
6.044303967578304793e+01 1.846554750770827299e-06
6.069446539940648933e+01 1.814631132064836793e-06
6.094594283876522667e+01 1.795512923546479801e-06
6.119752142863568878e+01 1.776021372936874388e-06
6.144920707655568037e+01 1.751494513352168964e-06
6.170042875117553649e+01 1.732473360675411857e-06
6.195135852331920745e+01 1.707244392425081185e-06
6.220292279118605450e+01 1.684513385619474672e-06
6.245429299708936099e+01 1.662346819267146841e-06
6.270516484212564734e+01 1.648074878050515430e-06
6.295654789617530156e+01 1.619176183739296704e-06
6.320814180923495940e+01 1.605056070780466731e-06
6.345941573738152641e+01 1.582979039553481198e-06
6.371040057052023542e+01 1.566793213800211320e-06
6.396185745578683424e+01 1.545649576593378261e-06
6.421368546549915379e+01 1.529060491751703455e-06
6.446479073454199238e+01 1.503007806593711431e-06
6.471588673409551973e+01 1.479472156160888811e-06
6.496730834160189261e+01 1.457354300438874707e-06
6.521856319783852030e+01 1.429518803230746761e-06
6.546992987326736113e+01 1.410450464774557813e-06
6.572120553073852989e+01 1.383959102477224806e-06
6.597232322532917692e+01 1.364497546147917166e-06
6.622368994537650622e+01 1.341866451794922185e-06
6.647513103932683975e+01 1.320436042733077343e-06
6.672672959741110787e+01 1.301506000895972083e-06
6.697798244417811020e+01 1.273668045246936572e-06
6.722885542524284119e+01 1.249300596760729278e-06
6.748048616955249202e+01 1.234394554443511672e-06
6.773229923195737001e+01 1.210010632416003169e-06
6.798322572139460362e+01 1.187731651536854580e-06
6.823447173775937813e+01 1.168590235123624210e-06
6.848606896751729778e+01 1.151847469449797853e-06
6.873741544680683546e+01 1.130682727167595160e-06
6.898873787744179253e+01 1.109942386909252994e-06
6.923979673744193519e+01 1.091762625604717067e-06
6.949145441276264989e+01 1.073012979785775635e-06
6.974265210301840057e+01 1.055190363589564955e-06
6.999344031108012132e+01 1.036880896659784587e-06
7.024493114765583357e+01 1.018005594529782898e-06
7.049642464225027538e+01 9.982413380699747221e-07
7.074774315836204153e+01 9.839812975812325728e-07
7.099906993548422918e+01 9.673905018908965482e-07
7.125054486425644029e+01 9.478534460572359889e-07
7.150182990423201090e+01 9.313886862497333994e-07
7.175309169194970593e+01 9.158890285736618503e-07
7.200430886966613286e+01 9.000080563758422427e-07
7.225563655627148307e+01 8.842063078178122679e-07
7.250698057097335436e+01 8.687695998719206723e-07
7.275814540940223196e+01 8.527487598260270141e-07
7.300954011634642882e+01 8.352722069695716647e-07
7.326094744803241099e+01 8.216091688506205645e-07
7.351241635922633577e+01 8.103901296129382240e-07
7.376385704484314942e+01 7.923295712493021588e-07
7.401507686011912313e+01 7.751475887295675180e-07
7.426642983754513239e+01 7.646978021273411657e-07
7.451774392350500875e+01 7.497797922502681342e-07
7.476888196695857403e+01 7.366368217470074814e-07
7.502031254291918572e+01 7.238118653083952826e-07
7.527179980263341008e+01 7.099507650628253835e-07
7.552311252549999665e+01 6.973760361504978317e-07
7.577409780062980360e+01 6.879334854539594026e-07
7.602551875404107307e+01 6.722677298974797328e-07
7.627713348914349467e+01 6.619977830049096974e-07
7.652808863434110265e+01 6.488921731313147008e-07
7.677928937816385258e+01 6.384902616748972597e-07
7.703080422988723797e+01 6.268176256820137349e-07
7.728259641407451852e+01 6.155450234318428352e-07
7.753362846048165125e+01 6.029493495392719468e-07
7.778433144503740948e+01 5.930605495385136082e-07
7.803587445609785789e+01 5.817954432418639798e-07
7.828752478929132508e+01 5.711266445880500909e-07
7.853900368295268208e+01 5.601174953295722424e-07
7.879021312407734001e+01 5.497683048551242502e-07
7.904165509986182769e+01 5.410924838174830818e-07
7.929330413459700821e+01 5.302106858653054904e-07
7.954446877222407863e+01 5.208972391383962921e-07
7.979551714753698377e+01 5.114444807357889119e-07
8.004692165377868207e+01 5.019020621997456981e-07
8.029810489950233432e+01 4.906795013152818494e-07
8.054908874480256031e+01 4.834265293131742232e-07
8.080044321541014085e+01 4.760022432002068889e-07
8.105216211323228492e+01 4.657048685832931168e-07
8.130349433109076074e+01 4.593329992888261622e-07
8.155444015076058406e+01 4.496035351072303621e-07
8.180579598042007206e+01 4.429932416970947507e-07
8.205747345046690100e+01 4.337434484600479777e-07
8.230895288137371324e+01 4.270468270057575279e-07
8.256017853616197044e+01 4.203269588167349317e-07
8.281171136842024794e+01 4.122988404332792498e-07
8.306338874103768433e+01 4.052139320879828304e-07
8.331416972271263433e+01 3.971779727081740343e-07
8.356490365514949303e+01 3.910884111299924488e-07
8.381669207113579034e+01 3.825270513631533269e-07
8.406812178552961257e+01 3.785838439836406839e-07
8.431890933464019611e+01 3.712737021583789062e-07
8.457023187027826339e+01 3.653581637938158167e-07
8.482151559398789686e+01 3.569361079329976115e-07
8.507283003168710422e+01 3.520279560019380179e-07
8.532426808165841692e+01 3.451984054941029901e-07
8.557600476924378086e+01 3.391425038003438876e-07
8.582757594343893004e+01 3.340583473592281030e-07
8.607831587296919906e+01 3.288250131565660751e-07
8.632961333877408094e+01 3.241165820798281525e-07
8.658121923681562748e+01 3.187672888605729251e-07
8.683268673150530503e+01 3.122052053659358997e-07
8.708396519721972595e+01 3.078755443875071017e-07
8.733506961066505880e+01 3.016719678724118699e-07
8.758618105842411694e+01 2.979178187172946936e-07
8.783752567351578477e+01 2.906983557532795199e-07
8.808868914679788986e+01 2.878073134297277941e-07
8.833994003395393690e+01 2.813658149407753474e-07
8.859174898584991809e+01 2.766266340815785126e-07
8.884303273375222432e+01 2.709501237563789785e-07
8.909352487970716084e+01 2.650337206903861477e-07
8.934511690540148265e+01 2.609823378232853252e-07
8.959715158813172309e+01 2.552213958120740543e-07
8.984803368908821142e+01 2.503901331457127620e-07
9.009924288814356430e+01 2.448567251136628898e-07
9.035039732041329330e+01 2.385929838698772031e-07
9.060151066709157419e+01 2.345245403697150216e-07
9.085215645777752513e+01 2.287360055062067772e-07
9.110358912880106175e+01 2.231855187777678299e-07
9.135593221689693166e+01 2.175490256403702980e-07
9.160680049007517312e+01 2.130092752787060435e-07
9.185814296072571494e+01 2.086978627743493770e-07
9.211014914083067140e+01 2.043515095290323420e-07
9.236133039430572467e+01 1.996959493895989357e-07
9.261226961967061300e+01 1.971486038245230499e-07
9.286339612223196127e+01 1.914776431554706122e-07
9.311503395193372512e+01 1.882935220413149501e-07
9.336621751977830286e+01 1.833507730018751016e-07
9.361677474844866254e+01 1.811964249241810584e-07
9.386828402731896404e+01 1.758759461518296189e-07
9.412013166396859276e+01 1.731875953824598490e-07
9.437159577797395116e+01 1.690748655032762560e-07
9.462215507964623384e+01 1.668806221109713506e-07
9.487303142853234306e+01 1.607568274696697067e-07
9.512563612801736213e+01 1.593417581694221742e-07
9.537712370347337298e+01 1.558831799265098976e-07
9.562770329733204733e+01 1.529903556442706366e-07
9.587952553542562839e+01 1.497737022192497197e-07
9.613214193709879396e+01 1.471877948115162219e-07
9.638292294616348954e+01 1.428543379374442330e-07
9.663323205539920480e+01 1.409207615386499315e-07
9.688575427051634392e+01 1.376094384850958737e-07
9.713720230214802598e+01 1.351843428056947727e-07
9.738711075112470894e+01 1.338460004604749493e-07
9.763880850310884796e+01 1.304098761578567274e-07
9.789195925073893534e+01 1.280328532249448873e-07
9.814276473823834124e+01 1.250242772212286416e-07
9.839200152577470249e+01 1.226605403148849097e-07
9.864436939619000100e+01 1.199052621440536607e-07
9.889657229158518703e+01 1.183554857404551482e-07
9.914654206758739008e+01 1.160744246258107721e-07
9.939737265117041431e+01 1.138600561737344313e-07
9.964971324453516388e+01 1.113832376673039229e-07
9.990221505033474614e+01 1.095945171144031463e-07
1.001521516083068519e+02 1.085020378001064779e-07
1.004020181344354228e+02 1.063838157938608631e-07
1.006555261342845853e+02 1.049894788245288053e-07
1.009078779715744503e+02 1.031802847288415955e-07
1.011564847190979037e+02 1.011512851449676559e-07
1.014077980390921851e+02 1.000185181740191891e-07
1.016621206036857075e+02 9.748600512496022481e-08
1.019133439536030323e+02 9.583459419293067349e-08
1.021611090492770160e+02 9.515657127130867831e-08
1.024134287982906386e+02 9.408372621444029644e-08
1.026689526987222933e+02 9.380113308931806260e-08
1.029179005362147450e+02 9.108357203141872123e-08
1.031645010122565509e+02 8.841808778442904914e-08
1.034190198448752227e+02 8.930701500616546851e-08
1.036740078018821123e+02 8.723469776597378611e-08
1.039223728592707516e+02 8.707650262560827734e-08
1.041718863957155321e+02 8.681826497436695531e-08
1.044269799004653407e+02 8.456168902834076609e-08
1.046773133673284093e+02 8.237897924181422415e-08
1.049203418007823814e+02 8.222136377594798233e-08
1.051759012379430231e+02 7.991513260233324209e-08
1.054364230283171651e+02 8.119725726666986238e-08
1.056811914497119176e+02 7.917074016923749836e-08
1.059215804876414495e+02 8.085213095730723696e-08
1.061816384917722758e+02 7.816585342056924505e-08
1.064472113030423515e+02 7.838866310815538359e-08
1.066878058983536732e+02 7.523341308931164237e-08
1.069236360402103827e+02 7.642626188560017654e-08
1.071892705778195563e+02 7.146260192463245915e-08
1.074586772409291342e+02 7.327734398033212536e-08
1.076879342587935611e+02 7.082739837728846338e-08
1.079185870885384446e+02 7.144508361115347411e-08
1.081956775747713095e+02 7.446529620060385893e-08
1.084728105259587352e+02 6.961236060718802156e-08
1.086839161354765366e+02 7.718665012740015021e-08
1.089114578639759117e+02 7.090084754270853619e-08
1.091979138747751392e+02 6.996347219104826218e-08
1.094826115122194068e+02 7.126935541888528637e-08
1.096995281563482934e+02 7.131736209792425369e-08
1.099149327348783771e+02 6.874468440549025230e-08
1.102017255337961075e+02 7.379837460675878072e-08
1.104879737748566555e+02 5.388081753655367798e-08
1.107157115274964241e+02 6.737667067382123676e-08
1.109132792987308136e+02 6.186856634466012519e-08
1.111862324688471801e+02 7.468308882201684432e-08
1.114398329385503388e+02 4.390233197431433626e-09
