3.559856489878782115e-01 6.196212849656551613e-01
6.031648866026231293e-01 2.353545575119658506e-01
8.579160745827347778e-01 1.518005341506356298e-01
1.113464310595710716e+00 8.202570322058554131e-02
1.374039914321364408e+00 5.705164327082110076e-02
1.619154704570298309e+00 3.946923481379053383e-02
1.870686673430271840e+00 2.950714793300329361e-02
2.123290040706380832e+00 2.209727271259117123e-02
2.378144976376236119e+00 1.623178744543852386e-02
2.630489925835516996e+00 1.140217672595329572e-02
2.878653162679494670e+00 9.760716258008861682e-03
3.131144366275339319e+00 6.796117775577492810e-03
3.388159578333816313e+00 5.481809384613290682e-03
3.638741848210948149e+00 4.217544006459514501e-03
3.888315910732085268e+00 3.372966015417793589e-03
4.139052155837465996e+00 2.630487747120911508e-03
4.390305777018236988e+00 2.152373600562656857e-03
4.642172339120373081e+00 1.757299657476078282e-03
4.894678666149941293e+00 1.450093321922404487e-03
5.147269052361176378e+00 1.175843850972860087e-03
5.398003206656323272e+00 1.022477296546918249e-03
5.647798235368590269e+00 9.021543846542315987e-04
5.900534302989873581e+00 7.456604009793092042e-04
6.151460297009074374e+00 6.519768856132563068e-04
6.402630176204441526e+00 5.604892082289808855e-04
6.655964674748322096e+00 5.039216672253207319e-04
6.908782583105771202e+00 4.307375035693265298e-04
7.159060853508338873e+00 3.951476307801657741e-04
7.409414762591408632e+00 3.603530185299776796e-04
7.659227149364629561e+00 3.234259677667311876e-04
7.911559474606142395e+00 2.886336144345271826e-04
8.163750941790897997e+00 2.647991701575148384e-04
8.415757210439384295e+00 2.379408304117997506e-04
8.667638839289207198e+00 2.189456488274313828e-04
8.918801124864609520e+00 1.959859932247250418e-04
9.170480108345369530e+00 1.798839865961238745e-04
9.420566033467249412e+00 1.635701869194177230e-04
9.671642335271435797e+00 1.520182773161425638e-04
9.923426157758477473e+00 1.420949054284454066e-04
1.017396902749181820e+01 1.307356480415676611e-04
1.042533700753922155e+01 1.200929136800733875e-04
1.067702948358784276e+01 1.138880419787385780e-04
1.092969337256462303e+01 1.058297750064332349e-04
1.118211872033766419e+01 9.787799641014398105e-05
1.143346516925797296e+01 9.159759987137540286e-05
1.168350508557724687e+01 8.650924130301731638e-05
1.193379937775929100e+01 8.176275410263403700e-05
1.218553055762879112e+01 7.700295610241187456e-05
1.243711650801278878e+01 7.193195259228860538e-05
1.268867268647359303e+01 6.870490169583053531e-05
1.294075027177769144e+01 6.387165032040505598e-05
1.319267287020158363e+01 6.079513872683358559e-05
1.344470571782862756e+01 5.805094647388369809e-05
1.369480150283709641e+01 5.516779884590578876e-05
1.394591277066507828e+01 5.258103127028790347e-05
1.419764645764527167e+01 4.968892410819296531e-05
1.444766774168416212e+01 4.784885588673269588e-05
1.469906835825429070e+01 4.579571281183655190e-05
1.495059118111036511e+01 4.320186050654582229e-05
1.520261612590052991e+01 4.172297770175196075e-05
1.545415944503929495e+01 3.981392064010299794e-05
1.570456072545780124e+01 3.857095243506217225e-05
1.595705800128773966e+01 3.692344092431054366e-05
1.620829297830731619e+01 3.526456057741680195e-05
1.645966591028190962e+01 3.414057782629547342e-05
1.671125708846596325e+01 3.318365867596348022e-05
1.696160259490052624e+01 3.173458187510307100e-05
1.721370276108077135e+01 3.068126182022189516e-05
1.746543424102250341e+01 2.954550644035814494e-05
1.771598473288305442e+01 2.863987047683875750e-05
1.796653767411944003e+01 2.781567306953711371e-05
1.821765658501893270e+01 2.691147171331842759e-05
1.847053788120423334e+01 2.645048735183307958e-05
1.872257696809484173e+01 2.539335009510774235e-05
1.897394097105746269e+01 2.473950620024813543e-05
1.922542454726159988e+01 2.387069987233241762e-05
1.947607703355479103e+01 2.336559200799831544e-05
1.972678839839982601e+01 2.289344274786303616e-05
1.997802698857814363e+01 2.191883271696194629e-05
2.022863620534168660e+01 2.158073528459603717e-05
2.047969598507238231e+01 2.097005373043619471e-05
2.073250439107362553e+01 2.052298558289960263e-05
2.098435855211640089e+01 2.007058899677388578e-05
2.123502923393334640e+01 1.935145408490523429e-05
2.148629411178690773e+01 1.913843542382680820e-05
2.173831825513516591e+01 1.868485056685185094e-05
2.198972260956887226e+01 1.826240907894737835e-05
2.223974971000711420e+01 1.775387484860959246e-05
2.249141870643862973e+01 1.752478018433607771e-05
2.274404614890906373e+01 1.693034162065133204e-05
2.299521835768831579e+01 1.675419546889153659e-05
2.324620084136223852e+01 1.627800087486611346e-05
2.349757798664387209e+01 1.603386191897093952e-05
2.374870488118759937e+01 1.568906834978531952e-05
2.399988781917473091e+01 1.529463573255886353e-05
2.425071646049711305e+01 1.505840526592128771e-05
2.450187830577813841e+01 1.481106748850609050e-05
2.475391093216606109e+01 1.452972601590183091e-05
2.500524226975159792e+01 1.434682857366019506e-05
2.525610980153284402e+01 1.401925429395357940e-05
2.550801425092822328e+01 1.378207457228705377e-05
2.575943113325822864e+01 1.350719594909227202e-05
2.601074166866445125e+01 1.333082194170653156e-05
2.626234447079615464e+01 1.307649676508108317e-05
2.651347712943701751e+01 1.275861376326076097e-05
2.676474177984877656e+01 1.268241059787604395e-05
2.701628079430242479e+01 1.240532870322860920e-05
2.726734205837282232e+01 1.217372001964615813e-05
2.751837013544679422e+01 1.197625928414033315e-05
2.776937726815812724e+01 1.181940505330012864e-05
2.802070160973895341e+01 1.172200707907856200e-05
2.827249982643487058e+01 1.142125941356949781e-05
2.852407603869968966e+01 1.124295066257134886e-05
2.877567300468570721e+01 1.109308644607988018e-05
2.902733523039245256e+01 1.090505808316291968e-05
2.927861073083739996e+01 1.076070702398612752e-05
2.953003196193969160e+01 1.053033472885549775e-05
2.978106336846375157e+01 1.041043086613150890e-05
3.003148440777084716e+01 1.021154738386891183e-05
3.028303386126418673e+01 1.005864116633240640e-05
3.053456493440382857e+01 9.917703358576437724e-06
3.078585183944906944e+01 9.796445849321514763e-06
3.103757946070165730e+01 9.648267667194979511e-06
3.128931656795834826e+01 9.540322076903169196e-06
3.154125974608096428e+01 9.334824869674185154e-06
3.179158626791808828e+01 9.215516571406232957e-06
3.204196438636942190e+01 9.110353610197788243e-06
3.229345624690945016e+01 9.008664079377809374e-06
3.254491795349546379e+01 8.817219152000498966e-06
3.279661199584414533e+01 8.679949628739641590e-06
3.304781054557115993e+01 8.612183723151943133e-06
3.329958828032162188e+01 8.405250058649452890e-06
3.355183723684311303e+01 8.303447193651631312e-06
3.380253855881218072e+01 8.215330630708246891e-06
3.405313147025059095e+01 8.118993312440476602e-06
3.430479305560803738e+01 7.975800566723126935e-06
3.455623390824965924e+01 7.878470194697026927e-06
3.480735498195039668e+01 7.800328108236152349e-06
3.505856438430107858e+01 7.631605348336534914e-06
3.531001549359893943e+01 7.577139968298468982e-06
3.556133107357548084e+01 7.411743636607837634e-06
3.581233698845250757e+01 7.344489923753641340e-06
3.606382608666838507e+01 7.217021860099494811e-06
3.631533331237931606e+01 7.087687042914266324e-06
3.656697642527945646e+01 7.047605162971805097e-06
3.681852327087045751e+01 6.936686348557520513e-06
3.706973766105884494e+01 6.835971220394675490e-06
3.732129678941971207e+01 6.732282237083513794e-06
3.757306314229551703e+01 6.665764139025744957e-06
3.782389924159279104e+01 6.518739090060867019e-06
3.807464007418068519e+01 6.449722695006567160e-06
3.832565302212735503e+01 6.369316745394965765e-06
3.857740378043642693e+01 6.270699545168990159e-06
3.882942253427300017e+01 6.193658024850496333e-06
3.908032307380011616e+01 6.123788945380052410e-06
3.933129330145365543e+01 6.017809371357793930e-06
3.958227876786669697e+01 5.947685202796283110e-06
3.983382520768443413e+01 5.849164287764867774e-06
4.008544842975349098e+01 5.771633815851666524e-06
4.033619301340542052e+01 5.686546067721862682e-06
4.058776599344974301e+01 5.606500194796570204e-06
4.083970221749189022e+01 5.553361937250705180e-06
4.109095921749577940e+01 5.473961952905278813e-06
4.134236727584069371e+01 5.412895838148892113e-06
4.159390229570379915e+01 5.309743896701540801e-06
4.184507899773220174e+01 5.258449390585273652e-06
4.209613747244114279e+01 5.174957362276985410e-06
4.234722818606434913e+01 5.105598702829593844e-06
4.259857332263157303e+01 5.026741381599489850e-06
4.285027109763341713e+01 4.969742145274655439e-06
4.310176195204312677e+01 4.909699702539673233e-06
4.335299280752174411e+01 4.807717210626311518e-06
4.360432095771267313e+01 4.760135455088805406e-06
4.385558663826572712e+01 4.705431137005839932e-06
4.410724528235365938e+01 4.644174546855554239e-06
4.435852190379520010e+01 4.542314346410469476e-06
4.460901713855037087e+01 4.509545536559200766e-06
4.486008510459071630e+01 4.442949134663369091e-06
4.511170295299168487e+01 4.363670048734252224e-06
4.536358210673532199e+01 4.324037147516584841e-06
4.561456198601624124e+01 4.269775600657194840e-06
4.586556721283918137e+01 4.184621602759185400e-06
4.611769651966599781e+01 4.119053112775348801e-06
4.636915627004315610e+01 4.060412394175067287e-06
4.662034887549072693e+01 4.027638856523307660e-06
4.687172305024841279e+01 3.961450015373786899e-06
4.712349745478636009e+01 3.916534387701330592e-06
4.737470617006108142e+01 3.854814849983003652e-06
4.762538569197067062e+01 3.803811656467372707e-06
4.787648835337603259e+01 3.739719194212751297e-06
4.812806309416585293e+01 3.711547328868602331e-06
4.837947377766823820e+01 3.649717558337008922e-06
4.863055608299239907e+01 3.597863544340871677e-06
4.888199020684587026e+01 3.533297164816258967e-06
4.913362466485948232e+01 3.475834051668473102e-06
4.938531946307731602e+01 3.439368486596495299e-06
4.963608988707425596e+01 3.392280529569670843e-06
4.988699356578750610e+01 3.338850071811855414e-06
5.013861839733769443e+01 3.287178113649372477e-06
5.038999807568713862e+01 3.242033540485033675e-06
5.064128572509015669e+01 3.187008364227359309e-06
5.089265153888026560e+01 3.143158669013365470e-06
5.114416620234485578e+01 3.101227167921225441e-06
5.139546355734375993e+01 3.051174627030312848e-06
5.164701680266333028e+01 3.011610424081563988e-06
5.189862905495089507e+01 2.969276785262121606e-06
5.214967308047777550e+01 2.935011613388927827e-06
5.240069291691047226e+01 2.892844004457817947e-06
5.265205790651547346e+01 2.843324340622786208e-06
5.290347041453212995e+01 2.800653415915620409e-06
5.315461969811498477e+01 2.767424859059319449e-06
5.340579219818222612e+01 2.725101475278607262e-06
5.365762065089100474e+01 2.681865153446160006e-06
5.390923473668377852e+01 2.644276343045348960e-06
5.416006359979510876e+01 2.611974570805849375e-06
5.441130437191114311e+01 2.574917870030431280e-06
5.466262745830391623e+01 2.540133022043535137e-06
5.491405993929731011e+01 2.501285970957475686e-06
5.516541491717607215e+01 2.461651771354847660e-06
5.541638268596229011e+01 2.424292815470316426e-06
5.566794564877197615e+01 2.388404514214815538e-06
5.591937805757883950e+01 2.357520849285312896e-06
5.617071533636728020e+01 2.322114653073763305e-06
5.642219117939477258e+01 2.286690064398734848e-06
5.667351334189861944e+01 2.265807009124360412e-06
5.692472708748548627e+01 2.231385625485777826e-06
5.717591204656960002e+01 2.190633954983029559e-06
5.742747687291149106e+01 2.164960140210104680e-06
5.767908487077198032e+01 2.136114008888050268e-06
5.793014671413330063e+01 2.110379481876656811e-06
5.818129395888691135e+01 2.072557030429947198e-06
5.843277276607519610e+01 2.050151734955392087e-06
5.868441457608106049e+01 2.012792054004567836e-06
5.893571635795849062e+01 1.993578228101171381e-06
5.918679860974395979e+01 1.962404812875177452e-06
5.943824578411374659e+01 1.934021634845977492e-06
5.968934443052460637e+01 1.906892306158799353e-06
5.994009881519919958e+01 1.885442532481081151e-06
6.019143008204730450e+01 1.854382933469733355e-06
6.044303967578304793e+01 1.829084383134892943e-06
6.069446539940648933e+01 1.806523870759171241e-06
6.094594283876522667e+01 1.785838557347450072e-06
6.119752142863568878e+01 1.760883727583656624e-06
6.144920707655568037e+01 1.732826163956269165e-06
6.170042875117553649e+01 1.716672797083000243e-06
6.195135852331920745e+01 1.695768125130595353e-06
6.220292279118605450e+01 1.669712219350824361e-06
6.245429299708936099e+01 1.652474268037122381e-06
6.270516484212564734e+01 1.629743859643499192e-06
6.295654789617530156e+01 1.608494318640655136e-06
6.320814180923495940e+01 1.588406495572761414e-06
6.345941573738152641e+01 1.574617364342298528e-06
6.371040057052023542e+01 1.547833912572813455e-06
6.396185745578683424e+01 1.537698240098980333e-06
6.421368546549915379e+01 1.515061493251393534e-06
6.446479073454199238e+01 1.497300969717956205e-06
6.471588673409551973e+01 1.469593956250923316e-06
6.496730834160189261e+01 1.443481557498795404e-06
6.521856319783852030e+01 1.421144349281220953e-06
6.546992987326736113e+01 1.402828495647178557e-06
6.572120553073852989e+01 1.375619875126017117e-06
6.597232322532917692e+01 1.357883237551838600e-06
6.622368994537650622e+01 1.328834098862036982e-06
6.647513103932683975e+01 1.310495553065357966e-06
6.672672959741110787e+01 1.287323678115267278e-06
6.697798244417811020e+01 1.261850760211125335e-06
6.722885542524284119e+01 1.243809473735987152e-06
6.748048616955249202e+01 1.224961709949459596e-06
6.773229923195737001e+01 1.200398956274658057e-06
6.798322572139460362e+01 1.181206655432713044e-06
6.823447173775937813e+01 1.162192082833335089e-06
6.848606896751729778e+01 1.143457291568610375e-06
6.873741544680683546e+01 1.124086154190277191e-06
6.898873787744179253e+01 1.105499018356901863e-06
6.923979673744193519e+01 1.088445509204430393e-06
6.949145441276264989e+01 1.062656345113607173e-06
6.974265210301840057e+01 1.049459797977940440e-06
6.999344031108012132e+01 1.031108809748050630e-06
7.024493114765583357e+01 1.010681167049588796e-06
7.049642464225027538e+01 9.935607849149403688e-07
7.074774315836204153e+01 9.789157816160837252e-07
7.099906993548422918e+01 9.587981837681814947e-07
7.125054486425644029e+01 9.433170331620170637e-07
7.150182990423201090e+01 9.300896199019277034e-07
7.175309169194970593e+01 9.087644801634757621e-07
7.200430886966613286e+01 8.945969917659417920e-07
7.225563655627148307e+01 8.770113272829193134e-07
7.250698057097335436e+01 8.631458491307891135e-07
7.275814540940223196e+01 8.476410987972838944e-07
7.300954011634642882e+01 8.301502324916053230e-07
7.326094744803241099e+01 8.171220997945788353e-07
7.351241635922633577e+01 8.032304352768994807e-07
7.376385704484314942e+01 7.881633813250889891e-07
7.401507686011912313e+01 7.744880005348712826e-07
7.426642983754513239e+01 7.604172902174445730e-07
7.451774392350500875e+01 7.453563974479567671e-07
7.476888196695857403e+01 7.343719860809739495e-07
7.502031254291918572e+01 7.203725704302424875e-07
7.527179980263341008e+01 7.094143296017568007e-07
7.552311252549999665e+01 6.952262898519993105e-07
7.577409780062980360e+01 6.814284210235412930e-07
7.602551875404107307e+01 6.707218945432569701e-07
7.627713348914349467e+01 6.578474368472671463e-07
7.652808863434110265e+01 6.468777263810213494e-07
7.677928937816385258e+01 6.357601688467204422e-07
7.703080422988723797e+01 6.232896144265166056e-07
7.728259641407451852e+01 6.114895707149114315e-07
7.753362846048165125e+01 5.996810687545998318e-07
7.778433144503740948e+01 5.892921699791491077e-07
7.803587445609785789e+01 5.808662122870363408e-07
7.828752478929132508e+01 5.692466393295393089e-07
7.853900368295268208e+01 5.573291189748326482e-07
7.879021312407734001e+01 5.487447306593361450e-07
7.904165509986182769e+01 5.387969337981141730e-07
7.929330413459700821e+01 5.287631491557191385e-07
7.954446877222407863e+01 5.200404444079303917e-07
7.979551714753698377e+01 5.096618227564467614e-07
8.004692165377868207e+01 5.032335147331147736e-07
8.029810489950233432e+01 4.907898196559998544e-07
8.054908874480256031e+01 4.817831364855743530e-07
8.080044321541014085e+01 4.730322933675487726e-07
8.105216211323228492e+01 4.654491422647784627e-07
8.130349433109076074e+01 4.564203487472831166e-07
8.155444015076058406e+01 4.516857797084250361e-07
8.180579598042007206e+01 4.422289758273371524e-07
8.205747345046690100e+01 4.339614424366418241e-07
8.230895288137371324e+01 4.258598275409860046e-07
8.256017853616197044e+01 4.183801189078246304e-07
8.281171136842024794e+01 4.114019654178292022e-07
8.306338874103768433e+01 4.065745505914597689e-07
8.331416972271263433e+01 3.972296018613904727e-07
8.356490365514949303e+01 3.888580626300981350e-07
8.381669207113579034e+01 3.841753954656537299e-07
8.406812178552961257e+01 3.783998613446810780e-07
8.431890933464019611e+01 3.699353423558278805e-07
8.457023187027826339e+01 3.650760922992815117e-07
8.482151559398789686e+01 3.583310560802272805e-07
8.507283003168710422e+01 3.517925643627481452e-07
8.532426808165841692e+01 3.462484971201806022e-07
8.557600476924378086e+01 3.407919722980019433e-07
8.582757594343893004e+01 3.337119908490754158e-07
8.607831587296919906e+01 3.290043175821975457e-07
8.632961333877408094e+01 3.237471290455890456e-07
8.658121923681562748e+01 3.168164448996782341e-07
8.683268673150530503e+01 3.133044325451356509e-07
8.708396519721972595e+01 3.058020903421023764e-07
8.733506961066505880e+01 3.016942384947026755e-07
8.758618105842411694e+01 2.968225066350771053e-07
8.783752567351578477e+01 2.907954069871740666e-07
8.808868914679788986e+01 2.874563416810812161e-07
8.833994003395393690e+01 2.797181246046766943e-07
8.859174898584991809e+01 2.771489181986894277e-07
8.884303273375222432e+01 2.705284271506395018e-07
8.909352487970716084e+01 2.649436985918380234e-07
8.934511690540148265e+01 2.600445110618786650e-07
8.959715158813172309e+01 2.550199644252713588e-07
8.984803368908821142e+01 2.507154802946438778e-07
9.009924288814356430e+01 2.454929052220450941e-07
9.035039732041329330e+01 2.415548298347414766e-07
9.060151066709157419e+01 2.336574181813700232e-07
9.085215645777752513e+01 2.300261106371942723e-07
9.110358912880106175e+01 2.245902288009555275e-07
9.135593221689693166e+01 2.190229537825639496e-07
9.160680049007517312e+01 2.153561750849721341e-07
9.185814296072571494e+01 2.099876856986006765e-07
9.211014914083067140e+01 2.038967262902368995e-07
9.236133039430572467e+01 2.021553875617653534e-07
9.261226961967061300e+01 1.970157274867570233e-07
9.286339612223196127e+01 1.910152699670252921e-07
9.311503395193372512e+01 1.878778819922102404e-07
9.336621751977830286e+01 1.842594576508575748e-07
9.361677474844866254e+01 1.803769286956552205e-07
9.386828402731896404e+01 1.767752670935792823e-07
9.412013166396859276e+01 1.722007597296778498e-07
9.437159577797395116e+01 1.685050192134440195e-07
9.462215507964623384e+01 1.662851882170163825e-07
9.487303142853234306e+01 1.629750919124577997e-07
9.512563612801736213e+01 1.593330318282722740e-07
9.537712370347337298e+01 1.565986177192395234e-07
9.562770329733204733e+01 1.517672245864175890e-07
9.587952553542562839e+01 1.494650565130162909e-07
9.613214193709879396e+01 1.471708921252365676e-07
9.638292294616348954e+01 1.444769268821847883e-07
9.663323205539920480e+01 1.412104520302573970e-07
9.688575427051634392e+01 1.383197223334935551e-07
9.713720230214802598e+01 1.361512578077490070e-07
9.738711075112470894e+01 1.334653690365151399e-07
9.763880850310884796e+01 1.300478622221958565e-07
9.789195925073893534e+01 1.286113026022101669e-07
9.814276473823834124e+01 1.255232483543696054e-07
9.839200152577470249e+01 1.231521032491114299e-07
9.864436939619000100e+01 1.208669317964541027e-07
9.889657229158518703e+01 1.184002251890781061e-07
9.914654206758739008e+01 1.164741127663483314e-07
9.939737265117041431e+01 1.154140219045838866e-07
9.964971324453516388e+01 1.135208361701407968e-07
9.990221505033474614e+01 1.120118309893501553e-07
1.001521516083068519e+02 1.085857610526107750e-07
1.004020181344354228e+02 1.067346518987750935e-07
1.006555261342845853e+02 1.043772348258823996e-07
1.009078779715744503e+02 1.041036371215099307e-07
1.011564847190979037e+02 1.023017785586781039e-07
1.014077980390921851e+02 9.853679878834325126e-08
1.016621206036857075e+02 9.893994712851987650e-08
1.019133439536030323e+02 9.595604277481361710e-08
1.021611090492770160e+02 9.615576992105904762e-08
1.024134287982906386e+02 9.382831741190084278e-08
1.026689526987222933e+02 9.221238123066370562e-08
1.029179005362147450e+02 9.037524633148138673e-08
1.031645010122565509e+02 8.905760981187627591e-08
1.034190198448752227e+02 8.786445323270004181e-08
1.036740078018821123e+02 8.638624121023424338e-08
1.039223728592707516e+02 8.485138008911538209e-08
1.041718863957155321e+02 8.560928391393234069e-08
1.044269799004653407e+02 8.455020474953220056e-08
1.046773133673284093e+02 8.328780767982430153e-08
1.049203418007823814e+02 8.230670956902895216e-08
1.051759012379430231e+02 8.134980371739799303e-08
1.054364230283171651e+02 8.057712896408319469e-08
1.056811914497119176e+02 7.982540350827851260e-08
1.059215804876414495e+02 7.917559252994821091e-08
1.061816384917722758e+02 7.970259757858499524e-08
1.064472113030423515e+02 8.015085489288489272e-08
1.066878058983536732e+02 7.625395073379993483e-08
1.069236360402103827e+02 7.890913108739218174e-08
1.071892705778195563e+02 7.670686393872098741e-08
1.074586772409291342e+02 7.472671592967354787e-08
1.076879342587935611e+02 7.453788707417291746e-08
1.079185870885384446e+02 7.360218946496049567e-08
1.081956775747713095e+02 7.320578694622131781e-08
1.084728105259587352e+02 7.242553985716885927e-08
1.086839161354765366e+02 6.922099061455707703e-08
1.089114578639759117e+02 6.756580015459803164e-08
1.091979138747751392e+02 6.915769630439184970e-08
1.094826115122194068e+02 7.012215605666199863e-08
1.096995281563482934e+02 7.164742963494618147e-08
1.099149327348783771e+02 7.347306284424508268e-08
1.102017255337961075e+02 7.477194747123138383e-08
1.104879737748566555e+02 7.021791180423314858e-08
1.107157115274964241e+02 8.130692174969252252e-08
1.109132792987308136e+02 7.379848800324820610e-08
1.111862324688471801e+02 8.228177825162376033e-08
1.114398329385503388e+02 2.602390484880527549e-08
