3.559856489878782115e-01 7.479884456701906270e-01
6.031648866026231293e-01 2.723331760697135784e-01
8.579160745827347778e-01 1.785515339090863740e-01
1.113464310595710716e+00 9.532321178706640308e-02
1.374039914321364408e+00 6.415973646746445103e-02
1.619154704570298309e+00 4.477211654087124432e-02
1.870686673430271840e+00 3.343865103327575000e-02
2.123290040706380832e+00 2.502909746386157083e-02
2.378144976376236119e+00 1.821122088550366711e-02
2.630489925835516996e+00 1.295923867600055901e-02
2.878653162679494670e+00 1.097855599481059770e-02
3.131144366275339319e+00 7.651230921934024966e-03
3.388159578333816313e+00 6.263990326809320587e-03
3.638741848210948149e+00 4.873719424235267890e-03
3.888315910732085268e+00 3.852236723330034092e-03
4.139052155837465996e+00 2.986077972889977956e-03
4.390305777018236988e+00 2.475123876771155758e-03
4.642172339120373081e+00 2.043021202822750682e-03
4.894678666149941293e+00 1.681987656226066564e-03
5.147269052361176378e+00 1.374259520858640577e-03
5.398003206656323272e+00 1.181655484817937737e-03
5.647798235368590269e+00 1.055139048391734056e-03
5.900534302989873581e+00 8.702634026498011141e-04
6.151460297009074374e+00 7.650413478592534965e-04
6.402630176204441526e+00 6.532461719780851064e-04
6.655964674748322096e+00 5.857064283951984038e-04
6.908782583105771202e+00 5.026466230826118035e-04
7.159060853508338873e+00 4.584034151073195255e-04
7.409414762591408632e+00 4.173031794686711516e-04
7.659227149364629561e+00 3.752932256231828021e-04
7.911559474606142395e+00 3.303150532232397509e-04
8.163750941790897997e+00 3.054265429479343058e-04
8.415757210439384295e+00 2.758475637153350621e-04
8.667638839289207198e+00 2.506964758287175870e-04
8.918801124864609520e+00 2.255744557846919222e-04
9.170480108345369530e+00 2.084523835020750154e-04
9.420566033467249412e+00 1.867860990264683509e-04
9.671642335271435797e+00 1.734451916887868228e-04
9.923426157758477473e+00 1.623640559230322294e-04
1.017396902749181820e+01 1.495452348508216839e-04
1.042533700753922155e+01 1.368013894886078226e-04
1.067702948358784276e+01 1.277159406374565767e-04
1.092969337256462303e+01 1.201527750966899943e-04
1.118211872033766419e+01 1.107005889933019194e-04
1.143346516925797296e+01 1.025797721289883592e-04
1.168350508557724687e+01 9.732624054620895150e-05
1.193379937775929100e+01 9.069738510122437659e-05
1.218553055762879112e+01 8.511866651622278202e-05
1.243711650801278878e+01 8.022783996324213851e-05
1.268867268647359303e+01 7.524439044998100848e-05
1.294075027177769144e+01 7.091760841320970423e-05
1.319267287020158363e+01 6.717885060095433612e-05
1.344470571782862756e+01 6.379679927069700112e-05
1.369480150283709641e+01 6.007940243194528316e-05
1.394591277066507828e+01 5.670557937704158224e-05
1.419764645764527167e+01 5.391427952453659332e-05
1.444766774168416212e+01 5.158486021851124963e-05
1.469906835825429070e+01 4.903127470416601577e-05
1.495059118111036511e+01 4.663019574342538065e-05
1.520261612590052991e+01 4.469302647048037629e-05
1.545415944503929495e+01 4.265032772507938079e-05
1.570456072545780124e+01 4.062623405317970364e-05
1.595705800128773966e+01 3.893392591902158467e-05
1.620829297830731619e+01 3.704233994624453002e-05
1.645966591028190962e+01 3.598959373069295770e-05
1.671125708846596325e+01 3.508117783105478462e-05
1.696160259490052624e+01 3.324239679460198166e-05
1.721370276108077135e+01 3.213852417756073474e-05
1.746543424102250341e+01 3.083749091711880815e-05
1.771598473288305442e+01 3.041404940551822414e-05
1.796653767411944003e+01 2.878518095049549972e-05
1.821765658501893270e+01 2.791047011350594650e-05
1.847053788120423334e+01 2.721128597886894018e-05
1.872257696809484173e+01 2.614865580368261021e-05
1.897394097105746269e+01 2.549320252834003713e-05
1.922542454726159988e+01 2.464570277268930153e-05
1.947607703355479103e+01 2.405114116584590654e-05
1.972678839839982601e+01 2.357405290012636544e-05
1.997802698857814363e+01 2.285471261805295792e-05
2.022863620534168660e+01 2.247689953654808274e-05
2.047969598507238231e+01 2.192208151276358791e-05
2.073250439107362553e+01 2.140633409400591032e-05
2.098435855211640089e+01 2.082096409350650228e-05
2.123502923393334640e+01 2.033463346385035674e-05
2.148629411178690773e+01 2.034954389955629465e-05
2.173831825513516591e+01 1.951301715489216240e-05
2.198972260956887226e+01 1.932226227204945148e-05
2.223974971000711420e+01 1.883477034644764873e-05
2.249141870643862973e+01 1.850550187960269596e-05
2.274404614890906373e+01 1.815628280684367511e-05
2.299521835768831579e+01 1.785415745276229017e-05
2.324620084136223852e+01 1.757655941296092683e-05
2.349757798664387209e+01 1.717046155856974895e-05
2.374870488118759937e+01 1.709597942894373849e-05
2.399988781917473091e+01 1.680473627207012383e-05
2.425071646049711305e+01 1.648224227389913295e-05
2.450187830577813841e+01 1.638028184625368140e-05
2.475391093216606109e+01 1.604172171096701120e-05
2.500524226975159792e+01 1.573362410077404092e-05
2.525610980153284402e+01 1.567182984641944869e-05
2.550801425092822328e+01 1.544635153368326705e-05
2.575943113325822864e+01 1.520102853163388396e-05
2.601074166866445125e+01 1.512764826713923494e-05
2.626234447079615464e+01 1.494243758180719119e-05
2.651347712943701751e+01 1.462482015417420523e-05
2.676474177984877656e+01 1.455045676322091618e-05
2.701628079430242479e+01 1.432205125522352983e-05
2.726734205837282232e+01 1.424042746953359399e-05
2.751837013544679422e+01 1.405996062659411840e-05
2.776937726815812724e+01 1.396094592315409251e-05
2.802070160973895341e+01 1.380743053470339156e-05
2.827249982643487058e+01 1.366309239012320711e-05
2.852407603869968966e+01 1.354285343172106022e-05
2.877567300468570721e+01 1.345538353590326159e-05
2.902733523039245256e+01 1.335061049139040232e-05
2.927861073083739996e+01 1.315497500859587520e-05
2.953003196193969160e+01 1.301563353756570573e-05
2.978106336846375157e+01 1.295423141512204699e-05
3.003148440777084716e+01 1.285289220920861004e-05
3.028303386126418673e+01 1.272801371639753219e-05
3.053456493440382857e+01 1.263734481250866916e-05
3.078585183944906944e+01 1.252086418408074293e-05
3.103757946070165730e+01 1.243943904563906003e-05
3.128931656795834826e+01 1.235593733743780334e-05
3.154125974608096428e+01 1.229676101435436129e-05
3.179158626791808828e+01 1.219246964180516245e-05
3.204196438636942190e+01 1.210561921706948753e-05
3.229345624690945016e+01 1.201859545870769925e-05
3.254491795349546379e+01 1.191666755126734340e-05
3.279661199584414533e+01 1.188084789940221956e-05
3.304781054557115993e+01 1.179378796853601011e-05
3.329958828032162188e+01 1.170073703827166501e-05
3.355183723684311303e+01 1.163297892796051477e-05
3.380253855881218072e+01 1.154189238817439678e-05
3.405313147025059095e+01 1.151807154925139590e-05
3.430479305560803738e+01 1.144874097559493757e-05
3.455623390824965924e+01 1.134169881351776076e-05
3.480735498195039668e+01 1.132926687290919606e-05
3.505856438430107858e+01 1.125453947004330098e-05
3.531001549359893943e+01 1.124706991924357290e-05
3.556133107357548084e+01 1.118824267164077130e-05
3.581233698845250757e+01 1.107428852691016580e-05
3.606382608666838507e+01 1.106162221492195853e-05
3.631533331237931606e+01 1.099627033272462443e-05
3.656697642527945646e+01 1.090226973491622993e-05
3.681852327087045751e+01 1.085190596106787883e-05
3.706973766105884494e+01 1.085458581651465004e-05
3.732129678941971207e+01 1.077012206189585243e-05
3.757306314229551703e+01 1.073054812481611337e-05
3.782389924159279104e+01 1.065597487135978246e-05
3.807464007418068519e+01 1.061689595555001554e-05
3.832565302212735503e+01 1.057946903026907080e-05
3.857740378043642693e+01 1.057143849839434277e-05
3.882942253427300017e+01 1.050260488772473291e-05
3.908032307380011616e+01 1.043532387710910966e-05
3.933129330145365543e+01 1.040240987563972000e-05
3.958227876786669697e+01 1.039710560668840332e-05
3.983382520768443413e+01 1.033135320224622332e-05
4.008544842975349098e+01 1.028264810439343625e-05
4.033619301340542052e+01 1.025007262273188763e-05
4.058776599344974301e+01 1.015739286622456929e-05
4.083970221749189022e+01 1.015696758083064375e-05
4.109095921749577940e+01 1.011847031343720450e-05
4.134236727584069371e+01 1.005030064299123410e-05
4.159390229570379915e+01 1.001995682243340480e-05
4.184507899773220174e+01 9.965560802206898636e-06
4.209613747244114279e+01 9.938881936589575111e-06
4.234722818606434913e+01 9.917151083168955337e-06
4.259857332263157303e+01 9.864171384333031222e-06
4.285027109763341713e+01 9.873527136083844156e-06
4.310176195204312677e+01 9.820783950260396212e-06
4.335299280752174411e+01 9.781171676123078765e-06
4.360432095771267313e+01 9.757612592385999175e-06
4.385558663826572712e+01 9.721419090458548282e-06
4.410724528235365938e+01 9.679515800555607834e-06
4.435852190379520010e+01 9.639027905467343929e-06
4.460901713855037087e+01 9.646095125404647818e-06
4.486008510459071630e+01 9.593540542992688339e-06
4.511170295299168487e+01 9.567392738586835222e-06
4.536358210673532199e+01 9.543642477024660747e-06
4.561456198601624124e+01 9.507505214584831876e-06
4.586556721283918137e+01 9.455059766627785524e-06
4.611769651966599781e+01 9.493504278219664749e-06
4.636915627004315610e+01 9.386148497457916034e-06
4.662034887549072693e+01 9.357581987683972303e-06
4.687172305024841279e+01 9.383889988067775081e-06
4.712349745478636009e+01 9.337520739510962373e-06
4.737470617006108142e+01 9.289801706234410887e-06
4.762538569197067062e+01 9.338599541931403113e-06
4.787648835337603259e+01 9.261252294419456340e-06
4.812806309416585293e+01 9.253480731995190959e-06
4.837947377766823820e+01 9.237313539113336120e-06
4.863055608299239907e+01 9.169048695130928360e-06
4.888199020684587026e+01 9.176778850701163814e-06
4.913362466485948232e+01 9.156755660100055586e-06
4.938531946307731602e+01 9.169685692661840032e-06
4.963608988707425596e+01 9.122760136182430941e-06
4.988699356578750610e+01 9.108274638739374433e-06
5.013861839733769443e+01 9.114024874756977807e-06
5.038999807568713862e+01 9.083697463596071233e-06
5.064128572509015669e+01 9.016678479948664161e-06
5.089265153888026560e+01 9.028268242884143386e-06
5.114416620234485578e+01 9.018263261492653996e-06
5.139546355734375993e+01 9.036850288244940664e-06
5.164701680266333028e+01 9.004081321147522869e-06
5.189862905495089507e+01 8.983655785717375999e-06
5.214967308047777550e+01 8.942210430152097098e-06
5.240069291691047226e+01 8.917744138600190601e-06
5.265205790651547346e+01 8.903519565926807462e-06
5.290347041453212995e+01 8.907475948673040784e-06
5.315461969811498477e+01 8.931595961409912515e-06
5.340579219818222612e+01 8.906151475937008820e-06
5.365762065089100474e+01 8.865815114721703702e-06
5.390923473668377852e+01 8.871898137572147084e-06
5.416006359979510876e+01 8.864556984455702489e-06
5.441130437191114311e+01 8.871353322692081153e-06
5.466262745830391623e+01 8.804158748845675354e-06
5.491405993929731011e+01 8.792743010645114333e-06
5.516541491717607215e+01 8.824747043605478685e-06
5.541638268596229011e+01 8.814249894875558658e-06
5.566794564877197615e+01 8.816542303301711471e-06
5.591937805757883950e+01 8.812329035728427024e-06
5.617071533636728020e+01 8.766088378074190558e-06
5.642219117939477258e+01 8.752184647250286093e-06
5.667351334189861944e+01 8.788274097191424097e-06
5.692472708748548627e+01 8.747633361848701711e-06
5.717591204656960002e+01 8.777664401813053984e-06
5.742747687291149106e+01 8.770655333878111658e-06
5.767908487077198032e+01 8.760931855319955988e-06
5.793014671413330063e+01 8.792230477514109810e-06
5.818129395888691135e+01 8.772973265218921184e-06
5.843277276607519610e+01 8.756845777495433905e-06
5.868441457608106049e+01 8.779254010577411973e-06
5.893571635795849062e+01 8.810292293039964761e-06
5.918679860974395979e+01 8.772742547292146064e-06
5.943824578411374659e+01 8.769366424098850882e-06
5.968934443052460637e+01 8.801738860058138522e-06
5.994009881519919958e+01 8.821546230387424756e-06
6.019143008204730450e+01 8.811502946955191996e-06
6.044303967578304793e+01 8.822037865800428361e-06
6.069446539940648933e+01 8.836431949725800897e-06
6.094594283876522667e+01 8.868169652854287455e-06
6.119752142863568878e+01 8.888505146806644229e-06
6.144920707655568037e+01 8.907855040036259198e-06
6.170042875117553649e+01 8.939602324989992936e-06
6.195135852331920745e+01 8.946806638143704415e-06
6.220292279118605450e+01 8.958799408904301759e-06
6.245429299708936099e+01 8.993035618226618105e-06
6.270516484212564734e+01 9.003720114624853442e-06
6.295654789617530156e+01 9.058713541003328917e-06
6.320814180923495940e+01 9.067212069000025234e-06
6.345941573738152641e+01 9.111461865293360516e-06
6.371040057052023542e+01 9.132785940914795020e-06
6.396185745578683424e+01 9.177514978578798499e-06
6.421368546549915379e+01 9.228542619754267958e-06
6.446479073454199238e+01 9.219682215251144816e-06
6.471588673409551973e+01 9.196163875184826475e-06
6.496730834160189261e+01 9.205944503566069150e-06
6.521856319783852030e+01 9.157888824754171169e-06
6.546992987326736113e+01 9.134668767464415318e-06
6.572120553073852989e+01 9.162071063606450685e-06
6.597232322532917692e+01 9.129917134230410892e-06
6.622368994537650622e+01 9.093586529038273400e-06
6.647513103932683975e+01 9.095169667167488851e-06
6.672672959741110787e+01 9.058230706562720564e-06
6.697798244417811020e+01 9.068924393349130439e-06
6.722885542524284119e+01 9.027504421281701361e-06
6.748048616955249202e+01 9.042039532396127489e-06
6.773229923195737001e+01 9.047354655091019115e-06
6.798322572139460362e+01 8.993680711356844798e-06
6.823447173775937813e+01 8.957237701847162379e-06
6.848606896751729778e+01 8.973136387317777614e-06
6.873741544680683546e+01 8.940995954394990910e-06
6.898873787744179253e+01 8.946455298051400571e-06
6.923979673744193519e+01 8.913743181330714414e-06
6.949145441276264989e+01 8.893185335382221599e-06
6.974265210301840057e+01 8.901229642805839364e-06
6.999344031108012132e+01 8.882657978022214627e-06
7.024493114765583357e+01 8.872911129719448001e-06
7.049642464225027538e+01 8.870735438126723386e-06
7.074774315836204153e+01 8.840371257123090314e-06
7.099906993548422918e+01 8.824656679897769856e-06
7.125054486425644029e+01 8.810298442411971644e-06
7.150182990423201090e+01 8.810324059045609635e-06
7.175309169194970593e+01 8.773739281187139264e-06
7.200430886966613286e+01 8.798526905847123787e-06
7.225563655627148307e+01 8.780413061546779759e-06
7.250698057097335436e+01 8.778217519448795958e-06
7.275814540940223196e+01 8.773003502739838287e-06
7.300954011634642882e+01 8.737335350090513821e-06
7.326094744803241099e+01 8.731155692684735653e-06
7.351241635922633577e+01 8.736985002830521702e-06
7.376385704484314942e+01 8.725017030807186451e-06
7.401507686011912313e+01 8.684188571856567098e-06
7.426642983754513239e+01 8.721351072184635835e-06
7.451774392350500875e+01 8.685132481337021337e-06
7.476888196695857403e+01 8.698027626340826190e-06
7.502031254291918572e+01 8.693583110868321434e-06
7.527179980263341008e+01 8.625205723660154321e-06
7.552311252549999665e+01 8.680333452501435394e-06
7.577409780062980360e+01 8.660839625662279185e-06
7.602551875404107307e+01 8.622534692284446460e-06
7.627713348914349467e+01 8.647425034886876069e-06
7.652808863434110265e+01 8.646414290283851629e-06
7.677928937816385258e+01 8.619713339027329551e-06
7.703080422988723797e+01 8.607554735314013950e-06
7.728259641407451852e+01 8.635339466994774923e-06
7.753362846048165125e+01 8.630733930565663274e-06
7.778433144503740948e+01 8.607148579643486135e-06
7.803587445609785789e+01 8.599681644470130308e-06
7.828752478929132508e+01 8.629107154407474948e-06
7.853900368295268208e+01 8.598097479218959457e-06
7.879021312407734001e+01 8.589228881785777975e-06
7.904165509986182769e+01 8.603803767891349190e-06
7.929330413459700821e+01 8.608448379547396607e-06
7.954446877222407863e+01 8.629549611398720216e-06
7.979551714753698377e+01 8.644311815528237438e-06
8.004692165377868207e+01 8.634003342831120899e-06
8.029810489950233432e+01 8.620587786416473869e-06
8.054908874480256031e+01 8.673485659270193149e-06
8.080044321541014085e+01 8.669512787485230101e-06
8.105216211323228492e+01 8.683791590224743215e-06
8.130349433109076074e+01 8.673032907350982347e-06
8.155444015076058406e+01 8.685109665759272588e-06
8.180579598042007206e+01 8.695981129145753926e-06
8.205747345046690100e+01 8.697765541299023185e-06
8.230895288137371324e+01 8.703293883252720861e-06
8.256017853616197044e+01 8.747942063562075328e-06
8.281171136842024794e+01 8.762180183424025061e-06
8.306338874103768433e+01 8.753670454054435750e-06
8.331416972271263433e+01 8.784941257751970018e-06
8.356490365514949303e+01 8.781501335155814236e-06
8.381669207113579034e+01 8.803841702776259287e-06
8.406812178552961257e+01 8.831582546734103410e-06
8.431890933464019611e+01 8.839567934205118317e-06
8.457023187027826339e+01 8.874445399965951443e-06
8.482151559398789686e+01 8.916510763107793694e-06
8.507283003168710422e+01 8.930633995142369573e-06
8.532426808165841692e+01 8.921014166337882018e-06
8.557600476924378086e+01 8.969102243160694863e-06
8.582757594343893004e+01 9.010154087622959421e-06
8.607831587296919906e+01 9.036932779045020052e-06
8.632961333877408094e+01 9.042750201353618613e-06
8.658121923681562748e+01 9.053042185651616946e-06
8.683268673150530503e+01 9.123148846830008750e-06
8.708396519721972595e+01 9.128731120866923575e-06
8.733506961066505880e+01 9.125454507032799189e-06
8.758618105842411694e+01 9.149480704250236100e-06
8.783752567351578477e+01 9.153329578879013131e-06
8.808868914679788986e+01 9.227101982204197536e-06
8.833994003395393690e+01 9.181466320690031901e-06
8.859174898584991809e+01 9.250094358989381738e-06
8.884303273375222432e+01 9.241218850946866063e-06
8.909352487970716084e+01 9.261472671126797274e-06
8.934511690540148265e+01 9.283618057257793740e-06
8.959715158813172309e+01 9.251208792963983805e-06
8.984803368908821142e+01 9.310542194623054997e-06
9.009924288814356430e+01 9.273841062384091457e-06
9.035039732041329330e+01 9.251986940594994220e-06
9.060151066709157419e+01 9.277182083606789204e-06
9.085215645777752513e+01 9.216869000905545981e-06
9.110358912880106175e+01 9.165052847961923947e-06
9.135593221689693166e+01 9.107560779478777725e-06
9.160680049007517312e+01 9.113842567469545756e-06
9.185814296072571494e+01 9.068991492324735451e-06
9.211014914083067140e+01 9.039481582842474975e-06
9.236133039430572467e+01 8.986451572455901444e-06
9.261226961967061300e+01 9.054762371078945254e-06
9.286339612223196127e+01 9.003116782315505724e-06
9.311503395193372512e+01 8.964502239061516263e-06
9.336621751977830286e+01 8.899071645434877313e-06
9.361677474844866254e+01 8.932334292148774030e-06
9.386828402731896404e+01 9.056807347050660953e-06
9.412013166396859276e+01 9.007883969632839017e-06
9.437159577797395116e+01 9.030545491351880499e-06
9.462215507964623384e+01 9.009227313682662333e-06
9.487303142853234306e+01 8.977648768200956141e-06
9.512563612801736213e+01 8.968699602046543011e-06
9.537712370347337298e+01 8.954765477252279689e-06
9.562770329733204733e+01 8.971374829487539722e-06
9.587952553542562839e+01 9.004205884656568137e-06
9.613214193709879396e+01 9.070133227224174181e-06
9.638292294616348954e+01 9.068446253830136583e-06
9.663323205539920480e+01 9.116160638020320112e-06
9.688575427051634392e+01 9.146545849014888502e-06
9.713720230214802598e+01 9.040394082073344802e-06
9.738711075112470894e+01 9.152950710607940535e-06
9.763880850310884796e+01 9.179871551038761723e-06
9.789195925073893534e+01 9.154589940303158935e-06
9.814276473823834124e+01 9.201525211122657134e-06
9.839200152577470249e+01 9.380645898358864007e-06
9.864436939619000100e+01 9.250849496191788999e-06
9.889657229158518703e+01 9.323828190556450219e-06
9.914654206758739008e+01 9.375939627858031832e-06
9.939737265117041431e+01 9.330335836871545476e-06
9.964971324453516388e+01 9.426138585429154267e-06
9.990221505033474614e+01 9.486130613494284054e-06
1.001521516083068519e+02 9.496608945392439257e-06
1.004020181344354228e+02 9.603469407373678034e-06
1.006555261342845853e+02 9.632675055547734646e-06
1.009078779715744503e+02 9.664293639259169486e-06
1.011564847190979037e+02 9.989926143437484390e-06
1.014077980390921851e+02 9.844101620393517807e-06
1.016621206036857075e+02 9.925028742857014514e-06
1.019133439536030323e+02 9.929383529576652441e-06
1.021611090492770160e+02 1.010716929904282100e-05
1.024134287982906386e+02 1.018067195498443133e-05
1.026689526987222933e+02 1.011907874200641923e-05
1.029179005362147450e+02 1.043744072018700594e-05
1.031645010122565509e+02 1.033185259533099359e-05
1.034190198448752227e+02 1.049359092850294944e-05
1.036740078018821123e+02 1.079972897003750066e-05
1.039223728592707516e+02 1.081865242763355923e-05
1.041718863957155321e+02 1.082657842883689303e-05
1.044269799004653407e+02 1.088385838462408277e-05
1.046773133673284093e+02 1.123403304924474537e-05
1.049203418007823814e+02 1.120021787199805221e-05
1.051759012379430231e+02 1.114917949895983389e-05
1.054364230283171651e+02 1.189125722396268377e-05
1.056811914497119176e+02 1.184197044473639627e-05
1.059215804876414495e+02 1.201264478807250118e-05
1.061816384917722758e+02 1.221352315510279705e-05
1.064472113030423515e+02 1.236936964407543432e-05
1.066878058983536732e+02 1.265297729333537965e-05
1.069236360402103827e+02 1.285353004939880249e-05
1.071892705778195563e+02 1.304566536688427130e-05
1.074586772409291342e+02 1.334508562158759752e-05
1.076879342587935611e+02 1.312383961773924426e-05
1.079185870885384446e+02 1.355032029840470243e-05
1.081956775747713095e+02 1.415218273636804752e-05
1.084728105259587352e+02 1.399907955519025799e-05
1.086839161354765366e+02 1.471057056374112532e-05
1.089114578639759117e+02 1.470613152606038574e-05
1.091979138747751392e+02 1.522888470339218398e-05
1.094826115122194068e+02 1.576544589094282993e-05
1.096995281563482934e+02 1.548378060934161533e-05
1.099149327348783771e+02 1.696935513662949498e-05
1.102017255337961075e+02 1.844586271205970578e-05
1.104879737748566555e+02 1.962186010420112906e-05
1.107157115274964241e+02 1.978555705283860792e-05
1.109132792987308136e+02 2.086663705490932649e-05
1.111862324688471801e+02 1.755266625305743135e-05
1.114398329385503388e+02 5.864899341084652896e-06
