3.559859402833099318e-01 8.302931738947282314e-01
6.031653801595306952e-01 3.010754302932351356e-01
8.579167765970828752e-01 1.918397197874538163e-01
1.113465221719706744e+00 1.007220405506979860e-01
1.374041038668795789e+00 6.815426772850238790e-02
1.619156029489912552e+00 4.655126819073492073e-02
1.870688204173108549e+00 3.432472351207389860e-02
2.123291778149142495e+00 2.556927566201475099e-02
2.378146922361332738e+00 1.850930361387168044e-02
2.630492078309080828e+00 1.298790946748721101e-02
2.878655518219719767e+00 1.101198778121966967e-02
3.131146928423708342e+00 7.659370346944215091e-03
3.388162350792228050e+00 6.256661779587849304e-03
3.638744825715464426e+00 4.794741255010407689e-03
3.888319092457711346e+00 3.842570273173068814e-03
4.139055542735190940e+00 3.015332809915695182e-03
4.390309369511418147e+00 2.463200093353615228e-03
4.642176137710567474e+00 2.034996617575840581e-03
4.894682671360654602e+00 1.666389343529521561e-03
5.147273264261192693e+00 1.370258403894492787e-03
5.398007623726727822e+00 1.191997010314378887e-03
5.647802856840916874e+00 1.056590761073915091e-03
5.900539131270710946e+00 8.779049215185221779e-04
6.151465330617277516e+00 7.705613562268767832e-04
6.402635415339577030e+00 6.628413764826303952e-04
6.655970121181652210e+00 5.945131490479825791e-04
6.908788236414579842e+00 5.110884844573880884e-04
7.159066711614495482e+00 4.696345852953322979e-04
7.409420825556806811e+00 4.271598428928075064e-04
7.659233416746153544e+00 3.850723080656361270e-04
7.911565948465803189e+00 3.443382373755596066e-04
8.163757622013434911e+00 3.138017147599737010e-04
8.415764096873253663e+00 2.828067709494472694e-04
8.667645931832417716e+00 2.596288039931511095e-04
8.918808422928538704e+00 2.322027359986278037e-04
9.170487612352818729e+00 2.136108423568527372e-04
9.420573742114656923e+00 1.932017610977042788e-04
9.671650249369202257e+00 1.798329055945394842e-04
9.923434277885553101e+00 1.690243264397427636e-04
1.017397735263275749e+01 1.541361999307694526e-04
1.042534553836919464e+01 1.416893029234485778e-04
1.067703822037237948e+01 1.329530845059449112e-04
1.092970231609860754e+01 1.239785840207249129e-04
1.118212787042590506e+01 1.147001117338982529e-04
1.143347452501762795e+01 1.067409250641652410e-04
1.168351464593921030e+01 1.002930166625287076e-04
1.193380914293171280e+01 9.340992395059937890e-05
1.218554052878744365e+01 8.767536228049728497e-05
1.243712668503883734e+01 8.166083122590195298e-05
1.268868306934267487e+01 7.683865589400687066e-05
1.294076086091646260e+01 7.202396056041236391e-05
1.319268366548321936e+01 6.793292659425893484e-05
1.344471671934334367e+01 6.417915690659514879e-05
1.369481270899983727e+01 6.055624436173366181e-05
1.394592418230679165e+01 5.687569203523272818e-05
1.419765807527526924e+01 5.362639536142195030e-05
1.444767956390122166e+01 5.034515651771164668e-05
1.469908038618708979e+01 4.796442979474209033e-05
1.495060341485890376e+01 4.537695814810661227e-05
1.520262856587568123e+01 4.302219036576489534e-05
1.545417209084695642e+01 4.111475896534079005e-05
1.570457357616346705e+01 3.938561759996959553e-05
1.595707105860651787e+01 3.708341784091432469e-05
1.620830624120629437e+01 3.547880732858325946e-05
1.645967937887397525e+01 3.368890189523328734e-05
1.671127076292970415e+01 3.243433718153718208e-05
1.696161647421662977e+01 3.064279584648239320e-05
1.721371684668504187e+01 2.911423826672595252e-05
1.746544853261325159e+01 2.748806510666712286e-05
1.771599922949390304e+01 2.667079595621891464e-05
1.796655237575239283e+01 2.556298911123283991e-05
1.821767149213711079e+01 2.446115271269024301e-05
1.847055299524976135e+01 2.356204241150408000e-05
1.872259228837855716e+01 2.234142738838816377e-05
1.897395649702695763e+01 2.154488199963424281e-05
1.922544027901471964e+01 2.059119443033702066e-05
1.947609297041146803e+01 1.969967480248020617e-05
1.972680454040824571e+01 1.897829023721901741e-05
1.997804333616971917e+01 1.810748825285804693e-05
2.022865275800141660e+01 1.749729477632077970e-05
2.047971274316895318e+01 1.691027317642737027e-05
2.073252135603789981e+01 1.611796274947677787e-05
2.098437572316753830e+01 1.573660660114810619e-05
2.123504661010293759e+01 1.494980370459706451e-05
2.148631169356116288e+01 1.453846178743438580e-05
2.173833604313538359e+01 1.395322649362293084e-05
2.198974060328788482e+01 1.333105893074643511e-05
2.223976790831795114e+01 1.287063214501568037e-05
2.249143711068481721e+01 1.253434912418757492e-05
2.274406475987487397e+01 1.210187311758604845e-05
2.299523717418296442e+01 1.166652377472018984e-05
2.324621986323047906e+01 1.123268381717834458e-05
2.349759721420864622e+01 1.094970400012068066e-05
2.374872431424413222e+01 1.063931299780325105e-05
2.399990745776888090e+01 1.021547331497077031e-05
2.425073630433896454e+01 9.860317920151954381e-06
2.450189835514035153e+01 9.560477050553919481e-06
2.475393118776117163e+01 9.302727635538964813e-06
2.500526273100576091e+01 8.988323881783517020e-06
2.525613046806653728e+01 8.785843931779067052e-06
2.550803512358992720e+01 8.487099223294115101e-06
2.575945221164898413e+01 8.273971525784376907e-06
2.601076295269723460e+01 8.014096948701120089e-06
2.626236596071012386e+01 7.671543797105308748e-06
2.651349882484745990e+01 7.472009070632686037e-06
2.676476368086370172e+01 7.309084511507110438e-06
2.701630290114633937e+01 7.051673245714319830e-06
2.726736437065478924e+01 6.898215303574030424e-06
2.751839265313966365e+01 6.713694832515139689e-06
2.776939999124475378e+01 6.499512950593980112e-06
2.802072453847890543e+01 6.351857685683314014e-06
2.827252296121590902e+01 6.188655563439724014e-06
2.852409937934015360e+01 5.960813321008014732e-06
2.877569655120258219e+01 5.877152353229780227e-06
2.902735898283913940e+01 5.726552383399046650e-06
2.927863468889744425e+01 5.549994042517459628e-06
2.953005612573234373e+01 5.359910994471432270e-06
2.978108773767002759e+01 5.258808860250112635e-06
3.003150898189129592e+01 5.111561355708790399e-06
3.028305864122216207e+01 4.960957050814070945e-06
3.053458992018429541e+01 4.851943314338430611e-06
3.078587703085223026e+01 4.706186446421589582e-06
3.103760485808813741e+01 4.581921291994413677e-06
3.128934217133591034e+01 4.506193177518184551e-06
3.154128555561823433e+01 4.383837952903609548e-06
3.179161228229218850e+01 4.282270920219290086e-06
3.204199060562257273e+01 4.195545414152503722e-06
3.229348267195300082e+01 4.068854672835019501e-06
3.254494458430474424e+01 3.988622133592071741e-06
3.279663883260927548e+01 3.882436661928964102e-06
3.304783758788667569e+01 3.816417092103623639e-06
3.329961552866146945e+01 3.710561174071413002e-06
3.355186469159288265e+01 3.631740189432304743e-06
3.380256621870547207e+01 3.553748643164660998e-06
3.405315933519869276e+01 3.473938852197051848e-06
3.430482112648542170e+01 3.397042371812107564e-06
3.455626218487571322e+01 3.337453645028299058e-06
3.480738346406343453e+01 3.252083475034819877e-06
3.505859307197339092e+01 3.169268168985992965e-06
3.531004438702832005e+01 3.127839122841998792e-06
3.556136017265100691e+01 3.050186891348551963e-06
3.581236629292080664e+01 2.986362018284900355e-06
3.606385559692481735e+01 2.931672569587847795e-06
3.631536302843873187e+01 2.865839147519373890e-06
3.656700634725304155e+01 2.800000495240280034e-06
3.681855339867944110e+01 2.743138557350448915e-06
3.706976799443118153e+01 2.695843210811976294e-06
3.732132732863749425e+01 2.634463792426915919e-06
3.757309388752830870e+01 2.588647217328399066e-06
3.782393019207938778e+01 2.527851336704652264e-06
3.807467122984314045e+01 2.478289408434403139e-06
3.832568438318832449e+01 2.426810129209102367e-06
3.857743534749965164e+01 2.387541710110216257e-06
3.882945430755777494e+01 2.342201290355465016e-06
3.908035505239143248e+01 2.301085374080255917e-06
3.933132548540852724e+01 2.248379652525502022e-06
3.958231115719760140e+01 2.204660714756292682e-06
3.983385780285039601e+01 2.165487807469390702e-06
4.008548123081735781e+01 2.126041308272382480e-06
4.033622601964820120e+01 2.090627333777363098e-06
4.058779920554930243e+01 2.042467675362490802e-06
4.083973563574546972e+01 2.003331172355121894e-06
4.109099284134757823e+01 1.975396935033325842e-06
4.134240110541432500e+01 1.928001018377664138e-06
4.159393633110315136e+01 1.894194282666111810e-06
4.184511323866406940e+01 1.858885444093627457e-06
4.209617191880878551e+01 1.820851599427468603e-06
4.234726283789414225e+01 1.791873852107637097e-06
4.259860818013170558e+01 1.761108865766450928e-06
4.285030616109244761e+01 1.727530372568565186e-06
4.310179722129173285e+01 1.697962646822742910e-06
4.335302828234718220e+01 1.667551528445027574e-06
4.360435663819455243e+01 1.642197243194819886e-06
4.385562252435293118e+01 1.614291076007552328e-06
4.410728137436774432e+01 1.589090955616370279e-06
4.435855820142356265e+01 1.548278475506101569e-06
4.460905364115361493e+01 1.526169252995041314e-06
4.486012181263750165e+01 1.496943287654844369e-06
4.511173986693196269e+01 1.471242014483359495e-06
4.536361922678291592e+01 1.440798207404484906e-06
4.561459931143529190e+01 1.422630309879327227e-06
4.586560474365044371e+01 1.397552019397819488e-06
4.611773425678926941e+01 1.372705543666730437e-06
4.636919421293055166e+01 1.350706384471074318e-06
4.662038702392365508e+01 1.329818799415967362e-06
4.687176140437544092e+01 1.305673064284879800e-06
4.712353601493499156e+01 1.279988474874302682e-06
4.737474493576841894e+01 1.263828412866765869e-06
4.762542466280369524e+01 1.235972681053416869e-06
4.787652752968099179e+01 1.220551625654443039e-06
4.812810247632902616e+01 1.203493884561952620e-06
4.837951336555538973e+01 1.177407377546658673e-06
4.863059587633483005e+01 1.163228663250409662e-06
4.888203020593145709e+01 1.138989154335802889e-06
4.913366486985215431e+01 1.123548530354910815e-06
4.938535987402644878e+01 1.105721526947578518e-06
4.963613050322346254e+01 1.086335966634448115e-06
4.988703438724581218e+01 1.066905766217793409e-06
5.013865942469521286e+01 1.051753622122784772e-06
5.039003930874326187e+01 1.035501753593607447e-06
5.064132716376958143e+01 1.020815988752305027e-06
5.089269318324694780e+01 1.005144436056806646e-06
5.114420805252061086e+01 9.842712599822156729e-07
5.139550561315074617e+01 9.703907958829452595e-07
5.164705906431095173e+01 9.563415034528851691e-07
5.189867152248743309e+01 9.432737024337228344e-07
5.214971575343826515e+01 9.287824676313084107e-07
5.240073579527511782e+01 9.144378429287464621e-07
5.265210099056670856e+01 9.002375857735126522e-07
5.290351370430882838e+01 8.845910299833525594e-07
5.315466319340176682e+01 8.715317745644641317e-07
5.340583589899808459e+01 8.590237307153077333e-07
5.365766455777269073e+01 8.441328328555541832e-07
5.390927884945588744e+01 8.349163142480657060e-07
5.416010791781509681e+01 8.221479195676371262e-07
5.441134889551607756e+01 8.079799747149534300e-07
5.466267218756114943e+01 7.968999400938933272e-07
5.491410487429635623e+01 7.875175996017724125e-07
5.516546005785351525e+01 7.740974140996761566e-07
5.541642803200128498e+01 7.648918672536121581e-07
5.566799120065955009e+01 7.507921228037618288e-07
5.591942381520816951e+01 7.401530876324365098e-07
5.617076129966051923e+01 7.301641125008878069e-07
5.642223734846530903e+01 7.210744620427510999e-07
5.667355971662070147e+01 7.118998299602530129e-07
5.692477366777039549e+01 6.993048754907223150e-07
5.717595883239378196e+01 6.912901329383741684e-07
5.742752386458577973e+01 6.789950604557270775e-07
5.767913206833170392e+01 6.718045843318226945e-07
5.793019411713154909e+01 6.629324060565450215e-07
5.818134156739357365e+01 6.536588476066422351e-07
5.843282058036158588e+01 6.450965946422596674e-07
5.868446259628054662e+01 6.351398122573770636e-07
5.893576458379284588e+01 6.260589754990477481e-07
5.918684704103354477e+01 6.178749821874198367e-07
5.943829442115716688e+01 6.116181624661604763e-07
5.968939327303666431e+01 6.051960481434128461e-07
5.994014786289820762e+01 5.976096006821807421e-07
6.019147933540530460e+01 5.884737972903473142e-07
6.044308913502778324e+01 5.833784911452501681e-07
6.069451506438751665e+01 5.753054426826604508e-07
6.094599270952485170e+01 5.671894135522803842e-07
6.119757150525668976e+01 5.596420265106774257e-07
6.144925735912566012e+01 5.545909408266852176e-07
6.170047923931482359e+01 5.464983298762073594e-07
6.195140921678895296e+01 5.406634144654078860e-07
6.220297369050545200e+01 5.360519848182951670e-07
6.245434410209961129e+01 5.286589133937672452e-07
6.270521615241895574e+01 5.220797737264618811e-07
6.295659941216997879e+01 5.180920123440002980e-07
6.320819353110355365e+01 5.118914681656822828e-07
6.345946766486218849e+01 5.055568672782659925e-07
6.371045270337641142e+01 5.010512122333134312e-07
6.396190979440479651e+01 4.952390366978984801e-07
6.421373801018258121e+01 4.915407983440510743e-07
6.446484348469948600e+01 4.841307594560231978e-07
6.471593968971949096e+01 4.769575371173552135e-07
6.496736150295876655e+01 4.701891846263004575e-07
6.521861656479187275e+01 4.639476429082174108e-07
6.546998344590866736e+01 4.551631846646188598e-07
6.572125930899333923e+01 4.497572769724705235e-07
6.597237720906821323e+01 4.412432305352279596e-07
6.622374413480355315e+01 4.357891989815109311e-07
6.647518543450273398e+01 4.298459478132116259e-07
6.672678419846472764e+01 4.221985740177549462e-07
6.697803725082654580e+01 4.162484468037413706e-07
6.722891043717525861e+01 4.107881784974766867e-07
6.748054138738896768e+01 4.046959852337289593e-07
6.773235465584707526e+01 3.979037054131476548e-07
6.798328135061208854e+01 3.915958431908278353e-07
6.823452757256609402e+01 3.866515900425484058e-07
6.848612500820063076e+01 3.821383407399666257e-07
6.873747169316160921e+01 3.761119322479662133e-07
6.898879432944832502e+01 3.694341178384638314e-07
6.923985339488456248e+01 3.647049631233299365e-07
6.949151127613136225e+01 3.591710206345391156e-07
6.974270917193679509e+01 3.543086940257386064e-07
6.999349758521313447e+01 3.469283271247319176e-07
7.024498862757842232e+01 3.431617498442725218e-07
7.049648232796459979e+01 3.387588279413787896e-07
7.074780104972492722e+01 3.332123925960724362e-07
7.099912803250242632e+01 3.274536819274541160e-07
7.125060316705119590e+01 3.241322620281126309e-07
7.150188841264792927e+01 3.189196496805112431e-07
7.175315040596775873e+01 3.153444165890190831e-07
7.200436778924982661e+01 3.097332499616906504e-07
7.225569568151124145e+01 3.062926865148466639e-07
7.250703990188253556e+01 3.012024401529636491e-07
7.275820494583422260e+01 2.965134034790715736e-07
7.300959985848930955e+01 2.927696253566139568e-07
7.326100739589654154e+01 2.886388634648771726e-07
7.351247651286207940e+01 2.838986699067011611e-07
7.376391740422742771e+01 2.797684595251081147e-07
7.401513742507120241e+01 2.762203953331311475e-07
7.426649060817395309e+01 2.710805044457105811e-07
7.451780489977876698e+01 2.685476278485132173e-07
7.476894314873321434e+01 2.642386522973729617e-07
7.502037393043407576e+01 2.605980892578591106e-07
7.527186139593494829e+01 2.575276215135818077e-07
7.552317432444534973e+01 2.530862869741046438e-07
7.577415980495102588e+01 2.499558887534788554e-07
7.602558096409468646e+01 2.461502581121419213e-07
7.627719590508804970e+01 2.431803659110797404e-07
7.652815125563688525e+01 2.399490164688848341e-07
7.677935220501181846e+01 2.362272087921287763e-07
7.703086726254441885e+01 2.323499397431799348e-07
7.728265965276786176e+01 2.296971612142285526e-07
7.753369190458913351e+01 2.258621511281045280e-07
7.778439509428977772e+01 2.233368411733115327e-07
7.803593831118247692e+01 2.205164673797837265e-07
7.828758885029601799e+01 2.168151606014574735e-07
7.853906794973717354e+01 2.132133017030159303e-07
7.879027759642113438e+01 2.116592729987121532e-07
7.904171977795520831e+01 2.083807706098816729e-07
7.929336901860939690e+01 2.059448373115155568e-07
7.954453386175912044e+01 2.031102029923819631e-07
7.979558244249953702e+01 1.999973737814931813e-07
8.004698715446015456e+01 1.981360509603177981e-07
8.029817060572167975e+01 1.950097088482991524e-07
8.054915465639660965e+01 1.926849659511464387e-07
8.080050933268215374e+01 1.903873832389093576e-07
8.105222843648049036e+01 1.881241206633156926e-07
8.130356085999873983e+01 1.845170369506853041e-07
8.155450688501214529e+01 1.830186393423906688e-07
8.180586292035073370e+01 1.807180162034198286e-07
8.205754059633983388e+01 1.788484696629917676e-07
8.230902023302688519e+01 1.763192314082601625e-07
8.256024609338771825e+01 1.736751229836524970e-07
8.281177913146991898e+01 1.715206591533948857e-07
8.306345671002955555e+01 1.685788858077115835e-07
8.331423789691322668e+01 1.668615780033733418e-07
8.356497203452028089e+01 1.647442757529752070e-07
8.381676065653964258e+01 1.627570499089851474e-07
8.406819057667301820e+01 1.613306336926481920e-07
8.431897833099768036e+01 1.586856387849070571e-07
8.457030107228759164e+01 1.570050671024543791e-07
8.482158500161732206e+01 1.544885173063374024e-07
8.507289964496175116e+01 1.535306747597601339e-07
8.532433790067943846e+01 1.514060188890499224e-07
8.557607479425553265e+01 1.494887228519404379e-07
8.582764617430598264e+01 1.480932685341454293e-07
8.607838630901136412e+01 1.458680451825885106e-07
8.632968398044758374e+01 1.440772617878660490e-07
8.658129008437285279e+01 1.419031057574871988e-07
8.683275778483299234e+01 1.403746776806521225e-07
8.708403645616320432e+01 1.389684378906179815e-07
8.733514107508189284e+01 1.364937099374840564e-07
8.758625272832007624e+01 1.355481897505153308e-07
8.783759754908166428e+01 1.330170949382008002e-07
8.808876122788545615e+01 1.321323166890352461e-07
8.834001232063472742e+01 1.302642705837582801e-07
8.859182147858057021e+01 1.277814540195863700e-07
8.884310543210298761e+01 1.268385280784135161e-07
8.909359778303027610e+01 1.249978838533256256e-07
8.934519001459696597e+01 1.234233939786944539e-07
8.959722490356178071e+01 1.211892527163604086e-07
8.984810720980972576e+01 1.194150868922748119e-07
9.009931661442419681e+01 1.167941858527370023e-07
9.035047125220820874e+01 1.154466339618105903e-07
9.060158480436716388e+01 1.127351352613840278e-07
9.085223080015119024e+01 1.104981045245907923e-07
9.110366367691669609e+01 1.090036811768876064e-07
9.135600697149951088e+01 1.073615618682522487e-07
9.160687544995788301e+01 1.052118362322513553e-07
9.185821812627659710e+01 1.028705268876119495e-07
9.211022451259280786e+01 1.013953064504994896e-07
9.236140597160409982e+01 1.000403810341461151e-07
9.261234540230718437e+01 9.858086152888489714e-08
9.286347211035996452e+01 9.686437196697470070e-08
9.311511014597157043e+01 9.519741073098423916e-08
9.336629391935429112e+01 9.424889603126101389e-08
9.361685135305026506e+01 9.236552169939690868e-08
9.386836083772521988e+01 9.126296653070551238e-08
9.412020868045637201e+01 8.886166790115106177e-08
9.437167300022943550e+01 8.896463696292434516e-08
9.462223250692902354e+01 8.718523840960162740e-08
9.487310906110187148e+01 8.578423635713245496e-08
9.512571396728792195e+01 8.382864076510259370e-08
9.537720174853082256e+01 8.358524091325399707e-08
9.562778154743340053e+01 8.255765634227111152e-08
9.587960399158772873e+01 8.107174209644554383e-08
9.613222059997148961e+01 7.967368400812965791e-08
9.638300181424490631e+01 7.785068038998477256e-08
9.663331112830320535e+01 7.693470559578966970e-08
9.688583355005387432e+01 7.621039708476538256e-08
9.713728178744008801e+01 7.578408594100495574e-08
9.738719044091149613e+01 7.416233673275518006e-08
9.763888839885453308e+01 7.318536232459880746e-08
9.789203935363244113e+01 7.224601544571332805e-08
9.814284504636060547e+01 7.118581601396035421e-08
9.839208203784210127e+01 7.127657745519067289e-08
9.864445011476462355e+01 6.941009588942689133e-08
9.889665321653203023e+01 6.924608683311421509e-08
9.914662319707913696e+01 6.762609534140233366e-08
9.939745398591146852e+01 6.763388551475069850e-08
9.964979478576111660e+01 6.570507254013775802e-08
9.990229679817751673e+01 6.573225578320841361e-08
1.001522335606673551e+02 6.488673647401305664e-08
1.004021002912563461e+02 6.391499352633939261e-08
1.006556084985456749e+02 6.367686489154154221e-08
1.009079605423296471e+02 6.218176432307803124e-08
1.011565674932826795e+02 6.204483082943609200e-08
1.014078810189212732e+02 6.124928333388753899e-08
1.016622037916215078e+02 5.997565963269899013e-08
1.019134273471095185e+02 6.096780249253388629e-08
1.021611926455243662e+02 5.918293568084541098e-08
1.024135126010058343e+02 5.834702946918030992e-08
1.026690367105272230e+02 5.850158923273929721e-08
1.029179847517283548e+02 5.711945061376378728e-08
1.031645854295580591e+02 5.745707157682817552e-08
1.034191044704440259e+02 5.580166875779471659e-08
1.036740926361021025e+02 5.603365971999142320e-08
1.039224578967225483e+02 5.589047143495509187e-08
1.041719716373389275e+02 5.504671314932163933e-08
1.044270653508262825e+02 5.465585310314815116e-08
1.046773990225318585e+02 5.324693361488824414e-08
1.049204276548507835e+02 5.328762885155167710e-08
1.051759873011302489e+02 5.325805952571379967e-08
1.054365093046837814e+02 5.443542317584326221e-08
1.056812779263673008e+02 5.301035857185677582e-08
1.059216671610020342e+02 5.166218912169306505e-08
1.061817253779327643e+02 5.264371775466725076e-08
1.064472984065153724e+02 5.232599824543018622e-08
1.066878931987000954e+02 5.197122201155897615e-08
1.069237235335315575e+02 5.158042936117012095e-08
1.071893582885037972e+02 5.180541701952548281e-08
1.074587651720630674e+02 5.146109621331007813e-08
1.076880223775236090e+02 5.132458623957265977e-08
1.079186753960067477e+02 4.966091717489540312e-08
1.081957661089768266e+02 5.005741838315819629e-08
1.084728992869362116e+02 5.103213743707760078e-08
1.086840050691972124e+02 4.792468001426957817e-08
1.089115469838891102e+02 4.822636222655471203e-08
1.091980032290891671e+02 4.992968596917607756e-08
1.094827010994954009e+02 4.804403463952166832e-08
1.096996179211225240e+02 4.758222523393420566e-08
1.099150226759135762e+02 5.001943461705905396e-08
1.102018157095076987e+02 5.017528720356662069e-08
1.104880641847990574e+02 5.143354270648402464e-08
1.107158021237917467e+02 4.759574593203810296e-08
1.109133700566916190e+02 4.263301867295984264e-08
1.111863234501597191e+02 3.988276191393675161e-08
1.114399241273787169e+02 2.334392439285240132e-07
