3.559856489878782115e-01 7.824226413170745076e-01
6.031648866026231293e-01 2.873791823244324362e-01
8.579160745827347778e-01 1.827923585921708005e-01
1.113464310595710716e+00 9.665535376281733648e-02
1.374039914321364408e+00 6.578505400628616162e-02
1.619154704570298309e+00 4.495939705243036377e-02
1.870686673430271840e+00 3.326238189802536993e-02
2.123290040706380832e+00 2.477710229375642073e-02
2.378144976376236119e+00 1.798611663714786910e-02
2.630489925835516996e+00 1.261465917552732907e-02
2.878653162679494670e+00 1.068717784965510231e-02
3.131144366275339319e+00 7.426042219778801814e-03
3.388159578333816313e+00 6.034982604504306354e-03
3.638741848210948149e+00 4.617312900364128024e-03
3.888315910732085268e+00 3.695480775050659621e-03
4.139052155837465996e+00 2.893108366098978528e-03
4.390305777018236988e+00 2.367195159922285807e-03
4.642172339120373081e+00 1.941241315891727506e-03
4.894678666149941293e+00 1.594322637485109202e-03
5.147269052361176378e+00 1.306563445471563018e-03
5.398003206656323272e+00 1.133534174920551411e-03
5.647798235368590269e+00 1.004921957180709459e-03
5.900534302989873581e+00 8.342689225169108323e-04
6.151460297009074374e+00 7.294374380591083992e-04
6.402630176204441526e+00 6.276092247320775664e-04
6.655964674748322096e+00 5.637006927842299264e-04
6.908782583105771202e+00 4.835519916462676835e-04
7.159060853508338873e+00 4.432210293048712913e-04
7.409414762591408632e+00 4.041949391411022059e-04
7.659227149364629561e+00 3.645796831392711379e-04
7.911559474606142395e+00 3.253167144304170344e-04
8.163750941790897997e+00 2.964122215499519078e-04
8.415757210439384295e+00 2.671658509980211638e-04
8.667638839289207198e+00 2.446809252833497179e-04
8.918801124864609520e+00 2.193791116142499754e-04
9.170480108345369530e+00 2.013047245297969938e-04
9.420566033467249412e+00 1.822515307341016598e-04
9.671642335271435797e+00 1.696384106768910444e-04
9.923426157758477473e+00 1.593260158369360637e-04
1.017396902749181820e+01 1.454693250320055278e-04
1.042533700753922155e+01 1.336650968994628342e-04
1.067702948358784276e+01 1.257877535033505691e-04
1.092969337256462303e+01 1.171619024262993760e-04
1.118211872033766419e+01 1.082801209197315845e-04
1.143346516925797296e+01 1.007341920563678810e-04
1.168350508557724687e+01 9.486713277863156662e-05
1.193379937775929100e+01 8.836919215444107478e-05
1.218553055762879112e+01 8.288975426447951354e-05
1.243711650801278878e+01 7.742488508877524327e-05
1.268867268647359303e+01 7.318093368740297426e-05
1.294075027177769144e+01 6.845870724455365320e-05
1.319267287020158363e+01 6.475668841594587276e-05
1.344470571782862756e+01 6.133049282529734643e-05
1.369480150283709641e+01 5.779900019313861633e-05
1.394591277066507828e+01 5.426284424623806679e-05
1.419764645764527167e+01 5.127756753568641241e-05
1.444766774168416212e+01 4.832661793373278563e-05
1.469906835825429070e+01 4.624801938895207483e-05
1.495059118111036511e+01 4.367143867727327444e-05
1.520261612590052991e+01 4.155754729929127044e-05
1.545415944503929495e+01 3.974558283334836276e-05
1.570456072545780124e+01 3.823409131332440147e-05
1.595705800128773966e+01 3.598337959654909692e-05
1.620829297830731619e+01 3.453855047642905468e-05
1.645966591028190962e+01 3.282542134610870411e-05
1.671125708846596325e+01 3.155254244412237434e-05
1.696160259490052624e+01 3.005090366020799473e-05
1.721370276108077135e+01 2.875543081613355251e-05
1.746543424102250341e+01 2.709733996879081864e-05
1.771598473288305442e+01 2.626229016347041002e-05
1.796653767411944003e+01 2.526252128964907753e-05
1.821765658501893270e+01 2.416300873134737346e-05
1.847053788120423334e+01 2.334939530106999733e-05
1.872257696809484173e+01 2.228906573935163143e-05
1.897394097105746269e+01 2.151325165515737109e-05
1.922542454726159988e+01 2.070163124802183480e-05
1.947607703355479103e+01 1.984272347726735676e-05
1.972678839839982601e+01 1.918297741097113934e-05
1.997802698857814363e+01 1.832198769872148925e-05
2.022863620534168660e+01 1.771335193719653973e-05
2.047969598507238231e+01 1.715846262548574838e-05
2.073250439107362553e+01 1.643639113793755643e-05
2.098435855211640089e+01 1.602643960781970913e-05
2.123502923393334640e+01 1.536314488986982493e-05
2.148629411178690773e+01 1.492276344625336475e-05
2.173831825513516591e+01 1.433608840590252888e-05
2.198972260956887226e+01 1.377313378883312431e-05
2.223974971000711420e+01 1.338713910282026997e-05
2.249141870643862973e+01 1.302772809417688956e-05
2.274404614890906373e+01 1.266092845427473796e-05
2.299521835768831579e+01 1.225277087051719178e-05
2.324620084136223852e+01 1.181479890188134126e-05
2.349757798664387209e+01 1.153136292786809201e-05
2.374870488118759937e+01 1.124974240437703906e-05
2.399988781917473091e+01 1.084969277144687658e-05
2.425071646049711305e+01 1.052858762115741786e-05
2.450187830577813841e+01 1.022342448520638975e-05
2.475391093216606109e+01 9.964908217642224334e-06
2.500524226975159792e+01 9.670030274958864248e-06
2.525610980153284402e+01 9.504794122526174851e-06
2.550801425092822328e+01 9.229291084256115805e-06
2.575943113325822864e+01 8.975803250902893323e-06
2.601074166866445125e+01 8.764130950944741918e-06
2.626234447079615464e+01 8.457661242217865501e-06
2.651347712943701751e+01 8.230390306874862420e-06
2.676474177984877656e+01 8.055305707110562612e-06
2.701628079430242479e+01 7.845125767038681926e-06
2.726734205837282232e+01 7.693651694250156807e-06
2.751837013544679422e+01 7.525576887700448082e-06
2.776937726815812724e+01 7.298490774342485355e-06
2.802070160973895341e+01 7.163654443481346521e-06
2.827249982643487058e+01 6.990039769317917451e-06
2.852407603869968966e+01 6.783614124480385139e-06
2.877567300468570721e+01 6.692160577718348837e-06
2.902733523039245256e+01 6.529274579231182086e-06
2.927861073083739996e+01 6.359375005958213974e-06
2.953003196193969160e+01 6.205745394825581692e-06
2.978106336846375157e+01 6.077098137715388920e-06
3.003148440777084716e+01 5.958360498872314398e-06
3.028303386126418673e+01 5.785993864438104008e-06
3.053456493440382857e+01 5.656349231477758690e-06
3.078585183944906944e+01 5.550142322941076070e-06
3.103757946070165730e+01 5.398486058119773949e-06
3.128931656795834826e+01 5.326751306881966011e-06
3.154125974608096428e+01 5.187699265083156281e-06
3.179158626791808828e+01 5.088231599078767082e-06
3.204196438636942190e+01 4.970335543195481177e-06
3.229345624690945016e+01 4.871470749673669393e-06
3.254491795349546379e+01 4.803585522039582535e-06
3.279661199584414533e+01 4.672234004688744540e-06
3.304781054557115993e+01 4.596185194916378272e-06
3.329958828032162188e+01 4.495215306406708806e-06
3.355183723684311303e+01 4.434218617518862655e-06
3.380253855881218072e+01 4.341235484109042374e-06
3.405313147025059095e+01 4.262797770854138957e-06
3.430479305560803738e+01 4.175653952685646418e-06
3.455623390824965924e+01 4.119091522682406624e-06
3.480735498195039668e+01 4.012758358711079785e-06
3.505856438430107858e+01 3.923725267041290825e-06
3.531001549359893943e+01 3.873618761665288726e-06
3.556133107357548084e+01 3.797958968905289033e-06
3.581233698845250757e+01 3.717917851751812966e-06
3.606382608666838507e+01 3.651261206414695235e-06
3.631533331237931606e+01 3.590288859097912867e-06
3.656697642527945646e+01 3.520481481994110115e-06
3.681852327087045751e+01 3.466637187135931303e-06
3.706973766105884494e+01 3.410813447840900631e-06
3.732129678941971207e+01 3.324914038504262029e-06
3.757306314229551703e+01 3.270224347950222269e-06
3.782389924159279104e+01 3.222600885521876056e-06
3.807464007418068519e+01 3.165139357059776308e-06
3.832565302212735503e+01 3.100508544926717016e-06
3.857740378043642693e+01 3.054001234175748252e-06
3.882942253427300017e+01 3.001237935550290439e-06
3.908032307380011616e+01 2.945205507492386976e-06
3.933129330145365543e+01 2.897298379919442756e-06
3.958227876786669697e+01 2.836145194384420058e-06
3.983382520768443413e+01 2.794011277837410219e-06
4.008544842975349098e+01 2.747781033787626179e-06
4.033619301340542052e+01 2.718368556967587717e-06
4.058776599344974301e+01 2.658306002192260374e-06
4.083970221749189022e+01 2.596964195211678727e-06
4.109095921749577940e+01 2.573204889430535875e-06
4.134236727584069371e+01 2.519012213322272832e-06
4.159390229570379915e+01 2.474641952639396078e-06
4.184507899773220174e+01 2.439104296306951601e-06
4.209613747244114279e+01 2.381693938661931928e-06
4.234722818606434913e+01 2.356781184630128527e-06
4.259857332263157303e+01 2.316805217439505669e-06
4.285027109763341713e+01 2.275714163161805634e-06
4.310176195204312677e+01 2.238243524156672649e-06
4.335299280752174411e+01 2.205482363011788126e-06
4.360432095771267313e+01 2.167775492550988426e-06
4.385558663826572712e+01 2.135159211470942973e-06
4.410724528235365938e+01 2.098222490601615034e-06
4.435852190379520010e+01 2.054476149789008402e-06
4.460901713855037087e+01 2.027666692501911029e-06
4.486008510459071630e+01 1.990836994477907642e-06
4.511170295299168487e+01 1.956459373839333139e-06
4.536358210673532199e+01 1.924144953052031795e-06
4.561456198601624124e+01 1.893640558168055063e-06
4.586556721283918137e+01 1.867103223010755229e-06
4.611769651966599781e+01 1.836359987112217168e-06
4.636915627004315610e+01 1.806808672506512485e-06
4.662034887549072693e+01 1.779064436338528571e-06
4.687172305024841279e+01 1.753938335900043541e-06
4.712349745478636009e+01 1.720675594147388264e-06
4.737470617006108142e+01 1.695585059632592820e-06
4.762538569197067062e+01 1.659917012634965614e-06
4.787648835337603259e+01 1.637246705820703019e-06
4.812806309416585293e+01 1.619588982807724238e-06
4.837947377766823820e+01 1.584582057208368268e-06
4.863055608299239907e+01 1.561211857793119831e-06
4.888199020684587026e+01 1.542026890991403512e-06
4.913362466485948232e+01 1.506150182652344114e-06
4.938531946307731602e+01 1.486568406365737648e-06
4.963608988707425596e+01 1.458110927022190569e-06
4.988699356578750610e+01 1.441232259454884523e-06
5.013861839733769443e+01 1.414342512721092069e-06
5.038999807568713862e+01 1.398170435818655883e-06
5.064128572509015669e+01 1.378479163477453335e-06
5.089265153888026560e+01 1.357319380225851708e-06
5.114416620234485578e+01 1.334756744969905998e-06
5.139546355734375993e+01 1.307865107071750424e-06
5.164701680266333028e+01 1.290716109731866827e-06
5.189862905495089507e+01 1.272709641000589787e-06
5.214967308047777550e+01 1.252007829113282569e-06
5.240069291691047226e+01 1.231496227567495512e-06
5.265205790651547346e+01 1.212959304125835685e-06
5.290347041453212995e+01 1.193717559714331641e-06
5.315461969811498477e+01 1.174232378949385918e-06
5.340579219818222612e+01 1.156504105990870181e-06
5.365762065089100474e+01 1.140461321280432184e-06
5.390923473668377852e+01 1.121677392532475336e-06
5.416006359979510876e+01 1.105096619541350119e-06
5.441130437191114311e+01 1.086478702437222236e-06
5.466262745830391623e+01 1.072455946284420291e-06
5.491405993929731011e+01 1.054264575172594124e-06
5.516541491717607215e+01 1.037596885023079798e-06
5.541638268596229011e+01 1.024279394928681083e-06
5.566794564877197615e+01 1.013034322399603325e-06
5.591937805757883950e+01 9.946665553040851417e-07
5.617071533636728020e+01 9.804496260880289459e-07
5.642219117939477258e+01 9.667430788380399801e-07
5.667351334189861944e+01 9.538485249464631017e-07
5.692472708748548627e+01 9.355142329967703097e-07
5.717591204656960002e+01 9.222683343936848773e-07
5.742747687291149106e+01 9.061375395159233272e-07
5.767908487077198032e+01 8.985449458240984077e-07
5.793014671413330063e+01 8.883204040979776106e-07
5.818129395888691135e+01 8.719899822201924111e-07
5.843277276607519610e+01 8.617282841253232328e-07
5.868441457608106049e+01 8.494268050186061448e-07
5.893571635795849062e+01 8.350876951837149862e-07
5.918679860974395979e+01 8.261164577806628343e-07
5.943824578411374659e+01 8.146715665512867265e-07
5.968934443052460637e+01 8.038602588952449865e-07
5.994009881519919958e+01 7.912713053530165846e-07
6.019143008204730450e+01 7.829622955161139879e-07
6.044303967578304793e+01 7.707640088018933785e-07
6.069446539940648933e+01 7.628943740994128247e-07
6.094594283876522667e+01 7.490753809695173040e-07
6.119752142863568878e+01 7.424942656653685599e-07
6.144920707655568037e+01 7.332566284298160031e-07
6.170042875117553649e+01 7.242597942012517944e-07
6.195135852331920745e+01 7.142479140826495939e-07
6.220292279118605450e+01 7.064417066211222848e-07
6.245429299708936099e+01 6.966311320893464003e-07
6.270516484212564734e+01 6.877166093680434399e-07
6.295654789617530156e+01 6.809245369637390281e-07
6.320814180923495940e+01 6.729862423230476917e-07
6.345941573738152641e+01 6.628750008336697169e-07
6.371040057052023542e+01 6.568425849667475024e-07
6.396185745578683424e+01 6.493205781858465188e-07
6.421368546549915379e+01 6.415869682490604853e-07
6.446479073454199238e+01 6.332509759940435346e-07
6.471588673409551973e+01 6.228494203194326507e-07
6.496730834160189261e+01 6.137696680185973855e-07
6.521856319783852030e+01 6.040079847237540907e-07
6.546992987326736113e+01 5.940353362011237511e-07
6.572120553073852989e+01 5.840353674432717266e-07
6.597232322532917692e+01 5.751001897880907356e-07
6.622368994537650622e+01 5.672628785728089650e-07
6.647513103932683975e+01 5.570287217281024523e-07
6.672672959741110787e+01 5.499651278876714166e-07
6.697798244417811020e+01 5.402159434198583003e-07
6.722885542524284119e+01 5.300943281852570977e-07
6.748048616955249202e+01 5.238697717333108414e-07
6.773229923195737001e+01 5.148124398223965130e-07
6.798322572139460362e+01 5.059423185153526135e-07
6.823447173775937813e+01 4.987566081410857564e-07
6.848606896751729778e+01 4.915823717651088570e-07
6.873741544680683546e+01 4.830019946417100474e-07
6.898873787744179253e+01 4.736711946187137563e-07
6.923979673744193519e+01 4.672155864901401677e-07
6.949145441276264989e+01 4.596984649023810516e-07
6.974265210301840057e+01 4.533636160589730467e-07
6.999344031108012132e+01 4.461363047015470808e-07
7.024493114765583357e+01 4.385753552051700001e-07
7.049642464225027538e+01 4.304513851491432729e-07
7.074774315836204153e+01 4.236091254894291052e-07
7.099906993548422918e+01 4.186571866316707187e-07
7.125054486425644029e+01 4.116397516514847990e-07
7.150182990423201090e+01 4.058442461411244605e-07
7.175309169194970593e+01 3.987989818650185342e-07
7.200430886966613286e+01 3.929426286640616288e-07
7.225563655627148307e+01 3.856233690239773587e-07
7.250698057097335436e+01 3.797725864562384970e-07
7.275814540940223196e+01 3.744122200216138276e-07
7.300954011634642882e+01 3.677251644823003004e-07
7.326094744803241099e+01 3.623876207932073388e-07
7.351241635922633577e+01 3.568829350604058992e-07
7.376385704484314942e+01 3.504867360661022152e-07
7.401507686011912313e+01 3.463050754458717481e-07
7.426642983754513239e+01 3.397804359250606485e-07
7.451774392350500875e+01 3.356878996163273367e-07
7.476888196695857403e+01 3.300856415066999562e-07
7.502031254291918572e+01 3.251289451828956800e-07
7.527179980263341008e+01 3.199671904911610509e-07
7.552311252549999665e+01 3.146134784143472888e-07
7.577409780062980360e+01 3.109639108795009068e-07
7.602551875404107307e+01 3.052213289354883093e-07
7.627713348914349467e+01 3.003488505025829992e-07
7.652808863434110265e+01 2.954313612385789059e-07
7.677928937816385258e+01 2.901963240609606410e-07
7.703080422988723797e+01 2.868557453349083961e-07
7.728259641407451852e+01 2.811715548320444824e-07
7.753362846048165125e+01 2.781278131059403404e-07
7.778433144503740948e+01 2.741249276315400904e-07
7.803587445609785789e+01 2.694005686893759350e-07
7.828752478929132508e+01 2.648517394292221945e-07
7.853900368295268208e+01 2.615916797152725297e-07
7.879021312407734001e+01 2.580362319958045297e-07
7.904165509986182769e+01 2.536690940838312909e-07
7.929330413459700821e+01 2.502795445889732710e-07
7.954446877222407863e+01 2.447076551322661956e-07
7.979551714753698377e+01 2.429522555173641930e-07
8.004692165377868207e+01 2.394038704462933972e-07
8.029810489950233432e+01 2.353320609999703163e-07
8.054908874480256031e+01 2.319621195247724376e-07
8.080044321541014085e+01 2.286345617194438231e-07
8.105216211323228492e+01 2.250001758729565123e-07
8.130349433109076074e+01 2.223793037841069983e-07
8.155444015076058406e+01 2.194236299464139705e-07
8.180579598042007206e+01 2.159975631049644048e-07
8.205747345046690100e+01 2.129602014462122553e-07
8.230895288137371324e+01 2.110919452703333255e-07
8.256017853616197044e+01 2.065850020666483381e-07
8.281171136842024794e+01 2.036619665275049052e-07
8.306338874103768433e+01 2.003795960305085802e-07
8.331416972271263433e+01 1.980089573244316837e-07
8.356490365514949303e+01 1.950419583830554173e-07
8.381669207113579034e+01 1.927870444520530850e-07
8.406812178552961257e+01 1.900552864663790096e-07
8.431890933464019611e+01 1.875952860941597676e-07
8.457023187027826339e+01 1.854998533466909124e-07
8.482151559398789686e+01 1.823962131790766279e-07
8.507283003168710422e+01 1.803115584885333644e-07
8.532426808165841692e+01 1.775948219476176951e-07
8.557600476924378086e+01 1.753801166334078466e-07
8.582757594343893004e+01 1.724578986904627934e-07
8.607831587296919906e+01 1.707335508283803099e-07
8.632961333877408094e+01 1.691176706310988778e-07
8.658121923681562748e+01 1.655580722570446439e-07
8.683268673150530503e+01 1.637240574143005823e-07
8.708396519721972595e+01 1.609807312830993561e-07
8.733506961066505880e+01 1.588897938052138244e-07
8.758618105842411694e+01 1.559359231316555348e-07
8.783752567351578477e+01 1.546125779019784231e-07
8.808868914679788986e+01 1.530257203337768269e-07
8.833994003395393690e+01 1.497999834708221744e-07
8.859174898584991809e+01 1.482159523096171640e-07
8.884303273375222432e+01 1.455226993953905516e-07
8.909352487970716084e+01 1.431221944903710818e-07
8.934511690540148265e+01 1.407411612854036003e-07
8.959715158813172309e+01 1.382480968644753796e-07
8.984803368908821142e+01 1.365976974622061620e-07
9.009924288814356430e+01 1.345757187976891054e-07
9.035039732041329330e+01 1.315332214764696895e-07
9.060151066709157419e+01 1.297912126995448461e-07
9.085215645777752513e+01 1.265122422282573460e-07
9.110358912880106175e+01 1.240196541270280591e-07
9.135593221689693166e+01 1.207875770127970368e-07
9.160680049007517312e+01 1.193238029572394379e-07
9.185814296072571494e+01 1.173263498563409890e-07
9.211014914083067140e+01 1.154452083310649840e-07
9.236133039430572467e+01 1.137806869446739728e-07
9.261226961967061300e+01 1.105195347422804786e-07
9.286339612223196127e+01 1.094521429968753440e-07
9.311503395193372512e+01 1.075201837832685863e-07
9.336621751977830286e+01 1.057185428793062672e-07
9.361677474844866254e+01 1.039502147853544662e-07
9.386828402731896404e+01 1.023903330690932411e-07
9.412013166396859276e+01 1.006003697328005779e-07
9.437159577797395116e+01 9.888233276616946289e-08
9.462215507964623384e+01 9.786583967041795782e-08
9.487303142853234306e+01 9.608023903269468180e-08
9.512563612801736213e+01 9.457211947023209061e-08
9.537712370347337298e+01 9.274139926883667815e-08
9.562770329733204733e+01 9.158466383660491715e-08
9.587952553542562839e+01 9.063863646641698342e-08
9.613214193709879396e+01 8.836976905336858041e-08
9.638292294616348954e+01 8.705494529780098841e-08
9.663323205539920480e+01 8.569420705463092127e-08
9.688575427051634392e+01 8.455540251392671326e-08
9.713720230214802598e+01 8.357861977858448394e-08
9.738711075112470894e+01 8.237667100281275297e-08
9.763880850310884796e+01 8.091723233509769905e-08
9.789195925073893534e+01 7.953490949978385416e-08
9.814276473823834124e+01 7.830042662905214485e-08
9.839200152577470249e+01 7.700503344796391667e-08
9.864436939619000100e+01 7.583719993526664881e-08
9.889657229158518703e+01 7.482726615520300932e-08
9.914654206758739008e+01 7.445643269339455825e-08
9.939737265117041431e+01 7.318935448637925687e-08
9.964971324453516388e+01 7.196221191156988689e-08
9.990221505033474614e+01 7.217579467070571920e-08
1.001521516083068519e+02 7.105035737157579351e-08
1.004020181344354228e+02 6.988455617826872214e-08
1.006555261342845853e+02 6.887835181291688789e-08
1.009078779715744503e+02 6.795086143133222810e-08
1.011564847190979037e+02 6.739651028605155012e-08
1.014077980390921851e+02 6.683005459799027313e-08
1.016621206036857075e+02 6.510664725209121134e-08
1.019133439536030323e+02 6.477984361152112856e-08
1.021611090492770160e+02 6.336471669944062008e-08
1.024134287982906386e+02 6.378111702874806802e-08
1.026689526987222933e+02 6.281421747300449487e-08
1.029179005362147450e+02 6.310065699095077998e-08
1.031645010122565509e+02 6.160604409757891353e-08
1.034190198448752227e+02 6.091063861100437665e-08
1.036740078018821123e+02 6.144435847369128334e-08
1.039223728592707516e+02 6.011730278361799121e-08
1.041718863957155321e+02 5.954842061432722811e-08
1.044269799004653407e+02 5.794273184150160544e-08
1.046773133673284093e+02 5.870609759485788241e-08
1.049203418007823814e+02 5.778146969008966709e-08
1.051759012379430231e+02 5.828958177681964989e-08
1.054364230283171651e+02 5.702187103237487102e-08
1.056811914497119176e+02 5.698091095718564823e-08
1.059215804876414495e+02 5.474295843917270877e-08
1.061816384917722758e+02 5.578164312066911256e-08
1.064472113030423515e+02 5.551288111929942303e-08
1.066878058983536732e+02 5.665422129625297607e-08
1.069236360402103827e+02 5.489013311897065769e-08
1.071892705778195563e+02 5.429303263366571722e-08
1.074586772409291342e+02 5.428332125066812148e-08
1.076879342587935611e+02 5.423272993863354155e-08
1.079185870885384446e+02 5.357926505512029977e-08
1.081956775747713095e+02 5.311707183332877265e-08
1.084728105259587352e+02 5.200632860282446923e-08
1.086839161354765366e+02 5.373430785418813750e-08
1.089114578639759117e+02 5.266101767694350994e-08
1.091979138747751392e+02 5.331641469458548477e-08
1.094826115122194068e+02 4.988859348262954334e-08
1.096995281563482934e+02 5.358467996106432762e-08
1.099149327348783771e+02 5.379167522049214093e-08
1.102017255337961075e+02 4.590287303629839262e-08
1.104879737748566555e+02 5.251548492280662164e-08
1.107157115274964241e+02 4.421139340944395510e-08
1.109132792987308136e+02 5.564112547755635366e-08
1.111862324688471801e+02 2.720452514313878606e-08
1.114398329385503388e+02 4.296778328029088344e-08
