3.559856489878782115e-01 6.254453037301483942e-01
6.031648866026231293e-01 2.369155310670814918e-01
8.579160745827347778e-01 1.528566163027458291e-01
1.113464310595710716e+00 8.259548882904535483e-02
1.374039914321364408e+00 5.733661215879767847e-02
1.619154704570298309e+00 3.967368911329721692e-02
1.870686673430271840e+00 2.962668021335640445e-02
2.123290040706380832e+00 2.220303309745168610e-02
2.378144976376236119e+00 1.627446911879637526e-02
2.630489925835516996e+00 1.143670341377695139e-02
2.878653162679494670e+00 9.798562016296009924e-03
3.131144366275339319e+00 6.821876302600739760e-03
3.388159578333816313e+00 5.508424423912583467e-03
3.638741848210948149e+00 4.238486966396458160e-03
3.888315910732085268e+00 3.391050525410607870e-03
4.139052155837465996e+00 2.642585632139714084e-03
4.390305777018236988e+00 2.167212728488237140e-03
4.642172339120373081e+00 1.767489528297873022e-03
4.894678666149941293e+00 1.456209701600513122e-03
5.147269052361176378e+00 1.181468418346776246e-03
5.398003206656323272e+00 1.028240659235351781e-03
5.647798235368590269e+00 9.064954403750931627e-04
5.900534302989873581e+00 7.490481311013495996e-04
6.151460297009074374e+00 6.546773593818214958e-04
6.402630176204441526e+00 5.632567621801697153e-04
6.655964674748322096e+00 5.044547296746583606e-04
6.908782583105771202e+00 4.330462984331080061e-04
7.159060853508338873e+00 3.972586872803970329e-04
7.409414762591408632e+00 3.617259608161034609e-04
7.659227149364629561e+00 3.242176593487623997e-04
7.911559474606142395e+00 2.894919445665874460e-04
8.163750941790897997e+00 2.661853458522241383e-04
8.415757210439384295e+00 2.386895574470897815e-04
8.667638839289207198e+00 2.192284082124562649e-04
8.918801124864609520e+00 1.964822483061963714e-04
9.170480108345369530e+00 1.804894341208638088e-04
9.420566033467249412e+00 1.636781133083873858e-04
9.671642335271435797e+00 1.518103303796128800e-04
9.923426157758477473e+00 1.424403664338071238e-04
1.017396902749181820e+01 1.311591073760360639e-04
1.042533700753922155e+01 1.201572225849930210e-04
1.067702948358784276e+01 1.139494025840386048e-04
1.092969337256462303e+01 1.061014622864978253e-04
1.118211872033766419e+01 9.815256497014497226e-05
1.143346516925797296e+01 9.205483901202512174e-05
1.168350508557724687e+01 8.676984711766831183e-05
1.193379937775929100e+01 8.180905829718756843e-05
1.218553055762879112e+01 7.711668539521098940e-05
1.243711650801278878e+01 7.190130302540904744e-05
1.268867268647359303e+01 6.888171820883137622e-05
1.294075027177769144e+01 6.375580546506147189e-05
1.319267287020158363e+01 6.094167006714183271e-05
1.344470571782862756e+01 5.809268781595436457e-05
1.369480150283709641e+01 5.505424567376448585e-05
1.394591277066507828e+01 5.251949334520504374e-05
1.419764645764527167e+01 4.962964721946001455e-05
1.444766774168416212e+01 4.769672763508556537e-05
1.469906835825429070e+01 4.563682491075252758e-05
1.495059118111036511e+01 4.309633925603116773e-05
1.520261612590052991e+01 4.160905801522937411e-05
1.545415944503929495e+01 3.954137590033908760e-05
1.570456072545780124e+01 3.841219308270416022e-05
1.595705800128773966e+01 3.670223831677292049e-05
1.620829297830731619e+01 3.513965417861891218e-05
1.645966591028190962e+01 3.406638776187024295e-05
1.671125708846596325e+01 3.297464861032471022e-05
1.696160259490052624e+01 3.150044179554142777e-05
1.721370276108077135e+01 3.048755442850305497e-05
1.746543424102250341e+01 2.927062706698502001e-05
1.771598473288305442e+01 2.840800918223315621e-05
1.796653767411944003e+01 2.763364478103300012e-05
1.821765658501893270e+01 2.678737865027555233e-05
1.847053788120423334e+01 2.634871718106570371e-05
1.872257696809484173e+01 2.533107481190838590e-05
1.897394097105746269e+01 2.458409065487616072e-05
1.922542454726159988e+01 2.383117554141263284e-05
1.947607703355479103e+01 2.331402653921759823e-05
1.972678839839982601e+01 2.273329790448944837e-05
1.997802698857814363e+01 2.184855430116175497e-05
2.022863620534168660e+01 2.152722276614601674e-05
2.047969598507238231e+01 2.089110058169060382e-05
2.073250439107362553e+01 2.045116646562720309e-05
2.098435855211640089e+01 1.994880263343182760e-05
2.123502923393334640e+01 1.929973951114044730e-05
2.148629411178690773e+01 1.908343057308901041e-05
2.173831825513516591e+01 1.849613083062552203e-05
2.198972260956887226e+01 1.815404496006378475e-05
2.223974971000711420e+01 1.764586712252534493e-05
2.249141870643862973e+01 1.736699159914294489e-05
2.274404614890906373e+01 1.678415937709973779e-05
2.299521835768831579e+01 1.670580844101062838e-05
2.324620084136223852e+01 1.618424802656450291e-05
2.349757798664387209e+01 1.600541307383541461e-05
2.374870488118759937e+01 1.567250178567982557e-05
2.399988781917473091e+01 1.524602296208180844e-05
2.425071646049711305e+01 1.500754528543284881e-05
2.450187830577813841e+01 1.478085037507453328e-05
2.475391093216606109e+01 1.446354064494259281e-05
2.500524226975159792e+01 1.427566620809452103e-05
2.525610980153284402e+01 1.396977547299282810e-05
2.550801425092822328e+01 1.369725394843286724e-05
2.575943113325822864e+01 1.350992096026157631e-05
2.601074166866445125e+01 1.329713953630210402e-05
2.626234447079615464e+01 1.302641196612086473e-05
2.651347712943701751e+01 1.273015262843805770e-05
2.676474177984877656e+01 1.261160669918656444e-05
2.701628079430242479e+01 1.230358538467600403e-05
2.726734205837282232e+01 1.211816478714447897e-05
2.751837013544679422e+01 1.194635010255442555e-05
2.776937726815812724e+01 1.179949412133492998e-05
2.802070160973895341e+01 1.168686030207094839e-05
2.827249982643487058e+01 1.138193189814432310e-05
2.852407603869968966e+01 1.123012407892049416e-05
2.877567300468570721e+01 1.102428246801472227e-05
2.902733523039245256e+01 1.086938336342189140e-05
2.927861073083739996e+01 1.071835923784136629e-05
2.953003196193969160e+01 1.045492159539397634e-05
2.978106336846375157e+01 1.036486883579029634e-05
3.003148440777084716e+01 1.021700676966466343e-05
3.028303386126418673e+01 1.007575203413701649e-05
3.053456493440382857e+01 9.860321326417719300e-06
3.078585183944906944e+01 9.721000421942924190e-06
3.103757946070165730e+01 9.623216994840742096e-06
3.128931656795834826e+01 9.509646818510132980e-06
3.154125974608096428e+01 9.349248739606919517e-06
3.179158626791808828e+01 9.207074520231755218e-06
3.204196438636942190e+01 9.101485229125003969e-06
3.229345624690945016e+01 8.976711058486578127e-06
3.254491795349546379e+01 8.788829833461503084e-06
3.279661199584414533e+01 8.684394763036387666e-06
3.304781054557115993e+01 8.596070971809110012e-06
3.329958828032162188e+01 8.396146024447778087e-06
3.355183723684311303e+01 8.276793875307812635e-06
3.380253855881218072e+01 8.195249248814776065e-06
3.405313147025059095e+01 8.111666405582637315e-06
3.430479305560803738e+01 7.973431886445561792e-06
3.455623390824965924e+01 7.871113336089204430e-06
3.480735498195039668e+01 7.801621305600421499e-06
3.505856438430107858e+01 7.613522758841770124e-06
3.531001549359893943e+01 7.531125850767370505e-06
3.556133107357548084e+01 7.414850754504235136e-06
3.581233698845250757e+01 7.335917541959905521e-06
3.606382608666838507e+01 7.212236259119055228e-06
3.631533331237931606e+01 7.095815041859838953e-06
3.656697642527945646e+01 7.010252393060489192e-06
3.681852327087045751e+01 6.919988783732422077e-06
3.706973766105884494e+01 6.824369596422369246e-06
3.732129678941971207e+01 6.689302154018702947e-06
3.757306314229551703e+01 6.664759555343892887e-06
3.782389924159279104e+01 6.511079821505958799e-06
3.807464007418068519e+01 6.453165849976650585e-06
3.832565302212735503e+01 6.384070804499776513e-06
3.857740378043642693e+01 6.271444633668084762e-06
3.882942253427300017e+01 6.161091258042664652e-06
3.908032307380011616e+01 6.131446713304824086e-06
3.933129330145365543e+01 6.008769872213860517e-06
3.958227876786669697e+01 5.950205193068921273e-06
3.983382520768443413e+01 5.861820899391463941e-06
4.008544842975349098e+01 5.780868061613400160e-06
4.033619301340542052e+01 5.701145486169617048e-06
4.058776599344974301e+01 5.605544336697523849e-06
4.083970221749189022e+01 5.548420519155265056e-06
4.109095921749577940e+01 5.459073022562477876e-06
4.134236727584069371e+01 5.398624029402243342e-06
4.159390229570379915e+01 5.308233822889018181e-06
4.184507899773220174e+01 5.257295272063739489e-06
4.209613747244114279e+01 5.178547991148941186e-06
4.234722818606434913e+01 5.110978227194043143e-06
4.259857332263157303e+01 5.034552127050116107e-06
4.285027109763341713e+01 4.994329999023037454e-06
4.310176195204312677e+01 4.915635153447188434e-06
4.335299280752174411e+01 4.822794768285252202e-06
4.360432095771267313e+01 4.763935151972127393e-06
4.385558663826572712e+01 4.714013948757817804e-06
4.410724528235365938e+01 4.639596570110466291e-06
4.435852190379520010e+01 4.554256043103347825e-06
4.460901713855037087e+01 4.506301966308838473e-06
4.486008510459071630e+01 4.444144758484608180e-06
4.511170295299168487e+01 4.379932563480409823e-06
4.536358210673532199e+01 4.326945045808126874e-06
4.561456198601624124e+01 4.266013869595455395e-06
4.586556721283918137e+01 4.182867600402092048e-06
4.611769651966599781e+01 4.120601459798756606e-06
4.636915627004315610e+01 4.076959968998303439e-06
4.662034887549072693e+01 4.029377729189974152e-06
4.687172305024841279e+01 3.976479712121340067e-06
4.712349745478636009e+01 3.922852102043655502e-06
4.737470617006108142e+01 3.858948495198780701e-06
4.762538569197067062e+01 3.806698705735376404e-06
4.787648835337603259e+01 3.744106238136322163e-06
4.812806309416585293e+01 3.713709717694720865e-06
4.837947377766823820e+01 3.651238975301261149e-06
4.863055608299239907e+01 3.593697712406773767e-06
4.888199020684587026e+01 3.532741625515752624e-06
4.913362466485948232e+01 3.483940622206301631e-06
4.938531946307731602e+01 3.442367030104481838e-06
4.963608988707425596e+01 3.405773972684797013e-06
4.988699356578750610e+01 3.351659361088942160e-06
5.013861839733769443e+01 3.306990111484896372e-06
5.038999807568713862e+01 3.249674703646334230e-06
5.064128572509015669e+01 3.199890949971997991e-06
5.089265153888026560e+01 3.144737939018884834e-06
5.114416620234485578e+01 3.117366788485494103e-06
5.139546355734375993e+01 3.066227123120533418e-06
5.164701680266333028e+01 3.015799044938699189e-06
5.189862905495089507e+01 2.983124469921531618e-06
5.214967308047777550e+01 2.948322413991493667e-06
5.240069291691047226e+01 2.898261771073310892e-06
5.265205790651547346e+01 2.850764084771322638e-06
5.290347041453212995e+01 2.805232177729513044e-06
5.315461969811498477e+01 2.771276809768968792e-06
5.340579219818222612e+01 2.733023640673094010e-06
5.365762065089100474e+01 2.693990850027179181e-06
5.390923473668377852e+01 2.649048435231357740e-06
5.416006359979510876e+01 2.620062144354775957e-06
5.441130437191114311e+01 2.580911627233381366e-06
5.466262745830391623e+01 2.549332988478016808e-06
5.491405993929731011e+01 2.504560006566820575e-06
5.516541491717607215e+01 2.472959714427266770e-06
5.541638268596229011e+01 2.432074812344011504e-06
5.566794564877197615e+01 2.396960865520510963e-06
5.591937805757883950e+01 2.364903254463752821e-06
5.617071533636728020e+01 2.333025033151622294e-06
5.642219117939477258e+01 2.292270663503158794e-06
5.667351334189861944e+01 2.270185093351289460e-06
5.692472708748548627e+01 2.240656496120229705e-06
5.717591204656960002e+01 2.200974118939884808e-06
5.742747687291149106e+01 2.171870620186754305e-06
5.767908487077198032e+01 2.144486364344756438e-06
5.793014671413330063e+01 2.112779199906426001e-06
5.818129395888691135e+01 2.079803160962393332e-06
5.843277276607519610e+01 2.054235258840495501e-06
5.868441457608106049e+01 2.026159180719896183e-06
5.893571635795849062e+01 2.005944062508476517e-06
5.918679860974395979e+01 1.977213140151048966e-06
5.943824578411374659e+01 1.945419520020923532e-06
5.968934443052460637e+01 1.920793115038236768e-06
5.994009881519919958e+01 1.888814430680128559e-06
6.019143008204730450e+01 1.864383942667191417e-06
6.044303967578304793e+01 1.840177267132095837e-06
6.069446539940648933e+01 1.816069462159506934e-06
6.094594283876522667e+01 1.793774753755930409e-06
6.119752142863568878e+01 1.767517583677360768e-06
6.144920707655568037e+01 1.745766880445363789e-06
6.170042875117553649e+01 1.727253967181955755e-06
6.195135852331920745e+01 1.704294186463805398e-06
6.220292279118605450e+01 1.681924044849976513e-06
6.245429299708936099e+01 1.664764177490122801e-06
6.270516484212564734e+01 1.644321575888503355e-06
6.295654789617530156e+01 1.618731048026389980e-06
6.320814180923495940e+01 1.600059713391534852e-06
6.345941573738152641e+01 1.581558952628687327e-06
6.371040057052023542e+01 1.557378389016563695e-06
6.396185745578683424e+01 1.546111335101754112e-06
6.421368546549915379e+01 1.523491244556356762e-06
6.446479073454199238e+01 1.502357400516810859e-06
6.471588673409551973e+01 1.479103731483566489e-06
6.496730834160189261e+01 1.455334849917919397e-06
6.521856319783852030e+01 1.432192892562947703e-06
6.546992987326736113e+01 1.407243030606058929e-06
6.572120553073852989e+01 1.384806171129751793e-06
6.597232322532917692e+01 1.362007795924079329e-06
6.622368994537650622e+01 1.340375315052858497e-06
6.647513103932683975e+01 1.318007555489193614e-06
6.672672959741110787e+01 1.296256123319968132e-06
6.697798244417811020e+01 1.272793661771406772e-06
6.722885542524284119e+01 1.252516113894113768e-06
6.748048616955249202e+01 1.233662909555622235e-06
6.773229923195737001e+01 1.211555040027357402e-06
6.798322572139460362e+01 1.189096663386991823e-06
6.823447173775937813e+01 1.168019257972295519e-06
6.848606896751729778e+01 1.152144641369376238e-06
6.873741544680683546e+01 1.130062643322243627e-06
6.898873787744179253e+01 1.110960265693582975e-06
6.923979673744193519e+01 1.094072551605331346e-06
6.949145441276264989e+01 1.070553148450653978e-06
6.974265210301840057e+01 1.057440681617497295e-06
6.999344031108012132e+01 1.037364974316338652e-06
7.024493114765583357e+01 1.016145326447181716e-06
7.049642464225027538e+01 1.002083021368594471e-06
7.074774315836204153e+01 9.855859492566328732e-07
7.099906993548422918e+01 9.665061652631786445e-07
7.125054486425644029e+01 9.511327578447020346e-07
7.150182990423201090e+01 9.338076337320298134e-07
7.175309169194970593e+01 9.157527958172045285e-07
7.200430886966613286e+01 9.009134023380407289e-07
7.225563655627148307e+01 8.862083432651624635e-07
7.250698057097335436e+01 8.696299532966804107e-07
7.275814540940223196e+01 8.526631691690645148e-07
7.300954011634642882e+01 8.371542572228658951e-07
7.326094744803241099e+01 8.247949554394352308e-07
7.351241635922633577e+01 8.094609025420533214e-07
7.376385704484314942e+01 7.937167542438140072e-07
7.401507686011912313e+01 7.817680582924635771e-07
7.426642983754513239e+01 7.665296914442172306e-07
7.451774392350500875e+01 7.506470437519095942e-07
7.476888196695857403e+01 7.385512577701966955e-07
7.502031254291918572e+01 7.259828082181684911e-07
7.527179980263341008e+01 7.140975189096866689e-07
7.552311252549999665e+01 7.006028246883137832e-07
7.577409780062980360e+01 6.880942749115499730e-07
7.602551875404107307e+01 6.762281593902345968e-07
7.627713348914349467e+01 6.635640547656125761e-07
7.652808863434110265e+01 6.515052345259928073e-07
7.677928937816385258e+01 6.386300240239696323e-07
7.703080422988723797e+01 6.283803821085588944e-07
7.728259641407451852e+01 6.152241295309851770e-07
7.753362846048165125e+01 6.050794576119847502e-07
7.778433144503740948e+01 5.949509842818589877e-07
7.803587445609785789e+01 5.837334340577502458e-07
7.828752478929132508e+01 5.735185674897616561e-07
7.853900368295268208e+01 5.611485891979472412e-07
7.879021312407734001e+01 5.523428660183466824e-07
7.904165509986182769e+01 5.423927265904060687e-07
7.929330413459700821e+01 5.332650535549414817e-07
7.954446877222407863e+01 5.219912457643824839e-07
7.979551714753698377e+01 5.137907410783282451e-07
8.004692165377868207e+01 5.062604064378331026e-07
8.029810489950233432e+01 4.974336611671002449e-07
8.054908874480256031e+01 4.866215664384733967e-07
8.080044321541014085e+01 4.778875497997661291e-07
8.105216211323228492e+01 4.701406991072314538e-07
8.130349433109076074e+01 4.613036116372798536e-07
8.155444015076058406e+01 4.577330695022616580e-07
8.180579598042007206e+01 4.452175173543188631e-07
8.205747345046690100e+01 4.383448069613792813e-07
8.230895288137371324e+01 4.299002582360150247e-07
8.256017853616197044e+01 4.227841204816309221e-07
8.281171136842024794e+01 4.162916753148893871e-07
8.306338874103768433e+01 4.103683588644199535e-07
8.331416972271263433e+01 4.018839652167742396e-07
8.356490365514949303e+01 3.941984947358707379e-07
8.381669207113579034e+01 3.875084319292696621e-07
8.406812178552961257e+01 3.823629004192677848e-07
8.431890933464019611e+01 3.736896169206705934e-07
8.457023187027826339e+01 3.689974271080307599e-07
8.482151559398789686e+01 3.604015504646969745e-07
8.507283003168710422e+01 3.552389601404890262e-07
8.532426808165841692e+01 3.492473341502884713e-07
8.557600476924378086e+01 3.428431052292141617e-07
8.582757594343893004e+01 3.373742029429009358e-07
8.607831587296919906e+01 3.331838453122102508e-07
8.632961333877408094e+01 3.264473556972981708e-07
8.658121923681562748e+01 3.193035878890693882e-07
8.683268673150530503e+01 3.169079656260266194e-07
8.708396519721972595e+01 3.089646586186792085e-07
8.733506961066505880e+01 3.037737876269589637e-07
8.758618105842411694e+01 2.996392718817861839e-07
8.783752567351578477e+01 2.941010708905228845e-07
8.808868914679788986e+01 2.903263789272754190e-07
8.833994003395393690e+01 2.842891957922973123e-07
8.859174898584991809e+01 2.795783766814143996e-07
8.884303273375222432e+01 2.741623406315926907e-07
8.909352487970716084e+01 2.685407862110548689e-07
8.934511690540148265e+01 2.629272103524347689e-07
8.959715158813172309e+01 2.578271630371115364e-07
8.984803368908821142e+01 2.536852357215974431e-07
9.009924288814356430e+01 2.471566706579734348e-07
9.035039732041329330e+01 2.418848438395772421e-07
9.060151066709157419e+01 2.364238845771822820e-07
9.085215645777752513e+01 2.321626980133154659e-07
9.110358912880106175e+01 2.257371702949075301e-07
9.135593221689693166e+01 2.202551853486009014e-07
9.160680049007517312e+01 2.153018814892320389e-07
9.185814296072571494e+01 2.118408983246011023e-07
9.211014914083067140e+01 2.071737988470639248e-07
9.236133039430572467e+01 2.023057840892035766e-07
9.261226961967061300e+01 1.979718333518718831e-07
9.286339612223196127e+01 1.935082205825112732e-07
9.311503395193372512e+01 1.884058112407348922e-07
9.336621751977830286e+01 1.860495164257841856e-07
9.361677474844866254e+01 1.808540762461283163e-07
9.386828402731896404e+01 1.776791930658356335e-07
9.412013166396859276e+01 1.735517428755377318e-07
9.437159577797395116e+01 1.701698666557750631e-07
9.462215507964623384e+01 1.686161432048868625e-07
9.487303142853234306e+01 1.646539331387668485e-07
9.512563612801736213e+01 1.605597596509870416e-07
9.537712370347337298e+01 1.586390535250145017e-07
9.562770329733204733e+01 1.535504267609577821e-07
9.587952553542562839e+01 1.514005397222748034e-07
9.613214193709879396e+01 1.493326503944529787e-07
9.638292294616348954e+01 1.443569144154260178e-07
9.663323205539920480e+01 1.422034713739153434e-07
9.688575427051634392e+01 1.396601008182181172e-07
9.713720230214802598e+01 1.368192037718495594e-07
9.738711075112470894e+01 1.347229699827587818e-07
9.763880850310884796e+01 1.302564260387420515e-07
9.789195925073893534e+01 1.281953360633797882e-07
9.814276473823834124e+01 1.255068126974682036e-07
9.839200152577470249e+01 1.252909663448257786e-07
9.864436939619000100e+01 1.226328073929880282e-07
9.889657229158518703e+01 1.186239791046343313e-07
9.914654206758739008e+01 1.171876592665731905e-07
9.939737265117041431e+01 1.160821176291343512e-07
9.964971324453516388e+01 1.145100728095229741e-07
9.990221505033474614e+01 1.131261115200858750e-07
1.001521516083068519e+02 1.099488113781859868e-07
1.004020181344354228e+02 1.075351359981482603e-07
1.006555261342845853e+02 1.057100092536784312e-07
1.009078779715744503e+02 1.042601027020025578e-07
1.011564847190979037e+02 1.042771597737115873e-07
1.014077980390921851e+02 1.000436389454606931e-07
1.016621206036857075e+02 9.893714555378494392e-08
1.019133439536030323e+02 9.700719278809198561e-08
1.021611090492770160e+02 9.552362171551953199e-08
1.024134287982906386e+02 9.373508446456408621e-08
1.026689526987222933e+02 9.416543510809130327e-08
1.029179005362147450e+02 9.171509235155370644e-08
1.031645010122565509e+02 9.190070581377716198e-08
1.034190198448752227e+02 8.930471427637721514e-08
1.036740078018821123e+02 8.777517891361553444e-08
1.039223728592707516e+02 8.743555571493993591e-08
1.041718863957155321e+02 8.633354941623143692e-08
1.044269799004653407e+02 8.460664073868053456e-08
1.046773133673284093e+02 8.297822006369836749e-08
1.049203418007823814e+02 8.324075553921107141e-08
1.051759012379430231e+02 8.219747322811162400e-08
1.054364230283171651e+02 8.259824034401354423e-08
1.056811914497119176e+02 8.150110150303164403e-08
1.059215804876414495e+02 8.046852602963940855e-08
1.061816384917722758e+02 7.838576194012474460e-08
1.064472113030423515e+02 8.017502214541210680e-08
1.066878058983536732e+02 7.923447154993350187e-08
1.069236360402103827e+02 7.904236661859823794e-08
1.071892705778195563e+02 7.523665633829195934e-08
1.074586772409291342e+02 7.433992533175146046e-08
1.076879342587935611e+02 7.696291586948542997e-08
1.079185870885384446e+02 7.368759359719181509e-08
1.081956775747713095e+02 7.642165801071209267e-08
1.084728105259587352e+02 7.482208576043336798e-08
1.086839161354765366e+02 7.206593340739023692e-08
1.089114578639759117e+02 7.200176815754797331e-08
1.091979138747751392e+02 7.954263958761555499e-08
1.094826115122194068e+02 7.074359707215902328e-08
1.096995281563482934e+02 6.567291953274685721e-08
1.099149327348783771e+02 7.751322762554385388e-08
1.102017255337961075e+02 6.699400613194718550e-08
1.104879737748566555e+02 7.034445365008922397e-08
1.107157115274964241e+02 5.525798460362845351e-08
1.109132792987308136e+02 6.952862470332198834e-08
1.111862324688471801e+02 5.037301337882987869e-08
1.114398329385503388e+02 4.446215081338958064e-09
