3.559859402833057684e-01 7.128113061701989439e-01
6.031653801595237008e-01 2.638148271187729654e-01
8.579167765970728832e-01 1.711001303254757744e-01
1.113465221719693865e+00 9.127698934883357595e-02
1.374041038668779802e+00 6.230982002882980847e-02
1.619156029489893678e+00 4.314657309284296999e-02
1.870688204173086788e+00 3.203651127727504683e-02
2.123291778149117626e+00 2.395430449219278224e-02
2.378146922361305204e+00 1.751930339519028670e-02
2.630492078309050186e+00 1.229246154635763554e-02
2.878655518219686460e+00 1.053698345881368126e-02
3.131146928423671483e+00 7.360159301628758227e-03
3.388162350792188526e+00 6.004051145203326625e-03
3.638744825715421793e+00 4.646383325152023819e-03
3.888319092457665604e+00 3.726961086702714875e-03
4.139055542735142978e+00 2.928814490691681368e-03
4.390309369511366633e+00 2.384132313557486144e-03
4.642176137710513295e+00 1.963110798501504183e-03
4.894682671360597759e+00 1.617631961521365366e-03
5.147273264261132297e+00 1.317163820234696671e-03
5.398007623726664761e+00 1.156602245197390234e-03
5.647802856840850261e+00 1.017606850837502776e-03
5.900539131270641668e+00 8.421803173914373412e-04
6.151465330617205574e+00 7.390939750544216636e-04
6.402635415339502423e+00 6.333064767056834294e-04
6.655970121181574051e+00 5.689429770222554326e-04
6.908788236414499018e+00 4.906018081492788483e-04
7.159066711614411105e+00 4.496788283835377229e-04
7.409420825556720658e+00 4.074429406543772459e-04
7.659233416746063838e+00 3.670947091449438767e-04
7.911565948465710818e+00 3.264150877453433647e-04
8.163757622013338988e+00 2.997556522978391349e-04
8.415764096873154188e+00 2.697475472777599798e-04
8.667645931832316464e+00 2.466241344001031096e-04
8.918808422928433899e+00 2.201172231554656572e-04
9.170487612352712148e+00 2.026432572127609551e-04
9.420573742114546789e+00 1.830814398493951377e-04
9.671650249369090346e+00 1.702359773737095793e-04
9.923434277885437638e+00 1.599087363140163785e-04
1.017397735263263847e+01 1.470302261012488144e-04
1.042534553836907207e+01 1.349331421523926983e-04
1.067703822037225336e+01 1.265722841614862323e-04
1.092970231609847964e+01 1.179528334370886285e-04
1.118212787042577361e+01 1.088268798558810423e-04
1.143347452501749473e+01 1.017952585447859598e-04
1.168351464593907352e+01 9.541270665148584890e-05
1.193380914293157247e+01 9.001846468252663349e-05
1.218554052878730154e+01 8.474651865892641317e-05
1.243712668503869168e+01 7.895392082570694577e-05
1.268868306934252566e+01 7.384617368668745276e-05
1.294076086091631161e+01 6.914190035666798579e-05
1.319268366548306481e+01 6.604549015299460352e-05
1.344471671934318735e+01 6.262821576085946646e-05
1.369481270899967740e+01 5.898694327003187448e-05
1.394592418230662823e+01 5.552284085209958578e-05
1.419765807527510226e+01 5.271611049690393233e-05
1.444767956390105113e+01 5.010737940121107046e-05
1.469908038618691748e+01 4.774795219459537700e-05
1.495060341485872790e+01 4.525229714363983248e-05
1.520262856587550360e+01 4.327376652116202447e-05
1.545417209084677523e+01 4.104969727481710837e-05
1.570457357616328231e+01 3.928018642614592018e-05
1.595707105860633135e+01 3.738222299859256893e-05
1.620830624120610608e+01 3.571304657234225050e-05
1.645967937887377985e+01 3.437242433185445977e-05
1.671127076292950875e+01 3.337270144842730864e-05
1.696161647421643082e+01 3.166864599900323483e-05
1.721371684668483937e+01 3.048399234968698432e-05
1.746544853261304908e+01 2.899076557954283724e-05
1.771599922949369699e+01 2.842877998999090294e-05
1.796655237575218322e+01 2.703746732515432841e-05
1.821767149213689763e+01 2.624254320416099758e-05
1.847055299524954819e+01 2.550100077518792637e-05
1.872259228837833689e+01 2.419045365334034059e-05
1.897395649702673737e+01 2.351566277187340168e-05
1.922544027901449581e+01 2.269172127241881885e-05
1.947609297041124066e+01 2.212843320121532617e-05
1.972680454040801479e+01 2.154560393502769078e-05
1.997804333616948469e+01 2.064215139919318016e-05
2.022865275800117857e+01 2.022767868976664654e-05
2.047971274316871160e+01 1.966061829708612552e-05
2.073252135603765822e+01 1.912380885227115145e-05
2.098437572316729316e+01 1.857285562435510379e-05
2.123504661010268890e+01 1.790924193995647995e-05
2.148631169356091419e+01 1.786577557474413604e-05
2.173833604313512780e+01 1.696273711851583755e-05
2.198974060328762903e+01 1.661191600102735922e-05
2.223976790831769179e+01 1.619629081127275992e-05
2.249143711068455431e+01 1.583458479770163868e-05
2.274406475987460752e+01 1.537124109940675836e-05
2.299523717418269797e+01 1.516784755608249931e-05
2.324621986323020550e+01 1.462360203897552026e-05
2.349759721420837266e+01 1.426739181106962105e-05
2.374872431424385155e+01 1.409023528976030504e-05
2.399990745776860024e+01 1.370080226323785154e-05
2.425073630433868033e+01 1.342158998036010254e-05
2.450189835514006731e+01 1.329652819111801114e-05
2.475393118776088386e+01 1.297496788843171983e-05
2.500526273100546959e+01 1.261166408785479235e-05
2.525613046806623885e+01 1.244757420116273701e-05
2.550803512358962877e+01 1.212899953415936887e-05
2.575945221164868215e+01 1.191035640279680597e-05
2.601076295269692906e+01 1.179849395740668316e-05
2.626236596070981477e+01 1.150055610892149230e-05
2.651349882484715081e+01 1.118865951453469845e-05
2.676476368086338908e+01 1.110986600216067648e-05
2.701630290114602317e+01 1.083745721156983453e-05
2.726736437065446950e+01 1.068608376698582082e-05
2.751839265313934035e+01 1.052660474703644158e-05
2.776939999124443048e+01 1.035047277868244722e-05
2.802072453847857858e+01 1.013859326439825534e-05
2.827252296121557862e+01 1.001454150714667679e-05
2.852409937933981965e+01 9.797594047381006553e-06
2.877569655120224468e+01 9.641813986818118919e-06
2.902735898283879834e+01 9.519032172745780392e-06
2.927863468889710319e+01 9.335357363703344858e-06
2.953005612573199912e+01 9.163216677781802974e-06
2.978108773766967943e+01 9.016204549251138122e-06
3.003150898189094420e+01 8.900680218651094104e-06
3.028305864122181035e+01 8.743218004910272508e-06
3.053458992018394014e+01 8.602621294329089211e-06
3.078587703085186789e+01 8.530110153053038405e-06
3.103760485808777148e+01 8.374577459317547476e-06
3.128934217133554441e+01 8.268413412782275006e-06
3.154128555561786484e+01 8.148457324622506307e-06
3.179161228229181546e+01 8.025895448200174321e-06
3.204199060562219614e+01 7.941558126616213347e-06
3.229348267195262423e+01 7.813132255001290459e-06
3.254494458430436765e+01 7.702815378834292572e-06
3.279663883260889179e+01 7.628994450750149444e-06
3.304783758788629200e+01 7.470027144534928250e-06
3.329961552866107866e+01 7.365122741658742838e-06
3.355186469159249185e+01 7.260054232902132602e-06
3.380256621870507416e+01 7.184612935735393810e-06
3.405315933519829485e+01 7.078511917816362731e-06
3.430482112648502380e+01 6.985434706399575479e-06
3.455626218487530821e+01 6.860559830614659818e-06
3.480738346406302952e+01 6.825505055984990408e-06
3.505859307197298591e+01 6.721745439924932588e-06
3.531004438702790083e+01 6.629982084619961059e-06
3.556136017265059479e+01 6.543982086483457575e-06
3.581236629292038742e+01 6.432368697033425486e-06
3.606385559692439813e+01 6.355598648024518156e-06
3.631536302843830555e+01 6.298534243425916693e-06
3.656700634725260812e+01 6.198670327005051790e-06
3.681855339867900767e+01 6.118875938396203623e-06
3.706976799443074810e+01 6.021837093142716871e-06
3.732132732863706082e+01 5.943355529040519162e-06
3.757309388752786816e+01 5.862434754301333294e-06
3.782393019207894724e+01 5.798994572070736658e-06
3.807467122984269281e+01 5.728833365033490741e-06
3.832568438318787685e+01 5.669708661807496075e-06
3.857743534749920400e+01 5.599985936953696817e-06
3.882945430755732019e+01 5.531173473094305573e-06
3.908035505239097063e+01 5.442393797830863963e-06
3.933132548540807250e+01 5.377656693086572394e-06
3.958231115719713955e+01 5.333592348739905981e-06
3.983385780284993416e+01 5.267731178824930257e-06
4.008548123081688885e+01 5.186364470339766180e-06
4.033622601964773224e+01 5.108788021617464747e-06
4.058779920554883347e+01 5.019783710508106457e-06
4.083973563574499366e+01 4.970207306529904132e-06
4.109099284134710217e+01 4.951121577478305678e-06
4.134240110541384183e+01 4.847958202284096331e-06
4.159393633110266819e+01 4.806445027720461041e-06
4.184511323866357912e+01 4.745654430878196365e-06
4.209617191880828813e+01 4.683642402256971805e-06
4.234726283789364487e+01 4.614960784816536279e-06
4.259860818013120820e+01 4.560054177552849807e-06
4.285030616109195023e+01 4.520115827846414675e-06
4.310179722129122837e+01 4.439329372895929863e-06
4.335302828234667061e+01 4.387912271201078946e-06
4.360435663819404084e+01 4.344678282301330998e-06
4.385562252435241959e+01 4.264489090130994089e-06
4.410728137436722562e+01 4.222062194884192772e-06
4.435855820142304395e+01 4.167574077946432695e-06
4.460905364115309624e+01 4.125632792563062070e-06
4.486012181263697585e+01 4.057683081390720266e-06
4.511173986693143689e+01 4.018854957205960878e-06
4.536361922678239011e+01 3.970898622538462914e-06
4.561459931143475899e+01 3.901867086039880114e-06
4.586560474364990370e+01 3.854496865120753085e-06
4.611773425678872940e+01 3.813061961715872376e-06
4.636919421293000454e+01 3.771785660391194656e-06
4.662038702392310796e+01 3.703682055330381414e-06
4.687176140437489380e+01 3.673228010534981356e-06
4.712353601493443733e+01 3.614043175953770597e-06
4.737474493576786472e+01 3.570009621847767515e-06
4.762542466280314102e+01 3.541802138959258504e-06
4.787652752968043046e+01 3.483900047889441842e-06
4.812810247632846483e+01 3.453373103005319995e-06
4.837951336555482129e+01 3.403967018951300522e-06
4.863059587633426162e+01 3.349897755091279138e-06
4.888203020593088155e+01 3.313969431600769681e-06
4.913366486985157877e+01 3.279076739751447907e-06
4.938535987402587324e+01 3.237018758759057305e-06
4.963613050322287990e+01 3.195470479343432370e-06
4.988703438724522954e+01 3.151955530798155652e-06
5.013865942469462311e+01 3.115803633886502391e-06
5.039003930874267212e+01 3.064438552362950572e-06
5.064132716376899168e+01 3.026919843338039694e-06
5.089269318324635094e+01 2.992846120107820064e-06
5.114420805252000690e+01 2.952275041848554722e-06
5.139550561315014932e+01 2.914744874302278277e-06
5.164705906431034776e+01 2.877496689204663209e-06
5.189867152248682203e+01 2.842103088512039937e-06
5.214971575343765409e+01 2.814545142342780648e-06
5.240073579527450676e+01 2.768893905834781560e-06
5.265210099056609039e+01 2.733327781136170316e-06
5.290351370430821021e+01 2.693650800814002871e-06
5.315466319340114865e+01 2.664628648484100106e-06
5.340583589899745931e+01 2.624564962961731364e-06
5.365766455777206545e+01 2.591294758017218816e-06
5.390927884945525506e+01 2.558577506219699049e-06
5.416010791781446443e+01 2.528245226126941590e-06
5.441134889551543807e+01 2.495739944913616660e-06
5.466267218756050283e+01 2.462575761797528948e-06
5.491410487429570964e+01 2.422600680346736569e-06
5.516546005785286866e+01 2.399727272254496038e-06
5.541642803200063128e+01 2.376780572360139869e-06
5.566799120065890349e+01 2.337904303340016107e-06
5.591942381520751582e+01 2.311536182288073343e-06
5.617076129965986553e+01 2.283110427887107374e-06
5.642223734846464822e+01 2.244937183122955920e-06
5.667355971662004066e+01 2.226397405859610316e-06
5.692477366776972758e+01 2.197118215996305358e-06
5.717595883239311405e+01 2.166592771162755971e-06
5.742752386458510472e+01 2.139575544226132843e-06
5.767913206833102890e+01 2.114394370882366231e-06
5.793019411713087408e+01 2.093255775233784182e-06
5.818134156739289153e+01 2.057279954217984036e-06
5.843282058036089666e+01 2.032641588538456633e-06
5.868446259627985739e+01 2.015220225129711434e-06
5.893576458379215666e+01 1.988045071542050243e-06
5.918684704103284844e+01 1.958483249145740150e-06
5.943829442115647055e+01 1.940798164940460918e-06
5.968939327303596798e+01 1.923241413580931034e-06
5.994014786289750418e+01 1.894079713286267062e-06
6.019147933540460116e+01 1.868783139191016875e-06
6.044308913502707981e+01 1.843965873376412149e-06
6.069451506438680610e+01 1.826034082174950563e-06
6.094599270952413406e+01 1.803420476051979147e-06
6.119757150525597211e+01 1.784980978008717333e-06
6.144925735912493536e+01 1.765816809983640076e-06
6.170047923931409883e+01 1.749843689225791394e-06
6.195140921678822821e+01 1.724161118118500684e-06
6.220297369050472724e+01 1.703634816717365507e-06
6.245434410209887943e+01 1.685141848765445616e-06
6.270521615241822388e+01 1.661519704126841493e-06
6.295659941216924693e+01 1.644740385933742403e-06
6.320819353110281469e+01 1.629411022533723486e-06
6.345946766486144242e+01 1.609268667471780138e-06
6.371045270337566535e+01 1.594260007111292727e-06
6.396190979440404334e+01 1.574410907710033185e-06
6.421373801018184224e+01 1.561490447263218845e-06
6.446484348469873282e+01 1.540842381033785001e-06
6.471593968971873778e+01 1.517145814125050874e-06
6.496736150295801338e+01 1.493957280660931390e-06
6.521861656479110536e+01 1.470637113499909318e-06
6.546998344590789998e+01 1.447948234192270118e-06
6.572125930899257185e+01 1.424527444340769723e-06
6.597237720906743164e+01 1.406830079141033713e-06
6.622374413480277155e+01 1.380171047853019183e-06
6.647518543450195239e+01 1.363125126105497536e-06
6.672678419846394604e+01 1.335889916422724967e-06
6.697803725082576420e+01 1.320563735772472618e-06
6.722891043717447701e+01 1.298181781295787502e-06
6.748054138738817187e+01 1.275010591898752838e-06
6.773235465584627946e+01 1.258506722165738015e-06
6.798328135061129274e+01 1.234971611032729215e-06
6.823452757256529821e+01 1.217881487620544905e-06
6.848612500819983495e+01 1.200419119998345621e-06
6.873747169316079919e+01 1.176672084907071969e-06
6.898879432944752921e+01 1.157338340567870025e-06
6.923985339488375246e+01 1.138113114288872419e-06
6.949151127613053802e+01 1.123223776416086679e-06
6.974270917193598507e+01 1.104714004629065075e-06
6.999349758521232445e+01 1.086370622574480230e-06
7.024498862757759809e+01 1.068931537003063077e-06
7.049648232796377556e+01 1.049615967173523255e-06
7.074780104972408878e+01 1.031712300294344105e-06
7.099912803250158788e+01 1.020734888843682884e-06
7.125060316705035746e+01 1.000437892790730674e-06
7.150188841264709083e+01 9.843705319385673376e-07
7.175315040596692029e+01 9.654761081248647833e-07
7.200436778924898817e+01 9.512246499828555737e-07
7.225569568151040301e+01 9.364536603472278026e-07
7.250703990188168291e+01 9.218909577184233117e-07
7.275820494583336995e+01 9.094198548489568235e-07
7.300959985848845690e+01 8.915708002902275006e-07
7.326100739589567468e+01 8.749650594183071969e-07
7.351247651286122675e+01 8.611852460250964852e-07
7.376391740422656085e+01 8.473312052881843601e-07
7.401513742507033555e+01 8.320938215645181031e-07
7.426649060817308623e+01 8.177708873061131391e-07
7.451780489977790012e+01 8.046143474456498109e-07
7.476894314873234748e+01 7.905847533711322096e-07
7.502037393043320890e+01 7.801308389143982260e-07
7.527186139593406722e+01 7.652226992068140683e-07
7.552317432444445444e+01 7.509459862973039409e-07
7.577415980495014480e+01 7.393649251179953915e-07
7.602558096409380539e+01 7.264544486371496031e-07
7.627719590508716863e+01 7.124062939235258566e-07
7.652815125563598997e+01 7.024727538969391728e-07
7.677935220501092317e+01 6.892349354570212785e-07
7.703086726254352357e+01 6.770931436377176091e-07
7.728265965276695226e+01 6.661746929804412344e-07
7.753369190458822402e+01 6.548379734731655862e-07
7.778439509428886822e+01 6.439410688216352904e-07
7.803593831118156743e+01 6.321775737119782265e-07
7.828758885029510850e+01 6.218515924881383950e-07
7.853906794973626404e+01 6.111672444248229634e-07
7.879027759642021067e+01 6.023370998599168916e-07
7.904171977795428461e+01 5.929635261395781285e-07
7.929336901860847320e+01 5.824269963456773388e-07
7.954453386175819674e+01 5.723021539188516905e-07
7.979558244249859911e+01 5.631775964943020699e-07
8.004698715445921664e+01 5.529427492626617336e-07
8.029817060572074183e+01 5.442014680059310776e-07
8.054915465639565753e+01 5.322175402496706446e-07
8.080050933268121582e+01 5.256444861625320778e-07
8.105222843647955244e+01 5.163602124627080802e-07
8.130356085999778770e+01 5.089627867162427163e-07
8.155450688501119316e+01 4.972361063358484383e-07
8.180586292034976736e+01 4.897752122767165894e-07
8.205754059633888176e+01 4.822769925989928966e-07
8.230902023302591886e+01 4.764369371216088409e-07
8.256024609338675191e+01 4.675241262989451167e-07
8.281177913146895264e+01 4.570756898811099227e-07
8.306345671002858921e+01 4.524407880294411115e-07
8.331423789691224613e+01 4.450806406676599610e-07
8.356497203451930034e+01 4.360425966510410369e-07
8.381676065653866203e+01 4.302994461099169084e-07
8.406819057667202344e+01 4.228432215691091330e-07
8.431897833099668560e+01 4.142024054318310340e-07
8.457030107228659688e+01 4.083661049058044330e-07
8.482158500161632730e+01 4.020368168797386459e-07
8.507289964496075640e+01 3.967435020591802753e-07
8.532433790067844370e+01 3.883037044021773768e-07
8.557607479425452368e+01 3.840825271138166546e-07
8.582764617430497367e+01 3.772822539004317780e-07
8.607838630901035515e+01 3.715998012232354654e-07
8.632968398044657476e+01 3.666450205234576842e-07
8.658129008437184382e+01 3.595757678951656392e-07
8.683275778483198337e+01 3.543645750304924753e-07
8.708403645616218114e+01 3.478732309239418661e-07
8.733514107508086965e+01 3.422145060033635998e-07
8.758625272831905306e+01 3.389281197562682690e-07
8.783759754908062689e+01 3.292799223680637969e-07
8.808876122788443297e+01 3.254440196824388832e-07
8.834001232063369002e+01 3.177143847856484947e-07
8.859182147857953282e+01 3.151729082014648242e-07
8.884310543210195021e+01 3.081995123838300124e-07
8.909359778302923871e+01 3.031376821937590073e-07
8.934519001459591436e+01 2.967707032001622885e-07
8.959722490356074331e+01 2.906778195778409359e-07
8.984810720980867416e+01 2.856304137850969055e-07
9.009931661442313100e+01 2.800020599319393418e-07
9.035047125220715714e+01 2.742014513430545669e-07
9.060158480436609807e+01 2.677044136835972672e-07
9.085223080015013863e+01 2.627859596675666685e-07
9.110366367691563028e+01 2.548982610843540303e-07
9.135600697149844507e+01 2.499958474521346579e-07
9.160687544995681719e+01 2.444369739435828067e-07
9.185821812627553129e+01 2.380144072334736970e-07
9.211022451259172783e+01 2.323553545427949175e-07
9.236140597160301979e+01 2.287909463882463556e-07
9.261234540230610435e+01 2.248317207791401343e-07
9.286347211035888449e+01 2.199614089374878780e-07
9.311511014597049041e+01 2.139463209633105580e-07
9.336629391935319688e+01 2.095876757266749349e-07
9.361685135304917083e+01 2.057759820305911144e-07
9.386836083772412564e+01 2.016357999248780331e-07
9.412020868045527777e+01 1.979834531909989769e-07
9.437167300022832706e+01 1.943071878952697638e-07
9.462223250692791510e+01 1.899282877548142871e-07
9.487310906110076303e+01 1.864077676684487682e-07
9.512571396728679929e+01 1.822631915426194442e-07
9.537720174852969990e+01 1.793954716698102957e-07
9.562778154743229209e+01 1.747215728781014577e-07
9.587960399158660607e+01 1.708696384539051880e-07
9.613222059997036695e+01 1.683261908366627980e-07
9.638300181424378366e+01 1.662807434596117761e-07
9.663331112830208269e+01 1.631455375480939620e-07
9.688583355005273745e+01 1.583807881961223717e-07
9.713728178743895114e+01 1.576797035870554022e-07
9.738719044091035926e+01 1.537369701415702471e-07
9.763888839885338200e+01 1.510863911406794631e-07
9.789203935363129006e+01 1.474238813781090513e-07
9.814284504635945439e+01 1.446741005028196499e-07
9.839208203784095019e+01 1.436297661320738981e-07
9.864445011476347247e+01 1.410571997693538827e-07
9.889665321653087915e+01 1.369944489901640184e-07
9.914662319707798588e+01 1.353967699232786847e-07
9.939745398591030323e+01 1.321454146592839547e-07
9.964979478575995131e+01 1.290620850254503078e-07
9.990229679817635144e+01 1.275328499865604125e-07
1.001522335606661898e+02 1.258471459247909408e-07
1.004021002912551808e+02 1.253065293646223096e-07
1.006556084985445096e+02 1.218295068815132575e-07
1.009079605423284676e+02 1.193445744293563729e-07
1.011565674932815000e+02 1.184946727749977760e-07
1.014078810189200794e+02 1.169391570475598407e-07
1.016622037916203141e+02 1.144536044933404235e-07
1.019134273471083247e+02 1.113957123341781894e-07
1.021611926455231725e+02 1.114024486694156748e-07
1.024135126010046406e+02 1.094478745357625613e-07
1.026690367105260293e+02 1.062639033124450002e-07
1.029179847517271469e+02 1.049929472075559067e-07
1.031645854295568512e+02 1.056438653733999325e-07
1.034191044704428180e+02 1.051845102771393943e-07
1.036740926361008945e+02 1.012799309891600219e-07
1.039224578967213404e+02 1.007195714341030059e-07
1.041719716373377054e+02 1.001776186143312942e-07
1.044270653508250604e+02 9.814959456268014712e-08
1.046773990225306363e+02 9.685969410432802590e-08
1.049204276548495613e+02 9.382523072789949229e-08
1.051759873011290125e+02 9.215178175820144216e-08
1.054365093046825450e+02 9.172430580160154361e-08
1.056812779263660644e+02 9.484991294431141625e-08
1.059216671610007836e+02 9.190534440740936646e-08
1.061817253779315138e+02 9.246673175013304681e-08
1.064472984065141361e+02 8.907915930854044059e-08
1.066878931986988448e+02 9.286327008825027414e-08
1.069237235335303069e+02 8.973402915859150140e-08
1.071893582885025324e+02 8.666527481501182304e-08
1.074587651720618169e+02 8.874943992800953570e-08
1.076880223775223442e+02 8.681760287315573694e-08
1.079186753960054830e+02 8.819641818514802047e-08
1.081957661089755618e+02 8.425378259190400097e-08
1.084728992869349469e+02 8.369723178028427856e-08
1.086840050691959334e+02 8.701368518317259174e-08
1.089115469838878454e+02 8.978600131958642874e-08
1.091980032290878881e+02 8.730155023774849516e-08
1.094827010994941219e+02 8.511874156528228315e-08
1.096996179211212450e+02 8.619132243877508139e-08
1.099150226759122972e+02 8.578660458975601217e-08
1.102018157095064055e+02 7.838990302906493769e-08
1.104880641847977643e+02 7.867865305028719253e-08
1.107158021237904535e+02 7.586632410640195933e-08
1.109133700566903116e+02 9.868762366950636804e-08
1.111863234501584117e+02 6.498018539034355282e-08
1.114399241273774095e+02 5.231529580186510891e-07
