3.559856489878782115e-01 7.432057089644572567e-01
6.031648866026231293e-01 2.726974655832975492e-01
8.579160745827347778e-01 1.775093927362167145e-01
1.113464310595710716e+00 9.444955241628848197e-02
1.374039914321364408e+00 6.419065191801141823e-02
1.619154704570298309e+00 4.434305262779671131e-02
1.870686673430271840e+00 3.296729849443202215e-02
2.123290040706380832e+00 2.458011980973122401e-02
2.378144976376236119e+00 1.797294665399780042e-02
2.630489925835516996e+00 1.260734664956077514e-02
2.878653162679494670e+00 1.074080672943649763e-02
3.131144366275339319e+00 7.536350558142731505e-03
3.388159578333816313e+00 6.119476768220059176e-03
3.638741848210948149e+00 4.734998856239233840e-03
3.888315910732085268e+00 3.788873917104073133e-03
4.139052155837465996e+00 2.982368012040347016e-03
4.390305777018236988e+00 2.429354807450246744e-03
4.642172339120373081e+00 1.995790170897907695e-03
4.894678666149941293e+00 1.644397720242658616e-03
5.147269052361176378e+00 1.338786345766129716e-03
5.398003206656323272e+00 1.174890912368272778e-03
5.647798235368590269e+00 1.038111661482782160e-03
5.900534302989873581e+00 8.564788519713582978e-04
6.151460297009074374e+00 7.496163396994821263e-04
6.402630176204441526e+00 6.419170820800259225e-04
6.655964674748322096e+00 5.750369240496100648e-04
6.908782583105771202e+00 4.943522028494869765e-04
7.159060853508338873e+00 4.538822295585564787e-04
7.409414762591408632e+00 4.111477315605144224e-04
7.659227149364629561e+00 3.683988317241329038e-04
7.911559474606142395e+00 3.268552689451732882e-04
8.163750941790897997e+00 2.988100248051047412e-04
8.415757210439384295e+00 2.695809339740025791e-04
8.667638839289207198e+00 2.453763486622385155e-04
8.918801124864609520e+00 2.193067975237143362e-04
9.170480108345369530e+00 2.013930995829848580e-04
9.420566033467249412e+00 1.815362766412796994e-04
9.671642335271435797e+00 1.693061970517844845e-04
9.923426157758477473e+00 1.575492638571336711e-04
1.017396902749181820e+01 1.452646993052752371e-04
1.042533700753922155e+01 1.326832161460020604e-04
1.067702948358784276e+01 1.240869029272267520e-04
1.092969337256462303e+01 1.156474422576037476e-04
1.118211872033766419e+01 1.064416942101631972e-04
1.143346516925797296e+01 9.876353177663519409e-05
1.168350508557724687e+01 9.323011074281454982e-05
1.193379937775929100e+01 8.713504791479582728e-05
1.218553055762879112e+01 8.154487198202084062e-05
1.243711650801278878e+01 7.641728108129370830e-05
1.268867268647359303e+01 7.127157057339968723e-05
1.294075027177769144e+01 6.675535910689213838e-05
1.319267287020158363e+01 6.340503746215031869e-05
1.344470571782862756e+01 6.011568852414157365e-05
1.369480150283709641e+01 5.640876595649035158e-05
1.394591277066507828e+01 5.293342735797584002e-05
1.419764645764527167e+01 5.037816220493172820e-05
1.444766774168416212e+01 4.772531746590141457e-05
1.469906835825429070e+01 4.556772694816822570e-05
1.495059118111036511e+01 4.285955168601976114e-05
1.520261612590052991e+01 4.090286009182468856e-05
1.545415944503929495e+01 3.899779717934446078e-05
1.570456072545780124e+01 3.721219004022832742e-05
1.595705800128773966e+01 3.531709672739957582e-05
1.620829297830731619e+01 3.363284670139149354e-05
1.645966591028190962e+01 3.245424971545742330e-05
1.671125708846596325e+01 3.152076437979126376e-05
1.696160259490052624e+01 2.984409435258938173e-05
1.721370276108077135e+01 2.866096567624281736e-05
1.746543424102250341e+01 2.740269076322937808e-05
1.771598473288305442e+01 2.679454637865317861e-05
1.796653767411944003e+01 2.545471365062808484e-05
1.821765658501893270e+01 2.473770596156017618e-05
1.847053788120423334e+01 2.400386240607686999e-05
1.872257696809484173e+01 2.286734336378630351e-05
1.897394097105746269e+01 2.212674025072869689e-05
1.922542454726159988e+01 2.132505114797598789e-05
1.947607703355479103e+01 2.083137317193940223e-05
1.972678839839982601e+01 2.023262309633465931e-05
1.997802698857814363e+01 1.952535881495472828e-05
2.022863620534168660e+01 1.911823874412428527e-05
2.047969598507238231e+01 1.861336150013869154e-05
2.073250439107362553e+01 1.808509437010365775e-05
2.098435855211640089e+01 1.756859118669291427e-05
2.123502923393334640e+01 1.693600049737685061e-05
2.148629411178690773e+01 1.687323697829770219e-05
2.173831825513516591e+01 1.616573767487233313e-05
2.198972260956887226e+01 1.586662038212653686e-05
2.223974971000711420e+01 1.548608704738235403e-05
2.249141870643862973e+01 1.505762941111113126e-05
2.274404614890906373e+01 1.465910544401522523e-05
2.299521835768831579e+01 1.448784662700984873e-05
2.324620084136223852e+01 1.404463427053509208e-05
2.349757798664387209e+01 1.374864594020053945e-05
2.374870488118759937e+01 1.359555092790817886e-05
2.399988781917473091e+01 1.331021959193654789e-05
2.425071646049711305e+01 1.302177810692500866e-05
2.450187830577813841e+01 1.285741186977472989e-05
2.475391093216606109e+01 1.250116579246013990e-05
2.500524226975159792e+01 1.220528181822230524e-05
2.525610980153284402e+01 1.206429761881673743e-05
2.550801425092822328e+01 1.178856591528104152e-05
2.575943113325822864e+01 1.157800945209254589e-05
2.601074166866445125e+01 1.144998290921162632e-05
2.626234447079615464e+01 1.120779835855017230e-05
2.651347712943701751e+01 1.096342947640325769e-05
2.676474177984877656e+01 1.086416302387644988e-05
2.701628079430242479e+01 1.059293085205011676e-05
2.726734205837282232e+01 1.050449691109234807e-05
2.751837013544679422e+01 1.029654755975799353e-05
2.776937726815812724e+01 1.018303827661684168e-05
2.802070160973895341e+01 1.002794898008181699e-05
2.827249982643487058e+01 9.839279984724622492e-06
2.852407603869968966e+01 9.732072980450653070e-06
2.877567300468570721e+01 9.582444225034609511e-06
2.902733523039245256e+01 9.430939328116872051e-06
2.927861073083739996e+01 9.264267951722399532e-06
2.953003196193969160e+01 9.142033151395919684e-06
2.978106336846375157e+01 9.004227241799901644e-06
3.003148440777084716e+01 8.873801628986958595e-06
3.028303386126418673e+01 8.719945367631483466e-06
3.053456493440382857e+01 8.607464157901798354e-06
3.078585183944906944e+01 8.475107545859920680e-06
3.103757946070165730e+01 8.347774253819350667e-06
3.128931656795834826e+01 8.290147908398030289e-06
3.154125974608096428e+01 8.156497305368375084e-06
3.179158626791808828e+01 8.046351592170910392e-06
3.204196438636942190e+01 7.940562938620894490e-06
3.229345624690945016e+01 7.829340144523945445e-06
3.254491795349546379e+01 7.722199563717401912e-06
3.279661199584414533e+01 7.647933333892041499e-06
3.304781054557115993e+01 7.542581405761254550e-06
3.329958828032162188e+01 7.415739105952470628e-06
3.355183723684311303e+01 7.319160069080615560e-06
3.380253855881218072e+01 7.223722749303630198e-06
3.405313147025059095e+01 7.169644704887347792e-06
3.430479305560803738e+01 7.061101212342630533e-06
3.455623390824965924e+01 6.953772799483236881e-06
3.480735498195039668e+01 6.890253987722012550e-06
3.505856438430107858e+01 6.815172558716274110e-06
3.531001549359893943e+01 6.747601348280128841e-06
3.556133107357548084e+01 6.658840552910198973e-06
3.581233698845250757e+01 6.546793734618677179e-06
3.606382608666838507e+01 6.485553194185031425e-06
3.631533331237931606e+01 6.404275329704468416e-06
3.656697642527945646e+01 6.311149587840333771e-06
3.681852327087045751e+01 6.221728191873427721e-06
3.706973766105884494e+01 6.163325276574851327e-06
3.732129678941971207e+01 6.071284437347987375e-06
3.757306314229551703e+01 6.001021105584033899e-06
3.782389924159279104e+01 5.919917007712538755e-06
3.807464007418068519e+01 5.863390621604446330e-06
3.832565302212735503e+01 5.796303497227636897e-06
3.857740378043642693e+01 5.729948919910980629e-06
3.882942253427300017e+01 5.668141717363835822e-06
3.908032307380011616e+01 5.581259145337777852e-06
3.933129330145365543e+01 5.518689748201320110e-06
3.958227876786669697e+01 5.459968635906351584e-06
3.983382520768443413e+01 5.412833335564967996e-06
4.008544842975349098e+01 5.317119702217700159e-06
4.033619301340542052e+01 5.260171963432191883e-06
4.058776599344974301e+01 5.160683804439314168e-06
4.083970221749189022e+01 5.127204820439003545e-06
4.109095921749577940e+01 5.071656979682747499e-06
4.134236727584069371e+01 4.997898425675123101e-06
4.159390229570379915e+01 4.939194190990696900e-06
4.184507899773220174e+01 4.864631601753987803e-06
4.209613747244114279e+01 4.806378331601750533e-06
4.234722818606434913e+01 4.760877063551774135e-06
4.259857332263157303e+01 4.688388262587134293e-06
4.285027109763341713e+01 4.652625127538072939e-06
4.310176195204312677e+01 4.584789648566504379e-06
4.335299280752174411e+01 4.529984408261585815e-06
4.360432095771267313e+01 4.474640110092082143e-06
4.385558663826572712e+01 4.422158210274211259e-06
4.410724528235365938e+01 4.350215479201830386e-06
4.435852190379520010e+01 4.296760580358859731e-06
4.460901713855037087e+01 4.268360716994732501e-06
4.486008510459071630e+01 4.196095708343434209e-06
4.511170295299168487e+01 4.152204703598283555e-06
4.536358210673532199e+01 4.099790176003130690e-06
4.561456198601624124e+01 4.040226652251714044e-06
4.586556721283918137e+01 3.980952066425944976e-06
4.611769651966599781e+01 3.951689529198854778e-06
4.636915627004315610e+01 3.882060577553463289e-06
4.662034887549072693e+01 3.841573120082844583e-06
4.687172305024841279e+01 3.800416450412861461e-06
4.712349745478636009e+01 3.739934928048921700e-06
4.737470617006108142e+01 3.694607446074601018e-06
4.762538569197067062e+01 3.668716331844269261e-06
4.787648835337603259e+01 3.604499121158549802e-06
4.812806309416585293e+01 3.566860569891598425e-06
4.837947377766823820e+01 3.523050176032982922e-06
4.863055608299239907e+01 3.459990100876819702e-06
4.888199020684587026e+01 3.437960648642244869e-06
4.913362466485948232e+01 3.386307599277323476e-06
4.938531946307731602e+01 3.352897157228579329e-06
4.963608988707425596e+01 3.306045310935548335e-06
4.988699356578750610e+01 3.267244147904963206e-06
5.013861839733769443e+01 3.237480439734237177e-06
5.038999807568713862e+01 3.186986174315468286e-06
5.064128572509015669e+01 3.131518573412909011e-06
5.089265153888026560e+01 3.099921432949073723e-06
5.114416620234485578e+01 3.068301260547163627e-06
5.139546355734375993e+01 3.030054786537146474e-06
5.164701680266333028e+01 2.990007594934411998e-06
5.189862905495089507e+01 2.947675800378130807e-06
5.214967308047777550e+01 2.910095025953175861e-06
5.240069291691047226e+01 2.862070649692921473e-06
5.265205790651547346e+01 2.827801028983645994e-06
5.290347041453212995e+01 2.800648846427178062e-06
5.315461969811498477e+01 2.771431668527527406e-06
5.340579219818222612e+01 2.741523350312562069e-06
5.365762065089100474e+01 2.690134083703819108e-06
5.390923473668377852e+01 2.661938099754737814e-06
5.416006359979510876e+01 2.628138247396972811e-06
5.441130437191114311e+01 2.589682829303865689e-06
5.466262745830391623e+01 2.554845910915021712e-06
5.491405993929731011e+01 2.525913012192669514e-06
5.516541491717607215e+01 2.494653710141367707e-06
5.541638268596229011e+01 2.465397317874764431e-06
5.566794564877197615e+01 2.436518524010010820e-06
5.591937805757883950e+01 2.404238488261433393e-06
5.617071533636728020e+01 2.367604317974145370e-06
5.642219117939477258e+01 2.328461936819626999e-06
5.667351334189861944e+01 2.307989608131366939e-06
5.692472708748548627e+01 2.273075792171367634e-06
5.717591204656960002e+01 2.251191768710600859e-06
5.742747687291149106e+01 2.223971757839619870e-06
5.767908487077198032e+01 2.193664197744330515e-06
5.793014671413330063e+01 2.171942051202747163e-06
5.818129395888691135e+01 2.141133982690233121e-06
5.843277276607519610e+01 2.110893095931882383e-06
5.868441457608106049e+01 2.086611284273208698e-06
5.893571635795849062e+01 2.066324138570002052e-06
5.918679860974395979e+01 2.035614664050619409e-06
5.943824578411374659e+01 2.011685556627762649e-06
5.968934443052460637e+01 1.989979552293850922e-06
5.994009881519919958e+01 1.962999035822681685e-06
6.019143008204730450e+01 1.940015298877677190e-06
6.044303967578304793e+01 1.915473411002057785e-06
6.069446539940648933e+01 1.893213170083137827e-06
6.094594283876522667e+01 1.873484587801598558e-06
6.119752142863568878e+01 1.853162572230192286e-06
6.144920707655568037e+01 1.830911989828813365e-06
6.170042875117553649e+01 1.816105673594278741e-06
6.195135852331920745e+01 1.786732165844097215e-06
6.220292279118605450e+01 1.770701000338785301e-06
6.245429299708936099e+01 1.750675938286440271e-06
6.270516484212564734e+01 1.728144607982797027e-06
6.295654789617530156e+01 1.714846119321806223e-06
6.320814180923495940e+01 1.692087130844244275e-06
6.345941573738152641e+01 1.676706760807681633e-06
6.371040057052023542e+01 1.655777590067955243e-06
6.396185745578683424e+01 1.639258124307153258e-06
6.421368546549915379e+01 1.626741749528028228e-06
6.446479073454199238e+01 1.603141447182152373e-06
6.471588673409551973e+01 1.578961748359548532e-06
6.496730834160189261e+01 1.554598680175804428e-06
6.521856319783852030e+01 1.529644875730460441e-06
6.546992987326736113e+01 1.500816738867321333e-06
6.572120553073852989e+01 1.486385133702758286e-06
6.597232322532917692e+01 1.464493506998821535e-06
6.622368994537650622e+01 1.438756236041150295e-06
6.647513103932683975e+01 1.413106501938949620e-06
6.672672959741110787e+01 1.391069531645946499e-06
6.697798244417811020e+01 1.370202381593078793e-06
6.722885542524284119e+01 1.344169522131024944e-06
6.748048616955249202e+01 1.328455310605112032e-06
6.773229923195737001e+01 1.309709449807014882e-06
6.798322572139460362e+01 1.286547408277687798e-06
6.823447173775937813e+01 1.262143027743114359e-06
6.848606896751729778e+01 1.242650059854613656e-06
6.873741544680683546e+01 1.223964950608724217e-06
6.898873787744179253e+01 1.206219314931715447e-06
6.923979673744193519e+01 1.185327295954147802e-06
6.949145441276264989e+01 1.169043897417836740e-06
6.974265210301840057e+01 1.147231683236004397e-06
6.999344031108012132e+01 1.129543777850663573e-06
7.024493114765583357e+01 1.110537261665540423e-06
7.049642464225027538e+01 1.094350166542520707e-06
7.074774315836204153e+01 1.075239670276716141e-06
7.099906993548422918e+01 1.055823969855467210e-06
7.125054486425644029e+01 1.037260958695776626e-06
7.150182990423201090e+01 1.022685500960911752e-06
7.175309169194970593e+01 1.004512212800975230e-06
7.200430886966613286e+01 9.889818127833820882e-07
7.225563655627148307e+01 9.726283279523144451e-07
7.250698057097335436e+01 9.571004590431025270e-07
7.275814540940223196e+01 9.419318307856835012e-07
7.300954011634642882e+01 9.235819932073958508e-07
7.326094744803241099e+01 9.089122463109456348e-07
7.351241635922633577e+01 8.976398974614448950e-07
7.376385704484314942e+01 8.797572253974773870e-07
7.401507686011912313e+01 8.654012276506755802e-07
7.426642983754513239e+01 8.514952713362620408e-07
7.451774392350500875e+01 8.345313546081506348e-07
7.476888196695857403e+01 8.209313373520112351e-07
7.502031254291918572e+01 8.080239346012779134e-07
7.527179980263341008e+01 7.920968245680653185e-07
7.552311252549999665e+01 7.818213599945253669e-07
7.577409780062980360e+01 7.671098052095625410e-07
7.602551875404107307e+01 7.519741469279311394e-07
7.627713348914349467e+01 7.402995190602533517e-07
7.652808863434110265e+01 7.276622387797783833e-07
7.677928937816385258e+01 7.157236806968055273e-07
7.703080422988723797e+01 7.045517425032438322e-07
7.728259641407451852e+01 6.931373688368334063e-07
7.753362846048165125e+01 6.804726130868725002e-07
7.778433144503740948e+01 6.668054105436997014e-07
7.803587445609785789e+01 6.558398092556512959e-07
7.828752478929132508e+01 6.453735005441964392e-07
7.853900368295268208e+01 6.314872734018891876e-07
7.879021312407734001e+01 6.245072603993426680e-07
7.904165509986182769e+01 6.104316289595504451e-07
7.929330413459700821e+01 6.020555256215854392e-07
7.954446877222407863e+01 5.923612549676187689e-07
7.979551714753698377e+01 5.826952435356076776e-07
8.004692165377868207e+01 5.727313724538344509e-07
8.029810489950233432e+01 5.625978132551056008e-07
8.054908874480256031e+01 5.552260526277401951e-07
8.080044321541014085e+01 5.443160629129556703e-07
8.105216211323228492e+01 5.344626565910757726e-07
8.130349433109076074e+01 5.259507907402579079e-07
8.155444015076058406e+01 5.179450040418648529e-07
8.180579598042007206e+01 5.095831633703341072e-07
8.205747345046690100e+01 4.999953470774411912e-07
8.230895288137371324e+01 4.921025547507927125e-07
8.256017853616197044e+01 4.845158517269659057e-07
8.281171136842024794e+01 4.782385122627055498e-07
8.306338874103768433e+01 4.679517158489374798e-07
8.331416972271263433e+01 4.603134597939730809e-07
8.356490365514949303e+01 4.525897263777273715e-07
8.381669207113579034e+01 4.466059552384766648e-07
8.406812178552961257e+01 4.403147670362916934e-07
8.431890933464019611e+01 4.314411490984597349e-07
8.457023187027826339e+01 4.250200768456813353e-07
8.482151559398789686e+01 4.176448687005784124e-07
8.507283003168710422e+01 4.110763114972696550e-07
8.532426808165841692e+01 4.038742257139676739e-07
8.557600476924378086e+01 3.965078794872409630e-07
8.582757594343893004e+01 3.911418472829249627e-07
8.607831587296919906e+01 3.848382418779950410e-07
8.632961333877408094e+01 3.791971269217738221e-07
8.658121923681562748e+01 3.721020460590313809e-07
8.683268673150530503e+01 3.673077438667824105e-07
8.708396519721972595e+01 3.616052032083891993e-07
8.733506961066505880e+01 3.538888679100261198e-07
8.758618105842411694e+01 3.483775967761294750e-07
8.783752567351578477e+01 3.411706617907474947e-07
8.808868914679788986e+01 3.364751178634267153e-07
8.833994003395393690e+01 3.309364509497839836e-07
8.859174898584991809e+01 3.254496905401029154e-07
8.884303273375222432e+01 3.180569717255338542e-07
8.909352487970716084e+01 3.133184679754861821e-07
8.934511690540148265e+01 3.075012495468593452e-07
8.959715158813172309e+01 3.009308060729192607e-07
8.984803368908821142e+01 2.965592313804043161e-07
9.009924288814356430e+01 2.907273994498613669e-07
9.035039732041329330e+01 2.851522931136074888e-07
9.060151066709157419e+01 2.791237161581824573e-07
9.085215645777752513e+01 2.715695222102038278e-07
9.110358912880106175e+01 2.644299597215389839e-07
9.135593221689693166e+01 2.579768811683299043e-07
9.160680049007517312e+01 2.529980718149440499e-07
9.185814296072571494e+01 2.456770947311663116e-07
9.211014914083067140e+01 2.417406103213588295e-07
9.236133039430572467e+01 2.360301406379806183e-07
9.261226961967061300e+01 2.328348493821986183e-07
9.286339612223196127e+01 2.266022903599112340e-07
9.311503395193372512e+01 2.224583339499588947e-07
9.336621751977830286e+01 2.168390756319483403e-07
9.361677474844866254e+01 2.137175805305586147e-07
9.386828402731896404e+01 2.088082239825306516e-07
9.412013166396859276e+01 2.035240724789359729e-07
9.437159577797395116e+01 2.015776993034671824e-07
9.462215507964623384e+01 1.976705700729313621e-07
9.487303142853234306e+01 1.931414744367896861e-07
9.512563612801736213e+01 1.884725660420370377e-07
9.537712370347337298e+01 1.844395412428303485e-07
9.562770329733204733e+01 1.821549260905186542e-07
9.587952553542562839e+01 1.774034852019706681e-07
9.613214193709879396e+01 1.742044328030129839e-07
9.638292294616348954e+01 1.720697768252470080e-07
9.663323205539920480e+01 1.685838335766644500e-07
9.688575427051634392e+01 1.655719550845177324e-07
9.713720230214802598e+01 1.602369732964095073e-07
9.738711075112470894e+01 1.580753453817463923e-07
9.763880850310884796e+01 1.564966394222668245e-07
9.789195925073893534e+01 1.513385752191928001e-07
9.814276473823834124e+01 1.493684807878370823e-07
9.839200152577470249e+01 1.478189082631959723e-07
9.864436939619000100e+01 1.446269157157948251e-07
9.889657229158518703e+01 1.412756246242196730e-07
9.914654206758739008e+01 1.394292244553623872e-07
9.939737265117041431e+01 1.354143950633644711e-07
9.964971324453516388e+01 1.344922602666778954e-07
9.990221505033474614e+01 1.298314893819819418e-07
1.001521516083068519e+02 1.287745179856486532e-07
1.004020181344354228e+02 1.279031206421050674e-07
1.006555261342845853e+02 1.241895599123194847e-07
1.009078779715744503e+02 1.221352145889872817e-07
1.011564847190979037e+02 1.223926892137659560e-07
1.014077980390921851e+02 1.183180181522956241e-07
1.016621206036857075e+02 1.183769880616610319e-07
1.019133439536030323e+02 1.165405160053782248e-07
1.021611090492770160e+02 1.133115797316614588e-07
1.024134287982906386e+02 1.118650071911013019e-07
1.026689526987222933e+02 1.102936303221859116e-07
1.029179005362147450e+02 1.101848843541118973e-07
1.031645010122565509e+02 1.081791374216500757e-07
1.034190198448752227e+02 1.058840435198860003e-07
1.036740078018821123e+02 1.050836255672666661e-07
1.039223728592707516e+02 1.037761736095377942e-07
1.041718863957155321e+02 1.011591544580000871e-07
1.044269799004653407e+02 9.947700879131627197e-08
1.046773133673284093e+02 9.768938532381191018e-08
1.049203418007823814e+02 9.534968589187888066e-08
1.051759012379430231e+02 9.479365245906770697e-08
1.054364230283171651e+02 9.510240783136277906e-08
1.056811914497119176e+02 9.347537980002306201e-08
1.059215804876414495e+02 9.307867894082162901e-08
1.061816384917722758e+02 9.341137746167007304e-08
1.064472113030423515e+02 9.273253805527966532e-08
1.066878058983536732e+02 9.200156086059427322e-08
1.069236360402103827e+02 8.719089417093283924e-08
1.071892705778195563e+02 8.797692768232550549e-08
1.074586772409291342e+02 8.850231012358776512e-08
1.076879342587935611e+02 8.779962321973401913e-08
1.079185870885384446e+02 8.872968219639284638e-08
1.081956775747713095e+02 8.875521455585596003e-08
1.084728105259587352e+02 9.154463820573931391e-08
1.086839161354765366e+02 8.785354666354665316e-08
1.089114578639759117e+02 8.991922475605683553e-08
1.091979138747751392e+02 8.730272971727903454e-08
1.094826115122194068e+02 8.536941691811445855e-08
1.096995281563482934e+02 8.847093424333828269e-08
1.099149327348783771e+02 8.731422577867339722e-08
1.102017255337961075e+02 8.185658903390279254e-08
1.104879737748566555e+02 8.318987477277101311e-08
1.107157115274964241e+02 8.081242828291443075e-08
1.109132792987308136e+02 1.066983314623834836e-07
1.111862324688471801e+02 1.410359930153050061e-07
1.114398329385503388e+02 4.486252672495240192e-08
