3.559856489878782115e-01 7.772320875783665928e-01
6.031648866026231293e-01 2.855200164385472972e-01
8.579160745827347778e-01 1.816517098909117001e-01
1.113464310595710716e+00 9.605938916407512351e-02
1.374039914321364408e+00 6.541428664371684576e-02
1.619154704570298309e+00 4.470816553041793290e-02
1.870686673430271840e+00 3.307870872897081260e-02
2.123290040706380832e+00 2.464876896515978341e-02
2.378144976376236119e+00 1.788762058066173041e-02
2.630489925835516996e+00 1.254925102480563583e-02
2.878653162679494670e+00 1.063376366618919329e-02
3.131144366275339319e+00 7.388636215152260232e-03
3.388159578333816313e+00 6.004683024598107648e-03
3.638741848210948149e+00 4.596210230271915130e-03
3.888315910732085268e+00 3.679636392188278832e-03
4.139052155837465996e+00 2.879128917499435697e-03
4.390305777018236988e+00 2.356989529452278766e-03
4.642172339120373081e+00 1.931323521591856059e-03
4.894678666149941293e+00 1.586025652677741952e-03
5.147269052361176378e+00 1.299679698565980651e-03
5.398003206656323272e+00 1.126837270522761851e-03
5.647798235368590269e+00 9.987771638449635930e-04
5.900534302989873581e+00 8.293370248838146047e-04
6.151460297009074374e+00 7.250720163146582827e-04
6.402630176204441526e+00 6.236224642568700353e-04
6.655964674748322096e+00 5.599956074169132976e-04
6.908782583105771202e+00 4.805262103807243974e-04
7.159060853508338873e+00 4.404146759185804125e-04
7.409414762591408632e+00 4.016671748381159647e-04
7.659227149364629561e+00 3.621043251284476305e-04
7.911559474606142395e+00 3.231526559310945947e-04
8.163750941790897997e+00 2.944261082921371692e-04
8.415757210439384295e+00 2.653199438101907256e-04
8.667638839289207198e+00 2.430662665427105987e-04
8.918801124864609520e+00 2.178976881839233312e-04
9.170480108345369530e+00 1.999775279801470969e-04
9.420566033467249412e+00 1.809885997167735925e-04
9.671642335271435797e+00 1.685319486812302827e-04
9.923426157758477473e+00 1.583098599201206028e-04
1.017396902749181820e+01 1.444109535070995385e-04
1.042533700753922155e+01 1.327218717945436246e-04
1.067702948358784276e+01 1.248547290910348949e-04
1.092969337256462303e+01 1.163606539951496924e-04
1.118211872033766419e+01 1.075977925004631961e-04
1.143346516925797296e+01 1.000199922696325957e-04
1.168350508557724687e+01 9.420380123585109656e-05
1.193379937775929100e+01 8.777047723539857375e-05
1.218553055762879112e+01 8.229132862507206232e-05
1.243711650801278878e+01 7.690909606931175841e-05
1.268867268647359303e+01 7.267169205094801087e-05
1.294075027177769144e+01 6.798218518321767854e-05
1.319267287020158363e+01 6.429651730129917720e-05
1.344470571782862756e+01 6.093526589101815874e-05
1.369480150283709641e+01 5.743117905078937201e-05
1.394591277066507828e+01 5.390377728239015357e-05
1.419764645764527167e+01 5.098825407802581741e-05
1.444766774168416212e+01 4.798567964488079546e-05
1.469906835825429070e+01 4.592195945304677261e-05
1.495059118111036511e+01 4.337334444088102237e-05
1.520261612590052991e+01 4.125372191727061182e-05
1.545415944503929495e+01 3.948174740197155400e-05
1.570456072545780124e+01 3.799077654655068234e-05
1.595705800128773966e+01 3.571307770245136110e-05
1.620829297830731619e+01 3.428061646528255915e-05
1.645966591028190962e+01 3.260953718279085652e-05
1.671125708846596325e+01 3.135087002482923559e-05
1.696160259490052624e+01 2.985701931314877608e-05
1.721370276108077135e+01 2.858785898649763652e-05
1.746543424102250341e+01 2.693502094152860709e-05
1.771598473288305442e+01 2.605856363587376632e-05
1.796653767411944003e+01 2.509034024655235678e-05
1.821765658501893270e+01 2.400395236001093524e-05
1.847053788120423334e+01 2.318506259186976952e-05
1.872257696809484173e+01 2.216078751783510080e-05
1.897394097105746269e+01 2.136371072698341230e-05
1.922542454726159988e+01 2.057024278574843629e-05
1.947607703355479103e+01 1.971318978060190434e-05
1.972678839839982601e+01 1.908401757125360087e-05
1.997802698857814363e+01 1.822948216841819311e-05
2.022863620534168660e+01 1.761253868558927910e-05
2.047969598507238231e+01 1.707119277487381228e-05
2.073250439107362553e+01 1.633600084437942761e-05
2.098435855211640089e+01 1.596265084399135567e-05
2.123502923393334640e+01 1.526858455274374119e-05
2.148629411178690773e+01 1.483615634072776134e-05
2.173831825513516591e+01 1.426904540440700531e-05
2.198972260956887226e+01 1.371270815036106742e-05
2.223974971000711420e+01 1.334729625354791761e-05
2.249141870643862973e+01 1.296465858942700727e-05
2.274404614890906373e+01 1.261724624234077905e-05
2.299521835768831579e+01 1.219515012539015943e-05
2.324620084136223852e+01 1.177559365490633587e-05
2.349757798664387209e+01 1.149594356760877749e-05
2.374870488118759937e+01 1.119830883642483475e-05
2.399988781917473091e+01 1.081720490709642588e-05
2.425071646049711305e+01 1.049673266735166673e-05
2.450187830577813841e+01 1.019479185451210732e-05
2.475391093216606109e+01 9.940857235336036566e-06
2.500524226975159792e+01 9.656087448528728094e-06
2.525610980153284402e+01 9.484538050498167347e-06
2.550801425092822328e+01 9.206637224071506105e-06
2.575943113325822864e+01 8.954136929631964484e-06
2.601074166866445125e+01 8.746693829983886366e-06
2.626234447079615464e+01 8.444994472134745043e-06
2.651347712943701751e+01 8.205294802057733360e-06
2.676474177984877656e+01 8.057073248405516023e-06
2.701628079430242479e+01 7.841041520022246289e-06
2.726734205837282232e+01 7.686737235619515765e-06
2.751837013544679422e+01 7.518148644629963731e-06
2.776937726815812724e+01 7.288647462273531066e-06
2.802070160973895341e+01 7.158942334521786499e-06
2.827249982643487058e+01 6.996504513828423225e-06
2.852407603869968966e+01 6.796094120042539569e-06
2.877567300468570721e+01 6.696046608304131004e-06
2.902733523039245256e+01 6.550975405310452056e-06
2.927861073083739996e+01 6.372330109225008179e-06
2.953003196193969160e+01 6.217842034182294841e-06
2.978106336846375157e+01 6.093783406880196984e-06
3.003148440777084716e+01 5.972277844068165051e-06
3.028303386126418673e+01 5.800406727382353137e-06
3.053456493440382857e+01 5.669921319180266040e-06
3.078585183944906944e+01 5.566967030870961058e-06
3.103757946070165730e+01 5.420560129224270533e-06
3.128931656795834826e+01 5.337704507456181547e-06
3.154125974608096428e+01 5.210375940367947390e-06
3.179158626791808828e+01 5.104706188415277825e-06
3.204196438636942190e+01 4.992336345611803915e-06
3.229345624690945016e+01 4.888070749845278245e-06
3.254491795349546379e+01 4.823509669572848265e-06
3.279661199584414533e+01 4.696215370203560322e-06
3.304781054557115993e+01 4.623497195132916369e-06
3.329958828032162188e+01 4.516852064284310500e-06
3.355183723684311303e+01 4.456792949796026301e-06
3.380253855881218072e+01 4.366269072543561010e-06
3.405313147025059095e+01 4.285173306345341696e-06
3.430479305560803738e+01 4.197367881080743092e-06
3.455623390824965924e+01 4.136830819864591966e-06
3.480735498195039668e+01 4.033989348176069930e-06
3.505856438430107858e+01 3.946008054536982245e-06
3.531001549359893943e+01 3.897813048720641317e-06
3.556133107357548084e+01 3.826161246171089774e-06
3.581233698845250757e+01 3.746985327691005779e-06
3.606382608666838507e+01 3.677914802981866284e-06
3.631533331237931606e+01 3.621189242922221407e-06
3.656697642527945646e+01 3.550265956877617065e-06
3.681852327087045751e+01 3.493338919350770229e-06
3.706973766105884494e+01 3.436964148593780100e-06
3.732129678941971207e+01 3.354930583071860935e-06
3.757306314229551703e+01 3.302341262254644032e-06
3.782389924159279104e+01 3.254019618167925454e-06
3.807464007418068519e+01 3.198272416680847876e-06
3.832565302212735503e+01 3.129329550167996795e-06
3.857740378043642693e+01 3.082874422928667783e-06
3.882942253427300017e+01 3.034263087366472975e-06
3.908032307380011616e+01 2.973141566544549193e-06
3.933129330145365543e+01 2.928433561526373668e-06
3.958227876786669697e+01 2.869058429057083306e-06
3.983382520768443413e+01 2.827349881562990627e-06
4.008544842975349098e+01 2.777007731599303376e-06
4.033619301340542052e+01 2.747064356167586959e-06
4.058776599344974301e+01 2.690620449633980102e-06
4.083970221749189022e+01 2.628750921420039704e-06
4.109095921749577940e+01 2.601963439453839692e-06
4.134236727584069371e+01 2.549524368743509631e-06
4.159390229570379915e+01 2.502796870691569651e-06
4.184507899773220174e+01 2.467981287313265723e-06
4.209613747244114279e+01 2.412074946510260397e-06
4.234722818606434913e+01 2.390948717632201526e-06
4.259857332263157303e+01 2.348631783378476811e-06
4.285027109763341713e+01 2.305503047346549058e-06
4.310176195204312677e+01 2.269026345794408020e-06
4.335299280752174411e+01 2.233335518291782687e-06
4.360432095771267313e+01 2.198409004764310482e-06
4.385558663826572712e+01 2.167613599273957241e-06
4.410724528235365938e+01 2.123712050865641389e-06
4.435852190379520010e+01 2.082592011489040512e-06
4.460901713855037087e+01 2.057395611088732049e-06
4.486008510459071630e+01 2.022750584805013156e-06
4.511170295299168487e+01 1.986493170651178132e-06
4.536358210673532199e+01 1.953343972502300545e-06
4.561456198601624124e+01 1.927966914929794049e-06
4.586556721283918137e+01 1.897345858919490411e-06
4.611769651966599781e+01 1.868240575487334557e-06
4.636915627004315610e+01 1.834951560753562912e-06
4.662034887549072693e+01 1.809630739556797974e-06
4.687172305024841279e+01 1.780918777038410614e-06
4.712349745478636009e+01 1.749686812044681381e-06
4.737470617006108142e+01 1.725105930546297843e-06
4.762538569197067062e+01 1.686717147780345334e-06
4.787648835337603259e+01 1.666046659007375933e-06
4.812806309416585293e+01 1.648135702570422546e-06
4.837947377766823820e+01 1.608879729709614783e-06
4.863055608299239907e+01 1.586227967301265129e-06
4.888199020684587026e+01 1.565711956106934797e-06
4.913362466485948232e+01 1.532142201369727549e-06
4.938531946307731602e+01 1.512671981200563259e-06
4.963608988707425596e+01 1.485004413355253443e-06
4.988699356578750610e+01 1.466278786756303187e-06
5.013861839733769443e+01 1.439553832863993697e-06
5.038999807568713862e+01 1.421667835515559076e-06
5.064128572509015669e+01 1.402497627514804483e-06
5.089265153888026560e+01 1.380471912821258291e-06
5.114416620234485578e+01 1.357142586231198277e-06
5.139546355734375993e+01 1.331647842342935897e-06
5.164701680266333028e+01 1.312888798790703330e-06
5.189862905495089507e+01 1.296183765488652516e-06
5.214967308047777550e+01 1.272994113500782882e-06
5.240069291691047226e+01 1.253622855480723549e-06
5.265205790651547346e+01 1.234627890738184721e-06
5.290347041453212995e+01 1.216012110900818241e-06
5.315461969811498477e+01 1.198361870531163772e-06
5.340579219818222612e+01 1.179063169395834145e-06
5.365762065089100474e+01 1.162669079201861996e-06
5.390923473668377852e+01 1.144393106467681602e-06
5.416006359979510876e+01 1.125298173432708146e-06
5.441130437191114311e+01 1.108878429338927190e-06
5.466262745830391623e+01 1.092802098163686502e-06
5.491405993929731011e+01 1.075404368241332892e-06
5.516541491717607215e+01 1.059887162436230887e-06
5.541638268596229011e+01 1.046498141446654436e-06
5.566794564877197615e+01 1.033494294555461533e-06
5.591937805757883950e+01 1.014694138204679494e-06
5.617071533636728020e+01 1.000238375518980842e-06
5.642219117939477258e+01 9.877325202133763877e-07
5.667351334189861944e+01 9.722763660292307047e-07
5.692472708748548627e+01 9.544816159088081617e-07
5.717591204656960002e+01 9.427970809259450718e-07
5.742747687291149106e+01 9.270380337398741539e-07
5.767908487077198032e+01 9.187444823312560430e-07
5.793014671413330063e+01 9.083938194031165120e-07
5.818129395888691135e+01 8.916317580860897507e-07
5.843277276607519610e+01 8.810303362739104934e-07
5.868441457608106049e+01 8.678761589758454821e-07
5.893571635795849062e+01 8.530251167813500693e-07
5.918679860974395979e+01 8.445251813272695972e-07
5.943824578411374659e+01 8.314676967249053283e-07
5.968934443052460637e+01 8.208536424271457165e-07
5.994009881519919958e+01 8.097805599669811293e-07
6.019143008204730450e+01 7.997771095728378212e-07
6.044303967578304793e+01 7.881890158418385104e-07
6.069446539940648933e+01 7.802692083044328235e-07
6.094594283876522667e+01 7.675083359002148807e-07
6.119752142863568878e+01 7.595403550063701654e-07
6.144920707655568037e+01 7.501400056028824606e-07
6.170042875117553649e+01 7.398480977550127468e-07
6.195135852331920745e+01 7.300471569201109886e-07
6.220292279118605450e+01 7.216495132751331761e-07
6.245429299708936099e+01 7.116622295881046041e-07
6.270516484212564734e+01 7.026954062188506790e-07
6.295654789617530156e+01 6.960207613583162342e-07
6.320814180923495940e+01 6.873928789280525757e-07
6.345941573738152641e+01 6.782535531799345733e-07
6.371040057052023542e+01 6.718841577818947339e-07
6.396185745578683424e+01 6.640605163646011475e-07
6.421368546549915379e+01 6.558281848806667136e-07
6.446479073454199238e+01 6.481223719803369088e-07
6.471588673409551973e+01 6.387695269188150947e-07
6.496730834160189261e+01 6.272309137830092362e-07
6.521856319783852030e+01 6.184889561121256153e-07
6.546992987326736113e+01 6.080607992474354167e-07
6.572120553073852989e+01 5.976759562620034210e-07
6.597232322532917692e+01 5.885089172274220027e-07
6.622368994537650622e+01 5.796372115401781249e-07
6.647513103932683975e+01 5.702702204181294908e-07
6.672672959741110787e+01 5.628892715462672004e-07
6.697798244417811020e+01 5.515781460580035104e-07
6.722885542524284119e+01 5.424794272100051007e-07
6.748048616955249202e+01 5.357068319193050968e-07
6.773229923195737001e+01 5.266550771668045718e-07
6.798322572139460362e+01 5.183091060607217538e-07
6.823447173775937813e+01 5.098323970442231332e-07
6.848606896751729778e+01 5.027050582378490743e-07
6.873741544680683546e+01 4.936848238935175163e-07
6.898873787744179253e+01 4.851675591042431625e-07
6.923979673744193519e+01 4.779241294159626107e-07
6.949145441276264989e+01 4.702080206815772278e-07
6.974265210301840057e+01 4.634099309426933040e-07
6.999344031108012132e+01 4.554006687282121210e-07
7.024493114765583357e+01 4.484052704468819544e-07
7.049642464225027538e+01 4.406525833161529478e-07
7.074774315836204153e+01 4.331599340673040942e-07
7.099906993548422918e+01 4.288133617149659547e-07
7.125054486425644029e+01 4.213853089409998343e-07
7.150182990423201090e+01 4.152125500352582320e-07
7.175309169194970593e+01 4.078399019917877969e-07
7.200430886966613286e+01 4.015062401662533166e-07
7.225563655627148307e+01 3.942391770789101130e-07
7.250698057097335436e+01 3.877023286132821204e-07
7.275814540940223196e+01 3.829988949119916259e-07
7.300954011634642882e+01 3.760025265298726666e-07
7.326094744803241099e+01 3.705985285137913431e-07
7.351241635922633577e+01 3.645343429689944389e-07
7.376385704484314942e+01 3.581432946456987088e-07
7.401507686011912313e+01 3.541886654715058119e-07
7.426642983754513239e+01 3.474426059595536704e-07
7.451774392350500875e+01 3.433829292693380334e-07
7.476888196695857403e+01 3.374493652779491701e-07
7.502031254291918572e+01 3.323092255420827529e-07
7.527179980263341008e+01 3.272766528379525237e-07
7.552311252549999665e+01 3.214762062044409233e-07
7.577409780062980360e+01 3.175515570710129308e-07
7.602551875404107307e+01 3.117645493237015466e-07
7.627713348914349467e+01 3.074933511880947191e-07
7.652808863434110265e+01 3.023375961667762419e-07
7.677928937816385258e+01 2.964806054473206831e-07
7.703080422988723797e+01 2.933750238724836360e-07
7.728259641407451852e+01 2.874770965268260959e-07
7.753362846048165125e+01 2.843550434556984892e-07
7.778433144503740948e+01 2.796440394408821529e-07
7.803587445609785789e+01 2.757343366889870289e-07
7.828752478929132508e+01 2.708574693121364671e-07
7.853900368295268208e+01 2.673013568283511196e-07
7.879021312407734001e+01 2.638917236295659392e-07
7.904165509986182769e+01 2.587880321031126141e-07
7.929330413459700821e+01 2.554372352929527952e-07
7.954446877222407863e+01 2.505747861096302006e-07
7.979551714753698377e+01 2.482478652547672881e-07
8.004692165377868207e+01 2.443409921391882405e-07
8.029810489950233432e+01 2.405492318509087414e-07
8.054908874480256031e+01 2.368416208294510799e-07
8.080044321541014085e+01 2.335877490616416875e-07
8.105216211323228492e+01 2.299106490577854318e-07
8.130349433109076074e+01 2.274703662461400872e-07
8.155444015076058406e+01 2.240499938861545922e-07
8.180579598042007206e+01 2.210990355393848713e-07
8.205747345046690100e+01 2.173521734707947213e-07
8.230895288137371324e+01 2.156351417701328048e-07
8.256017853616197044e+01 2.112460949329073259e-07
8.281171136842024794e+01 2.086817633944910659e-07
8.306338874103768433e+01 2.050270278421034724e-07
8.331416972271263433e+01 2.022800901588778551e-07
8.356490365514949303e+01 1.995061553563445834e-07
8.381669207113579034e+01 1.970286810987090816e-07
8.406812178552961257e+01 1.936232274113970359e-07
8.431890933464019611e+01 1.915731601679343823e-07
8.457023187027826339e+01 1.893185461096316831e-07
8.482151559398789686e+01 1.857832671980155036e-07
8.507283003168710422e+01 1.842862387876172948e-07
8.532426808165841692e+01 1.812982708682635501e-07
8.557600476924378086e+01 1.790688843893370561e-07
8.582757594343893004e+01 1.761037799877922924e-07
8.607831587296919906e+01 1.739750359320166255e-07
8.632961333877408094e+01 1.725689238793711302e-07
8.658121923681562748e+01 1.689400251787713467e-07
8.683268673150530503e+01 1.667740450688331128e-07
8.708396519721972595e+01 1.647349552753618826e-07
8.733506961066505880e+01 1.621590132824467731e-07
8.758618105842411694e+01 1.596452917196104405e-07
8.783752567351578477e+01 1.576469342927723664e-07
8.808868914679788986e+01 1.563317142980042644e-07
8.833994003395393690e+01 1.528455810503809173e-07
8.859174898584991809e+01 1.517263257584152544e-07
8.884303273375222432e+01 1.484016518766904946e-07
8.909352487970716084e+01 1.459197464179719324e-07
8.934511690540148265e+01 1.435040413664935296e-07
8.959715158813172309e+01 1.411942223196550918e-07
8.984803368908821142e+01 1.393392939825443539e-07
9.009924288814356430e+01 1.369619701932619517e-07
9.035039732041329330e+01 1.345362207664184246e-07
9.060151066709157419e+01 1.323231681692009593e-07
9.085215645777752513e+01 1.285908496464735428e-07
9.110358912880106175e+01 1.265436758367583156e-07
9.135593221689693166e+01 1.234870372566394169e-07
9.160680049007517312e+01 1.218624461302826797e-07
9.185814296072571494e+01 1.193182308296795953e-07
9.211014914083067140e+01 1.175035009127902497e-07
9.236133039430572467e+01 1.158293489300820954e-07
9.261226961967061300e+01 1.132944298645608015e-07
9.286339612223196127e+01 1.119357484998625207e-07
9.311503395193372512e+01 1.090839337032845949e-07
9.336621751977830286e+01 1.074763903633727810e-07
9.361677474844866254e+01 1.060393620081691600e-07
9.386828402731896404e+01 1.045193586361808101e-07
9.412013166396859276e+01 1.026819180339476375e-07
9.437159577797395116e+01 1.005514294725474582e-07
9.462215507964623384e+01 9.936104349250942075e-08
9.487303142853234306e+01 9.810605321369857639e-08
9.512563612801736213e+01 9.610149949479639220e-08
9.537712370347337298e+01 9.472865465511829983e-08
9.562770329733204733e+01 9.310970851308699587e-08
9.587952553542562839e+01 9.215679400570582880e-08
9.613214193709879396e+01 8.960910802558286985e-08
9.638292294616348954e+01 8.843667345940973768e-08
9.663323205539920480e+01 8.763581057396628409e-08
9.688575427051634392e+01 8.554892385835337638e-08
9.713720230214802598e+01 8.433135924602205081e-08
9.738711075112470894e+01 8.346686527467931387e-08
9.763880850310884796e+01 8.261013575179652974e-08
9.789195925073893534e+01 8.111412216607241642e-08
9.814276473823834124e+01 7.966539117019952601e-08
9.839200152577470249e+01 7.849088361328987464e-08
9.864436939619000100e+01 7.742484615301437508e-08
9.889657229158518703e+01 7.617862498082051352e-08
9.914654206758739008e+01 7.545134031275861184e-08
9.939737265117041431e+01 7.484602137436340720e-08
9.964971324453516388e+01 7.293064730422339374e-08
9.990221505033474614e+01 7.327740616640932898e-08
1.001521516083068519e+02 7.203608174837282595e-08
1.004020181344354228e+02 7.104760119422074773e-08
1.006555261342845853e+02 7.011951275289539808e-08
1.009078779715744503e+02 6.907158868131535741e-08
1.011564847190979037e+02 6.845546185144419352e-08
1.014077980390921851e+02 6.819428939632851384e-08
1.016621206036857075e+02 6.589930703682610926e-08
1.019133439536030323e+02 6.601281793219065677e-08
1.021611090492770160e+02 6.535048440626657648e-08
1.024134287982906386e+02 6.474999766935616285e-08
1.026689526987222933e+02 6.460871555164097168e-08
1.029179005362147450e+02 6.409059137655668906e-08
1.031645010122565509e+02 6.289661216981679764e-08
1.034190198448752227e+02 6.181981835591809133e-08
1.036740078018821123e+02 6.178112783544925546e-08
1.039223728592707516e+02 6.048693501939556562e-08
1.041718863957155321e+02 5.986846176745918664e-08
1.044269799004653407e+02 5.920318655831237426e-08
1.046773133673284093e+02 5.928031218963780493e-08
1.049203418007823814e+02 5.871270437718436301e-08
1.051759012379430231e+02 5.980756688264201637e-08
1.054364230283171651e+02 5.747852951858083431e-08
1.056811914497119176e+02 5.737355288177985100e-08
1.059215804876414495e+02 5.542072526404301848e-08
1.061816384917722758e+02 5.730480882324402127e-08
1.064472113030423515e+02 5.699883668992890295e-08
1.066878058983536732e+02 5.659803841046575444e-08
1.069236360402103827e+02 5.648171016907516398e-08
1.071892705778195563e+02 5.544404779562475261e-08
1.074586772409291342e+02 5.585555519844441523e-08
1.076879342587935611e+02 5.460848958303264521e-08
1.079185870885384446e+02 5.318345810748838927e-08
1.081956775747713095e+02 5.572658685435491217e-08
1.084728105259587352e+02 5.308521895179786518e-08
1.086839161354765366e+02 5.584580681445208992e-08
1.089114578639759117e+02 5.387069015986840973e-08
1.091979138747751392e+02 5.413026056118977357e-08
1.094826115122194068e+02 4.970764615247550311e-08
1.096995281563482934e+02 5.171580296847660154e-08
1.099149327348783771e+02 5.208034738863864323e-08
1.102017255337961075e+02 4.316096264330045312e-08
1.104879737748566555e+02 5.295837680818987999e-08
1.107157115274964241e+02 4.607870330489993168e-08
1.109132792987308136e+02 4.784028710847304339e-08
1.111862324688471801e+02 3.819747196909970150e-08
1.114398329385503388e+02 2.107401288303826428e-08
