3.559856489878782115e-01 8.088629657053882926e-01
6.031648866026231293e-01 3.124127565608366686e-01
8.579160745827347778e-01 1.435278157204686600e-01
1.113464310595710716e+00 9.711090682131728880e-02
1.374039914321364408e+00 5.789822719798481260e-02
1.619154704570298309e+00 4.139296493460727089e-02
1.870686673430271840e+00 3.000989125420376949e-02
2.123290040706380832e+00 2.335119745364521923e-02
2.378144976376236119e+00 1.725983604006694344e-02
2.630489925835516996e+00 1.307080421781184679e-02
2.878653162679494670e+00 9.664859884799611653e-03
3.131144366275339319e+00 7.855314905695673366e-03
3.388159578333816313e+00 5.910611837226476158e-03
3.638741848210948149e+00 4.789305553274502379e-03
3.888315910732085268e+00 3.849168314235344376e-03
4.139052155837465996e+00 3.025525644781340128e-03
4.390305777018236988e+00 2.494055139685041108e-03
4.642172339120373081e+00 2.086229573120463622e-03
4.894678666149941293e+00 1.701358852277431175e-03
5.147269052361176378e+00 1.457177762650417900e-03
5.398003206656323272e+00 1.232164270180926679e-03
5.647798235368590269e+00 1.027264535988813400e-03
5.900534302989873581e+00 8.893622333286641023e-04
6.151460297009074374e+00 7.799252792148298570e-04
6.402630176204441526e+00 6.922468692626455736e-04
6.655964674748322096e+00 5.922481213328319909e-04
6.908782583105771202e+00 5.249854492475513256e-04
7.159060853508338873e+00 4.725375818978741569e-04
7.409414762591408632e+00 4.303487270155894337e-04
7.659227149364629561e+00 3.703794378873289349e-04
7.911559474606142395e+00 3.445220248522697570e-04
8.163750941790897997e+00 2.997436880488850040e-04
8.415757210439384295e+00 2.734654149436059221e-04
8.667638839289207198e+00 2.448398823338872191e-04
8.918801124864609520e+00 2.236353962717748029e-04
9.170480108345369530e+00 2.089929030936750584e-04
9.420566033467249412e+00 1.898677782733458380e-04
9.671642335271435797e+00 1.765424190932467241e-04
9.923426157758477473e+00 1.627814306446877420e-04
1.017396902749181820e+01 1.502126247268426495e-04
1.042533700753922155e+01 1.364614150154127897e-04
1.067702948358784276e+01 1.279972382898455390e-04
1.092969337256462303e+01 1.166463103789052564e-04
1.118211872033766419e+01 1.109809667925746381e-04
1.143346516925797296e+01 1.040303132416282113e-04
1.168350508557724687e+01 9.777950834721337720e-05
1.193379937775929100e+01 9.184836692636959711e-05
1.218553055762879112e+01 8.382763764768818638e-05
1.243711650801278878e+01 7.922938839509429450e-05
1.268867268647359303e+01 7.432610620426461376e-05
1.294075027177769144e+01 7.045975844993778022e-05
1.319267287020158363e+01 6.677287086206424172e-05
1.344470571782862756e+01 6.191428865599148796e-05
1.369480150283709641e+01 5.955970479474709007e-05
1.394591277066507828e+01 5.587613088363461034e-05
1.419764645764527167e+01 5.284476193808260511e-05
1.444766774168416212e+01 4.962847999327656373e-05
1.469906835825429070e+01 4.757056588179301012e-05
1.495059118111036511e+01 4.502304852388003574e-05
1.520261612590052991e+01 4.289179935224749971e-05
1.545415944503929495e+01 3.998031785033205306e-05
1.570456072545780124e+01 3.862382740807431247e-05
1.595705800128773966e+01 3.684874350912269468e-05
1.620829297830731619e+01 3.554483756528458143e-05
1.645966591028190962e+01 3.336669088366779260e-05
1.671125708846596325e+01 3.191957482110829842e-05
1.696160259490052624e+01 3.040671003252122908e-05
1.721370276108077135e+01 2.941246118603412066e-05
1.746543424102250341e+01 2.793914521176326613e-05
1.771598473288305442e+01 2.668942785910496533e-05
1.796653767411944003e+01 2.559763654063479987e-05
1.821765658501893270e+01 2.480346346920875056e-05
1.847053788120423334e+01 2.368431044513833494e-05
1.872257696809484173e+01 2.263740628204307333e-05
1.897394097105746269e+01 2.157240880488752756e-05
1.922542454726159988e+01 2.100152884285605027e-05
1.947607703355479103e+01 2.001479171507627522e-05
1.972678839839982601e+01 1.944223443350146874e-05
1.997802698857814363e+01 1.863633015558411476e-05
2.022863620534168660e+01 1.796881253145347481e-05
2.047969598507238231e+01 1.734067692120679153e-05
2.073250439107362553e+01 1.679506612075136170e-05
2.098435855211640089e+01 1.619878185436558901e-05
2.123502923393334640e+01 1.562290794228258646e-05
2.148629411178690773e+01 1.512966259634262103e-05
2.173831825513516591e+01 1.471231468645398918e-05
2.198972260956887226e+01 1.429416453538050083e-05
2.223974971000711420e+01 1.382387449488025350e-05
2.249141870643862973e+01 1.326602260103085217e-05
2.274404614890906373e+01 1.305167264747993766e-05
2.299521835768831579e+01 1.254902872714886537e-05
2.324620084136223852e+01 1.211010883848837673e-05
2.349757798664387209e+01 1.180592339665723623e-05
2.374870488118759937e+01 1.145243091793097312e-05
2.399988781917473091e+01 1.110136824420211024e-05
2.425071646049711305e+01 1.071335269275286884e-05
2.450187830577813841e+01 1.038926264601981127e-05
2.475391093216606109e+01 1.014221362718840856e-05
2.500524226975159792e+01 9.836231399174212681e-06
2.525610980153284402e+01 9.625133925096954462e-06
2.550801425092822328e+01 9.357876266307817593e-06
2.575943113325822864e+01 9.130392478209080657e-06
2.601074166866445125e+01 8.888058013003018534e-06
2.626234447079615464e+01 8.583987295128807103e-06
2.651347712943701751e+01 8.407583394929478356e-06
2.676474177984877656e+01 8.195046501398713137e-06
2.701628079430242479e+01 8.009696113960217226e-06
2.726734205837282232e+01 7.760480861982811050e-06
2.751837013544679422e+01 7.668725522554142496e-06
2.776937726815812724e+01 7.396579548436782251e-06
2.802070160973895341e+01 7.241381419301361056e-06
2.827249982643487058e+01 7.065931388532720529e-06
2.852407603869968966e+01 6.941069225874733449e-06
2.877567300468570721e+01 6.705698359732526476e-06
2.902733523039245256e+01 6.639046498386407315e-06
2.927861073083739996e+01 6.453969853967792076e-06
2.953003196193969160e+01 6.263042443041739156e-06
2.978106336846375157e+01 6.153486719318842931e-06
3.003148440777084716e+01 6.046242698389765078e-06
3.028303386126418673e+01 5.865312550647961128e-06
3.053456493440382857e+01 5.783532208488011816e-06
3.078585183944906944e+01 5.603666615806337190e-06
3.103757946070165730e+01 5.466934207973772170e-06
3.128931656795834826e+01 5.402823289415809594e-06
3.154125974608096428e+01 5.301293880258479937e-06
3.179158626791808828e+01 5.159548678237068511e-06
3.204196438636942190e+01 5.032489295436130823e-06
3.229345624690945016e+01 4.949359450840835703e-06
3.254491795349546379e+01 4.876302905609301357e-06
3.279661199584414533e+01 4.770212956694260040e-06
3.304781054557115993e+01 4.693112504585492519e-06
3.329958828032162188e+01 4.569508066210865754e-06
3.355183723684311303e+01 4.473013811326728146e-06
3.380253855881218072e+01 4.380198707117332356e-06
3.405313147025059095e+01 4.289604962438080759e-06
3.430479305560803738e+01 4.243396132441198972e-06
3.455623390824965924e+01 4.160116299984402348e-06
3.480735498195039668e+01 4.070838485974878812e-06
3.505856438430107858e+01 3.987057286336117679e-06
3.531001549359893943e+01 3.914533225028041125e-06
3.556133107357548084e+01 3.857465935302047405e-06
3.581233698845250757e+01 3.763135469725033350e-06
3.606382608666838507e+01 3.713984892377618484e-06
3.631533331237931606e+01 3.622627393403750113e-06
3.656697642527945646e+01 3.567281624600799589e-06
3.681852327087045751e+01 3.498381115014595262e-06
3.706973766105884494e+01 3.425486939488936445e-06
3.732129678941971207e+01 3.365356351139706390e-06
3.757306314229551703e+01 3.306632309363436448e-06
3.782389924159279104e+01 3.252583026764849196e-06
3.807464007418068519e+01 3.194838818336007263e-06
3.832565302212735503e+01 3.143499840088389059e-06
3.857740378043642693e+01 3.082979180470073884e-06
3.882942253427300017e+01 3.032999453851119076e-06
3.908032307380011616e+01 2.970859264581132198e-06
3.933129330145365543e+01 2.922736226020497668e-06
3.958227876786669697e+01 2.876320666598023152e-06
3.983382520768443413e+01 2.827735980920331913e-06
4.008544842975349098e+01 2.778257842447106663e-06
4.033619301340542052e+01 2.706953382909381099e-06
4.058776599344974301e+01 2.677653728776832202e-06
4.083970221749189022e+01 2.636355554446220129e-06
4.109095921749577940e+01 2.584825111574088377e-06
4.134236727584069371e+01 2.555082866583882893e-06
4.159390229570379915e+01 2.508621483832541596e-06
4.184507899773220174e+01 2.466911647717741042e-06
4.209613747244114279e+01 2.425843369959880832e-06
4.234722818606434913e+01 2.381686197873746893e-06
4.259857332263157303e+01 2.338404361062792636e-06
4.285027109763341713e+01 2.292318168673965376e-06
4.310176195204312677e+01 2.264202785609028233e-06
4.335299280752174411e+01 2.232527460789346078e-06
4.360432095771267313e+01 2.180923560134411073e-06
4.385558663826572712e+01 2.153741022675700803e-06
4.410724528235365938e+01 2.108505473570921874e-06
4.435852190379520010e+01 2.085181707006076812e-06
4.460901713855037087e+01 2.051755965868199266e-06
4.486008510459071630e+01 2.012762960039223895e-06
4.511170295299168487e+01 1.977151016906309662e-06
4.536358210673532199e+01 1.951583608550798759e-06
4.561456198601624124e+01 1.914467607620435929e-06
4.586556721283918137e+01 1.889363084774652065e-06
4.611769651966599781e+01 1.856283151803019519e-06
4.636915627004315610e+01 1.832697928572517981e-06
4.662034887549072693e+01 1.798343896720508029e-06
4.687172305024841279e+01 1.767325390417958657e-06
4.712349745478636009e+01 1.734136910188109610e-06
4.737470617006108142e+01 1.707483947993551289e-06
4.762538569197067062e+01 1.674831986949830587e-06
4.787648835337603259e+01 1.664195684457812520e-06
4.812806309416585293e+01 1.630225624511188051e-06
4.837947377766823820e+01 1.602540557293126932e-06
4.863055608299239907e+01 1.579917989499680021e-06
4.888199020684587026e+01 1.559138036688004569e-06
4.913362466485948232e+01 1.527094579649912378e-06
4.938531946307731602e+01 1.499909414558395122e-06
4.963608988707425596e+01 1.476603790475197723e-06
4.988699356578750610e+01 1.459539370776601995e-06
5.013861839733769443e+01 1.429801757846539312e-06
5.038999807568713862e+01 1.410384332065929020e-06
5.064128572509015669e+01 1.391982932445923138e-06
5.089265153888026560e+01 1.365783043484189356e-06
5.114416620234485578e+01 1.347995231472054650e-06
5.139546355734375993e+01 1.325223525374865369e-06
5.164701680266333028e+01 1.300284995041682658e-06
5.189862905495089507e+01 1.279807473263630655e-06
5.214967308047777550e+01 1.265986463535050546e-06
5.240069291691047226e+01 1.244647939172199528e-06
5.265205790651547346e+01 1.225049069006817066e-06
5.290347041453212995e+01 1.206785237462825316e-06
5.315461969811498477e+01 1.192068941961293963e-06
5.340579219818222612e+01 1.174060068063550024e-06
5.365762065089100474e+01 1.152732031263885315e-06
5.390923473668377852e+01 1.131333584312313049e-06
5.416006359979510876e+01 1.117897674968062895e-06
5.441130437191114311e+01 1.098773254286634821e-06
5.466262745830391623e+01 1.084214522252218550e-06
5.491405993929731011e+01 1.066698326102988359e-06
5.516541491717607215e+01 1.051273506436233643e-06
5.541638268596229011e+01 1.034692662752770969e-06
5.566794564877197615e+01 1.022790230619073196e-06
5.591937805757883950e+01 1.006276539927905456e-06
5.617071533636728020e+01 9.891243728684564053e-07
5.642219117939477258e+01 9.781797039382763649e-07
5.667351334189861944e+01 9.626031942124340064e-07
5.692472708748548627e+01 9.477346343163128125e-07
5.717591204656960002e+01 9.327095988992695382e-07
5.742747687291149106e+01 9.239097831858064969e-07
5.767908487077198032e+01 9.059389700664210353e-07
5.793014671413330063e+01 8.932167376613216313e-07
5.818129395888691135e+01 8.800218226327317122e-07
5.843277276607519610e+01 8.674870611815613275e-07
5.868441457608106049e+01 8.561263936457787351e-07
5.893571635795849062e+01 8.466328487927904523e-07
5.918679860974395979e+01 8.315514772343759910e-07
5.943824578411374659e+01 8.220396974647765407e-07
5.968934443052460637e+01 8.136825245067438811e-07
5.994009881519919958e+01 7.983695712620390659e-07
6.019143008204730450e+01 7.906589318866952656e-07
6.044303967578304793e+01 7.786757455480646800e-07
6.069446539940648933e+01 7.670272948341462255e-07
6.094594283876522667e+01 7.593060152595667729e-07
6.119752142863568878e+01 7.467769702653552931e-07
6.144920707655568037e+01 7.364573996571874591e-07
6.170042875117553649e+01 7.299262294963143541e-07
6.195135852331920745e+01 7.204583402518671470e-07
6.220292279118605450e+01 7.124461744947798387e-07
6.245429299708936099e+01 7.018512557781760519e-07
6.270516484212564734e+01 6.949316744881098568e-07
6.295654789617530156e+01 6.843755217414519806e-07
6.320814180923495940e+01 6.770962856284898890e-07
6.345941573738152641e+01 6.692724445515488736e-07
6.371040057052023542e+01 6.619283807169563194e-07
6.396185745578683424e+01 6.543228201323485913e-07
6.421368546549915379e+01 6.480495504692164868e-07
6.446479073454199238e+01 6.383075667262491339e-07
6.471588673409551973e+01 6.290524540061379642e-07
6.496730834160189261e+01 6.178343579917343882e-07
6.521856319783852030e+01 6.079609606178718767e-07
6.546992987326736113e+01 5.980848040184897519e-07
6.572120553073852989e+01 5.897937062568322342e-07
6.597232322532917692e+01 5.802495703848573602e-07
6.622368994537650622e+01 5.703572405352201879e-07
6.647513103932683975e+01 5.600502674998625754e-07
6.672672959741110787e+01 5.512870683526677927e-07
6.697798244417811020e+01 5.442216278773569497e-07
6.722885542524284119e+01 5.348549860385953039e-07
6.748048616955249202e+01 5.251471185883120161e-07
6.773229923195737001e+01 5.160984043097733457e-07
6.798322572139460362e+01 5.098024581292038597e-07
6.823447173775937813e+01 5.007258828485247860e-07
6.848606896751729778e+01 4.943307953629474558e-07
6.873741544680683546e+01 4.831263563965027686e-07
6.898873787744179253e+01 4.783183933983426063e-07
6.923979673744193519e+01 4.688580473455030853e-07
6.949145441276264989e+01 4.633344103576878423e-07
6.974265210301840057e+01 4.540111439960796612e-07
6.999344031108012132e+01 4.463808209433896824e-07
7.024493114765583357e+01 4.404299333197876036e-07
7.049642464225027538e+01 4.329616691158495959e-07
7.074774315836204153e+01 4.273288610414981027e-07
7.099906993548422918e+01 4.192206298657660568e-07
7.125054486425644029e+01 4.139682857827232608e-07
7.150182990423201090e+01 4.059169331168610226e-07
7.175309169194970593e+01 3.990724409772174077e-07
7.200430886966613286e+01 3.940632417072381800e-07
7.225563655627148307e+01 3.880837208693601133e-07
7.250698057097335436e+01 3.821277818528562378e-07
7.275814540940223196e+01 3.757157795881726044e-07
7.300954011634642882e+01 3.687552110076492568e-07
7.326094744803241099e+01 3.635498482458377877e-07
7.351241635922633577e+01 3.572996370365682751e-07
7.376385704484314942e+01 3.528022393786210854e-07
7.401507686011912313e+01 3.461438135748284432e-07
7.426642983754513239e+01 3.419360885853252308e-07
7.451774392350500875e+01 3.357702671076554101e-07
7.476888196695857403e+01 3.298674185300281992e-07
7.502031254291918572e+01 3.261164752141503994e-07
7.527179980263341008e+01 3.192722543771895385e-07
7.552311252549999665e+01 3.145899024613579106e-07
7.577409780062980360e+01 3.101117866906413192e-07
7.602551875404107307e+01 3.064918328065319761e-07
7.627713348914349467e+01 3.006519525584997722e-07
7.652808863434110265e+01 2.954627682457623304e-07
7.677928937816385258e+01 2.918159936352963611e-07
7.703080422988723797e+01 2.873942471588316297e-07
7.728259641407451852e+01 2.837206416950675583e-07
7.753362846048165125e+01 2.787780142084256993e-07
7.778433144503740948e+01 2.746987356534901624e-07
7.803587445609785789e+01 2.708488208609123508e-07
7.828752478929132508e+01 2.661899370479879235e-07
7.853900368295268208e+01 2.623506691340476307e-07
7.879021312407734001e+01 2.579477944281003465e-07
7.904165509986182769e+01 2.539628275885862711e-07
7.929330413459700821e+01 2.506286438822097119e-07
7.954446877222407863e+01 2.471907205128527704e-07
7.979551714753698377e+01 2.432839155313224920e-07
8.004692165377868207e+01 2.400368522539585165e-07
8.029810489950233432e+01 2.365336096580105340e-07
8.054908874480256031e+01 2.323989730649279044e-07
8.080044321541014085e+01 2.283817736125878431e-07
8.105216211323228492e+01 2.256242210409351868e-07
8.130349433109076074e+01 2.223015363274181095e-07
8.155444015076058406e+01 2.196898848702986195e-07
8.180579598042007206e+01 2.159958372974202024e-07
8.205747345046690100e+01 2.133895064958468024e-07
8.230895288137371324e+01 2.099785670210393138e-07
8.256017853616197044e+01 2.063156238259496767e-07
8.281171136842024794e+01 2.042330121043047392e-07
8.306338874103768433e+01 2.022117873729086168e-07
8.331416972271263433e+01 1.985243642312249416e-07
8.356490365514949303e+01 1.947669053802341082e-07
8.381669207113579034e+01 1.926211199856308537e-07
8.406812178552961257e+01 1.908465588524272233e-07
8.431890933464019611e+01 1.882507385891211940e-07
8.457023187027826339e+01 1.856634239866653348e-07
8.482151559398789686e+01 1.826214516180515654e-07
8.507283003168710422e+01 1.799766349487387012e-07
8.532426808165841692e+01 1.776847871801152970e-07
8.557600476924378086e+01 1.755668614264585087e-07
8.582757594343893004e+01 1.729484380819270336e-07
8.607831587296919906e+01 1.701768527301442484e-07
8.632961333877408094e+01 1.687269093340289914e-07
8.658121923681562748e+01 1.653445731110211002e-07
8.683268673150530503e+01 1.641456020977909117e-07
8.708396519721972595e+01 1.613276065280944970e-07
8.733506961066505880e+01 1.586080138971813020e-07
8.758618105842411694e+01 1.568155065134459624e-07
8.783752567351578477e+01 1.539608181548783990e-07
8.808868914679788986e+01 1.530356659605534117e-07
8.833994003395393690e+01 1.498850489159614285e-07
8.859174898584991809e+01 1.483146114195632452e-07
8.884303273375222432e+01 1.457703427125027384e-07
8.909352487970716084e+01 1.440205357741784494e-07
8.934511690540148265e+01 1.416535573274249931e-07
8.959715158813172309e+01 1.392568838474690500e-07
8.984803368908821142e+01 1.374424054757356653e-07
9.009924288814356430e+01 1.340258527065635751e-07
9.035039732041329330e+01 1.319931689258132153e-07
9.060151066709157419e+01 1.293606150807037069e-07
9.085215645777752513e+01 1.267593210694506965e-07
9.110358912880106175e+01 1.240423152525877108e-07
9.135593221689693166e+01 1.208461851352463116e-07
9.160680049007517312e+01 1.192702973842733320e-07
9.185814296072571494e+01 1.173017191503176699e-07
9.211014914083067140e+01 1.156300638865030554e-07
9.236133039430572467e+01 1.131884931130810251e-07
9.261226961967061300e+01 1.113903718108467362e-07
9.286339612223196127e+01 1.088435740705607776e-07
9.311503395193372512e+01 1.080723651220220878e-07
9.336621751977830286e+01 1.054958594513434765e-07
9.361677474844866254e+01 1.032970396490777850e-07
9.386828402731896404e+01 1.020088582702187814e-07
9.412013166396859276e+01 9.987222016733644080e-08
9.437159577797395116e+01 9.861046532690173861e-08
9.462215507964623384e+01 9.815838475976401740e-08
9.487303142853234306e+01 9.618276181292804078e-08
9.512563612801736213e+01 9.440974066793150276e-08
9.537712370347337298e+01 9.277670255384054121e-08
9.562770329733204733e+01 9.103688226903208209e-08
9.587952553542562839e+01 9.068753718786247038e-08
9.613214193709879396e+01 8.841276043692318066e-08
9.638292294616348954e+01 8.692703266351196165e-08
9.663323205539920480e+01 8.627767641222976226e-08
9.688575427051634392e+01 8.463814698840232940e-08
9.713720230214802598e+01 8.320652272323313794e-08
9.738711075112470894e+01 8.197903430103798437e-08
9.763880850310884796e+01 8.123153977512153518e-08
9.789195925073893534e+01 7.959880904699310230e-08
9.814276473823834124e+01 7.769934663871171627e-08
9.839200152577470249e+01 7.699366372027592539e-08
9.864436939619000100e+01 7.670540415180563593e-08
9.889657229158518703e+01 7.536883428252194818e-08
9.914654206758739008e+01 7.446310331467694815e-08
9.939737265117041431e+01 7.290964547199674025e-08
9.964971324453516388e+01 7.229121929643526916e-08
9.990221505033474614e+01 7.076243212206272910e-08
1.001521516083068519e+02 7.073369945913400719e-08
1.004020181344354228e+02 6.932098248034475120e-08
1.006555261342845853e+02 6.911942051038090668e-08
1.009078779715744503e+02 6.774678636319378717e-08
1.011564847190979037e+02 6.663667286263128834e-08
1.014077980390921851e+02 6.583476568124881474e-08
1.016621206036857075e+02 6.530009579935114283e-08
1.019133439536030323e+02 6.504360415920775967e-08
1.021611090492770160e+02 6.381317100183879138e-08
1.024134287982906386e+02 6.432979459912277664e-08
1.026689526987222933e+02 6.273981797112294568e-08
1.029179005362147450e+02 6.249323451052646833e-08
1.031645010122565509e+02 6.096661195360652448e-08
1.034190198448752227e+02 6.127143467716192491e-08
1.036740078018821123e+02 6.045957624712545952e-08
1.039223728592707516e+02 5.896494263355676249e-08
1.041718863957155321e+02 5.998819488097704801e-08
1.044269799004653407e+02 5.826522362137548300e-08
1.046773133673284093e+02 5.849175865948287986e-08
1.049203418007823814e+02 5.768945731008791406e-08
1.051759012379430231e+02 5.686189785822777158e-08
1.054364230283171651e+02 5.726853647945689767e-08
1.056811914497119176e+02 5.523977405858694400e-08
1.059215804876414495e+02 5.502707971010757229e-08
1.061816384917722758e+02 5.510709602713995063e-08
1.064472113030423515e+02 5.571409797946822239e-08
1.066878058983536732e+02 5.569554602873969433e-08
1.069236360402103827e+02 5.413426108758243320e-08
1.071892705778195563e+02 5.360460547449791671e-08
1.074586772409291342e+02 5.436986711335874070e-08
1.076879342587935611e+02 5.237580339251946044e-08
1.079185870885384446e+02 5.541017881638233381e-08
1.081956775747713095e+02 5.362508308652771311e-08
1.084728105259587352e+02 5.565134740443631660e-08
1.086839161354765366e+02 5.316071876806645925e-08
1.089114578639759117e+02 5.343837063373426584e-08
1.091979138747751392e+02 5.539264246002850724e-08
1.094826115122194068e+02 5.496591053892415194e-08
1.096995281563482934e+02 5.733813044039244910e-08
1.099149327348783771e+02 5.608352520759395014e-08
1.102017255337961075e+02 4.859811237629656274e-08
1.104879737748566555e+02 5.229426931792351472e-08
1.107157115274964241e+02 4.772656546322276244e-08
1.109132792987308136e+02 4.453218589895121045e-08
1.111862324688471801e+02 4.424379609694773515e-08
1.114398329385503388e+02 1.324955563783072496e-09
