3.559856489878782115e-01 7.601548777737618945e-01
6.031648866026231293e-01 2.770376054903347929e-01
8.579160745827347778e-01 1.811413268545801758e-01
1.113464310595710716e+00 9.662173435183614434e-02
1.374039914321364408e+00 6.491909377847437934e-02
1.619154704570298309e+00 4.517644195539028545e-02
1.870686673430271840e+00 3.385729327548536033e-02
2.123290040706380832e+00 2.526186696445002766e-02
2.378144976376236119e+00 1.841426016822026238e-02
2.630489925835516996e+00 1.309254916842572149e-02
2.878653162679494670e+00 1.102757953451129203e-02
3.131144366275339319e+00 7.725615525512894398e-03
3.388159578333816313e+00 6.305995979424947398e-03
3.638741848210948149e+00 4.898223484083147859e-03
3.888315910732085268e+00 3.880045202249270651e-03
4.139052155837465996e+00 3.008496563432415567e-03
4.390305777018236988e+00 2.493329987068748210e-03
4.642172339120373081e+00 2.059531414894570818e-03
4.894678666149941293e+00 1.697663957849168768e-03
5.147269052361176378e+00 1.388669254411731193e-03
5.398003206656323272e+00 1.197483375319838414e-03
5.647798235368590269e+00 1.072919929109595119e-03
5.900534302989873581e+00 8.839333300453123101e-04
6.151460297009074374e+00 7.739297349867397873e-04
6.402630176204441526e+00 6.631318742559178404e-04
6.655964674748322096e+00 5.917109226654523532e-04
6.908782583105771202e+00 5.099020433355310302e-04
7.159060853508338873e+00 4.663224169558823355e-04
7.409414762591408632e+00 4.237760360901878074e-04
7.659227149364629561e+00 3.807791265236356248e-04
7.911559474606142395e+00 3.358910446444926924e-04
8.163750941790897997e+00 3.097988296629770638e-04
8.415757210439384295e+00 2.804400404471270574e-04
8.667638839289207198e+00 2.565565583877807984e-04
8.918801124864609520e+00 2.292773647050712175e-04
9.170480108345369530e+00 2.113525981600477980e-04
9.420566033467249412e+00 1.897115014455414621e-04
9.671642335271435797e+00 1.763524781972947587e-04
9.923426157758477473e+00 1.648106806862869472e-04
1.017396902749181820e+01 1.521161094345547529e-04
1.042533700753922155e+01 1.391214076256604918e-04
1.067702948358784276e+01 1.300012369416992568e-04
1.092969337256462303e+01 1.216290873345721342e-04
1.118211872033766419e+01 1.127134237129499698e-04
1.143346516925797296e+01 1.038457487915839332e-04
1.168350508557724687e+01 9.906005635253166701e-05
1.193379937775929100e+01 9.202077130596663605e-05
1.218553055762879112e+01 8.639526891108021377e-05
1.243711650801278878e+01 8.134083670095551273e-05
1.268867268647359303e+01 7.642883829008775744e-05
1.294075027177769144e+01 7.194367205653136896e-05
1.319267287020158363e+01 6.820420085652402595e-05
1.344470571782862756e+01 6.471621636542557101e-05
1.369480150283709641e+01 6.092170884750176140e-05
1.394591277066507828e+01 5.742786684324614738e-05
1.419764645764527167e+01 5.465691111020376221e-05
1.444766774168416212e+01 5.202142265976304606e-05
1.469906835825429070e+01 4.957709782763957415e-05
1.495059118111036511e+01 4.706006368051433939e-05
1.520261612590052991e+01 4.527233796955658639e-05
1.545415944503929495e+01 4.299095291599051367e-05
1.570456072545780124e+01 4.108021044470036868e-05
1.595705800128773966e+01 3.921798723799743442e-05
1.620829297830731619e+01 3.743619826969387450e-05
1.645966591028190962e+01 3.630940719537508225e-05
1.671125708846596325e+01 3.546897943377648677e-05
1.696160259490052624e+01 3.348956810293260026e-05
1.721370276108077135e+01 3.241102954251091927e-05
1.746543424102250341e+01 3.107577499435362734e-05
1.771598473288305442e+01 3.050917179852867945e-05
1.796653767411944003e+01 2.898538294490592322e-05
1.821765658501893270e+01 2.806075785434901794e-05
1.847053788120423334e+01 2.731520366386361114e-05
1.872257696809484173e+01 2.619186515496354606e-05
1.897394097105746269e+01 2.554567560582691885e-05
1.922542454726159988e+01 2.472003577992946190e-05
1.947607703355479103e+01 2.408072234054009768e-05
1.972678839839982601e+01 2.344644025956026245e-05
1.997802698857814363e+01 2.280824374679487571e-05
2.022863620534168660e+01 2.247076378123084430e-05
2.047969598507238231e+01 2.187821178477802813e-05
2.073250439107362553e+01 2.135309130103920519e-05
2.098435855211640089e+01 2.075409288351350078e-05
2.123502923393334640e+01 2.026378233297643219e-05
2.148629411178690773e+01 2.025525900388647197e-05
2.173831825513516591e+01 1.943947178514575532e-05
2.198972260956887226e+01 1.933775067891855024e-05
2.223974971000711420e+01 1.880275902992456285e-05
2.249141870643862973e+01 1.835849044132964746e-05
2.274404614890906373e+01 1.805506345091842122e-05
2.299521835768831579e+01 1.778572443684144416e-05
2.324620084136223852e+01 1.745899682250837452e-05
2.349757798664387209e+01 1.706563113103457343e-05
2.374870488118759937e+01 1.697942760041952078e-05
2.399988781917473091e+01 1.671592164600485718e-05
2.425071646049711305e+01 1.634892444997058746e-05
2.450187830577813841e+01 1.630082707377156413e-05
2.475391093216606109e+01 1.597716139415494396e-05
2.500524226975159792e+01 1.559969806105626286e-05
2.525610980153284402e+01 1.554937855553466665e-05
2.550801425092822328e+01 1.532694656669309857e-05
2.575943113325822864e+01 1.509198570176859198e-05
2.601074166866445125e+01 1.497197454352803066e-05
2.626234447079615464e+01 1.475181572390715314e-05
2.651347712943701751e+01 1.445580697367929028e-05
2.676474177984877656e+01 1.439242519889487906e-05
2.701628079430242479e+01 1.415938560890168161e-05
2.726734205837282232e+01 1.407242551949448605e-05
2.751837013544679422e+01 1.392593677215794531e-05
2.776937726815812724e+01 1.383126017875924412e-05
2.802070160973895341e+01 1.365093194130405662e-05
2.827249982643487058e+01 1.350552280440578367e-05
2.852407603869968966e+01 1.338929998908573046e-05
2.877567300468570721e+01 1.328977458253021269e-05
2.902733523039245256e+01 1.318525200898563990e-05
2.927861073083739996e+01 1.298321573176689521e-05
2.953003196193969160e+01 1.289507314755924726e-05
2.978106336846375157e+01 1.279934009114645820e-05
3.003148440777084716e+01 1.271267372004638333e-05
3.028303386126418673e+01 1.258607642991147989e-05
3.053456493440382857e+01 1.250556874488909012e-05
3.078585183944906944e+01 1.238672639526492867e-05
3.103757946070165730e+01 1.226702008294591582e-05
3.128931656795834826e+01 1.224475864985155471e-05
3.154125974608096428e+01 1.215365431038511608e-05
3.179158626791808828e+01 1.203873737558274023e-05
3.204196438636942190e+01 1.196482142581063710e-05
3.229345624690945016e+01 1.188348839969978535e-05
3.254491795349546379e+01 1.179358316849681021e-05
3.279661199584414533e+01 1.173324177617709816e-05
3.304781054557115993e+01 1.166537216546775942e-05
3.329958828032162188e+01 1.155297781174681312e-05
3.355183723684311303e+01 1.149342021453531614e-05
3.380253855881218072e+01 1.139035147609392747e-05
3.405313147025059095e+01 1.139318231643563947e-05
3.430479305560803738e+01 1.130069153506313060e-05
3.455623390824965924e+01 1.123485530993302308e-05
3.480735498195039668e+01 1.120619576734311606e-05
3.505856438430107858e+01 1.115697954995436844e-05
3.531001549359893943e+01 1.113352048932057518e-05
3.556133107357548084e+01 1.107183774531424207e-05
3.581233698845250757e+01 1.095723541635098296e-05
3.606382608666838507e+01 1.093537386539091069e-05
3.631533331237931606e+01 1.087468830084514380e-05
3.656697642527945646e+01 1.078157598691949509e-05
3.681852327087045751e+01 1.075490428700591496e-05
3.706973766105884494e+01 1.073238128243430557e-05
3.732129678941971207e+01 1.064669372502600482e-05
3.757306314229551703e+01 1.061706753264512562e-05
3.782389924159279104e+01 1.055529414460174016e-05
3.807464007418068519e+01 1.051862190069316073e-05
3.832565302212735503e+01 1.047459431023410419e-05
3.857740378043642693e+01 1.044595855940300614e-05
3.882942253427300017e+01 1.040405142085874361e-05
3.908032307380011616e+01 1.033196552349488737e-05
3.933129330145365543e+01 1.030842969788564484e-05
3.958227876786669697e+01 1.032429611363551883e-05
3.983382520768443413e+01 1.024855484174225539e-05
4.008544842975349098e+01 1.018525576707081521e-05
4.033619301340542052e+01 1.016019700491113246e-05
4.058776599344974301e+01 1.005918037950334959e-05
4.083970221749189022e+01 1.005892889594272633e-05
4.109095921749577940e+01 1.003749035526583101e-05
4.134236727584069371e+01 9.972790876370578591e-06
4.159390229570379915e+01 9.933577041714441059e-06
4.184507899773220174e+01 9.889039282329362493e-06
4.209613747244114279e+01 9.865954533859309198e-06
4.234722818606434913e+01 9.854930653486484475e-06
4.259857332263157303e+01 9.780710048722143272e-06
4.285027109763341713e+01 9.790956624723545849e-06
4.310176195204312677e+01 9.745293745779569494e-06
4.335299280752174411e+01 9.713590349629156682e-06
4.360432095771267313e+01 9.685269257685639305e-06
4.385558663826572712e+01 9.666731981015212703e-06
4.410724528235365938e+01 9.610298579118319652e-06
4.435852190379520010e+01 9.558879820419594007e-06
4.460901713855037087e+01 9.572161928899563792e-06
4.486008510459071630e+01 9.529489227420149495e-06
4.511170295299168487e+01 9.512911249188138352e-06
4.536358210673532199e+01 9.477364475131064880e-06
4.561456198601624124e+01 9.425474674776366724e-06
4.586556721283918137e+01 9.397538464210841748e-06
4.611769651966599781e+01 9.413082815339497318e-06
4.636915627004315610e+01 9.317493081631659510e-06
4.662034887549072693e+01 9.321868122182592182e-06
4.687172305024841279e+01 9.329753847469380760e-06
4.712349745478636009e+01 9.286882146948493311e-06
4.737470617006108142e+01 9.234289111282157511e-06
4.762538569197067062e+01 9.285786901257067635e-06
4.787648835337603259e+01 9.203870606726123629e-06
4.812806309416585293e+01 9.203715836835160854e-06
4.837947377766823820e+01 9.188187826884275356e-06
4.863055608299239907e+01 9.109101352788356846e-06
4.888199020684587026e+01 9.127737653486805059e-06
4.913362466485948232e+01 9.116756408636415615e-06
4.938531946307731602e+01 9.111493305540110230e-06
4.963608988707425596e+01 9.074786502276720876e-06
4.988699356578750610e+01 9.065764859304327279e-06
5.013861839733769443e+01 9.067071395910178061e-06
5.038999807568713862e+01 9.053235089167303097e-06
5.064128572509015669e+01 8.986094400260688199e-06
5.089265153888026560e+01 8.988412766193462462e-06
5.114416620234485578e+01 8.980116879897201578e-06
5.139546355734375993e+01 8.991762593433251608e-06
5.164701680266333028e+01 8.983308700373135629e-06
5.189862905495089507e+01 8.952449697719085448e-06
5.214967308047777550e+01 8.907847109533586046e-06
5.240069291691047226e+01 8.884347699380832922e-06
5.265205790651547346e+01 8.867221998548267443e-06
5.290347041453212995e+01 8.878296021686113678e-06
5.315461969811498477e+01 8.885739543308045853e-06
5.340579219818222612e+01 8.881525659675599849e-06
5.365762065089100474e+01 8.814704887857517638e-06
5.390923473668377852e+01 8.847999430845920451e-06
5.416006359979510876e+01 8.824397839993422318e-06
5.441130437191114311e+01 8.822895242300670595e-06
5.466262745830391623e+01 8.797545649053191915e-06
5.491405993929731011e+01 8.778263943634700899e-06
5.516541491717607215e+01 8.789855317607901062e-06
5.541638268596229011e+01 8.791380443896612020e-06
5.566794564877197615e+01 8.787036867731921075e-06
5.591937805757883950e+01 8.797130474054866797e-06
5.617071533636728020e+01 8.755887005150290404e-06
5.642219117939477258e+01 8.719196872423346192e-06
5.667351334189861944e+01 8.765474333632001922e-06
5.692472708748548627e+01 8.719575938806707488e-06
5.717591204656960002e+01 8.751278990144239320e-06
5.742747687291149106e+01 8.744519667668417592e-06
5.767908487077198032e+01 8.745860875969940011e-06
5.793014671413330063e+01 8.766852648390627078e-06
5.818129395888691135e+01 8.765780212245198041e-06
5.843277276607519610e+01 8.757344644392871401e-06
5.868441457608106049e+01 8.761724017130059040e-06
5.893571635795849062e+01 8.775592497275676705e-06
5.918679860974395979e+01 8.761993851671756378e-06
5.943824578411374659e+01 8.779639713142477862e-06
5.968934443052460637e+01 8.806927766648291534e-06
5.994009881519919958e+01 8.808895994882149377e-06
6.019143008204730450e+01 8.824618376533893260e-06
6.044303967578304793e+01 8.818522929381158890e-06
6.069446539940648933e+01 8.827585264666929068e-06
6.094594283876522667e+01 8.846266422587902560e-06
6.119752142863568878e+01 8.893409930458435060e-06
6.144920707655568037e+01 8.896896630126756102e-06
6.170042875117553649e+01 8.936227871313578454e-06
6.195135852331920745e+01 8.928373483197376873e-06
6.220292279118605450e+01 8.976584896649224504e-06
6.245429299708936099e+01 8.998958764521307769e-06
6.270516484212564734e+01 9.003539976498215911e-06
6.295654789617530156e+01 9.063497479861910641e-06
6.320814180923495940e+01 9.091488644767572788e-06
6.345941573738152641e+01 9.118223864377391678e-06
6.371040057052023542e+01 9.126593940293926824e-06
6.396185745578683424e+01 9.176247155648784435e-06
6.421368546549915379e+01 9.235926503733963425e-06
6.446479073454199238e+01 9.247888890185263197e-06
6.471588673409551973e+01 9.214170508457381669e-06
6.496730834160189261e+01 9.206048381477273938e-06
6.521856319783852030e+01 9.191864446196159301e-06
6.546992987326736113e+01 9.140512647873520318e-06
6.572120553073852989e+01 9.180199848138655144e-06
6.597232322532917692e+01 9.152186453716740753e-06
6.622368994537650622e+01 9.118892331092129527e-06
6.647513103932683975e+01 9.105385783616178232e-06
6.672672959741110787e+01 9.067231800517411275e-06
6.697798244417811020e+01 9.076898718326071347e-06
6.722885542524284119e+01 9.051480404321981927e-06
6.748048616955249202e+01 9.064520103412411836e-06
6.773229923195737001e+01 9.048993987395300526e-06
6.798322572139460362e+01 9.017899328851144216e-06
6.823447173775937813e+01 8.980196194381462527e-06
6.848606896751729778e+01 8.995168626878498723e-06
6.873741544680683546e+01 8.959895586579541898e-06
6.898873787744179253e+01 8.961177013958435787e-06
6.923979673744193519e+01 8.931427376205623960e-06
6.949145441276264989e+01 8.928519113259515992e-06
6.974265210301840057e+01 8.910807765183078114e-06
6.999344031108012132e+01 8.900110358666384763e-06
7.024493114765583357e+01 8.898548296950824425e-06
7.049642464225027538e+01 8.901633437815378999e-06
7.074774315836204153e+01 8.882429912050240014e-06
7.099906993548422918e+01 8.843888012924200473e-06
7.125054486425644029e+01 8.829471682242309336e-06
7.150182990423201090e+01 8.830653223687745269e-06
7.175309169194970593e+01 8.809903886690052374e-06
7.200430886966613286e+01 8.805964804218486077e-06
7.225563655627148307e+01 8.787137094330866522e-06
7.250698057097335436e+01 8.804495249171600580e-06
7.275814540940223196e+01 8.785643577306239045e-06
7.300954011634642882e+01 8.750206297382814809e-06
7.326094744803241099e+01 8.738459707380762394e-06
7.351241635922633577e+01 8.753729298225923079e-06
7.376385704484314942e+01 8.742505384040167774e-06
7.401507686011912313e+01 8.712022472683535228e-06
7.426642983754513239e+01 8.735161155059817086e-06
7.451774392350500875e+01 8.705570957580585734e-06
7.476888196695857403e+01 8.694034203020559802e-06
7.502031254291918572e+01 8.720524138632091435e-06
7.527179980263341008e+01 8.669594683079743339e-06
7.552311252549999665e+01 8.709356220513563701e-06
7.577409780062980360e+01 8.677565550967810857e-06
7.602551875404107307e+01 8.648488909942025760e-06
7.627713348914349467e+01 8.658059354759426764e-06
7.652808863434110265e+01 8.658453970395484640e-06
7.677928937816385258e+01 8.643039303362331089e-06
7.703080422988723797e+01 8.648477501757605634e-06
7.728259641407451852e+01 8.641204729442606116e-06
7.753362846048165125e+01 8.634693945803293913e-06
7.778433144503740948e+01 8.633271744278706014e-06
7.803587445609785789e+01 8.637876916879434958e-06
7.828752478929132508e+01 8.637536693875593952e-06
7.853900368295268208e+01 8.602135001320388092e-06
7.879021312407734001e+01 8.627882836386288536e-06
7.904165509986182769e+01 8.602766230727382484e-06
7.929330413459700821e+01 8.627965815964226307e-06
7.954446877222407863e+01 8.652550617253866654e-06
7.979551714753698377e+01 8.678631734723413923e-06
8.004692165377868207e+01 8.664902637734076839e-06
8.029810489950233432e+01 8.646403766715593156e-06
8.054908874480256031e+01 8.684989125900231810e-06
8.080044321541014085e+01 8.676567104202761226e-06
8.105216211323228492e+01 8.700857470010493977e-06
8.130349433109076074e+01 8.692997377907355823e-06
8.155444015076058406e+01 8.706266609604530247e-06
8.180579598042007206e+01 8.730839653418411478e-06
8.205747345046690100e+01 8.732462665084553605e-06
8.230895288137371324e+01 8.735536596756733970e-06
8.256017853616197044e+01 8.774864132745405465e-06
8.281171136842024794e+01 8.797387558349151017e-06
8.306338874103768433e+01 8.796253642296671739e-06
8.331416972271263433e+01 8.797121844708195837e-06
8.356490365514949303e+01 8.806391154468666687e-06
8.381669207113579034e+01 8.853027017559731915e-06
8.406812178552961257e+01 8.846767401132436522e-06
8.431890933464019611e+01 8.896024709175849747e-06
8.457023187027826339e+01 8.929790492174721148e-06
8.482151559398789686e+01 8.962516320520570428e-06
8.507283003168710422e+01 8.950485473620472209e-06
8.532426808165841692e+01 8.958716092954955763e-06
8.557600476924378086e+01 8.995912265642560512e-06
8.582757594343893004e+01 9.056863176251937129e-06
8.607831587296919906e+01 9.081528512583923637e-06
8.632961333877408094e+01 9.085225784306538046e-06
8.658121923681562748e+01 9.116872823515435748e-06
8.683268673150530503e+01 9.185392657267792127e-06
8.708396519721972595e+01 9.179858014103606882e-06
8.733506961066505880e+01 9.162583530250086822e-06
8.758618105842411694e+01 9.196987739079576932e-06
8.783752567351578477e+01 9.211439756820768385e-06
8.808868914679788986e+01 9.284863857759313689e-06
8.833994003395393690e+01 9.269829632219011889e-06
8.859174898584991809e+01 9.340056296517944146e-06
8.884303273375222432e+01 9.298598852277762295e-06
8.909352487970716084e+01 9.347369891291130105e-06
8.934511690540148265e+01 9.347071566875015769e-06
8.959715158813172309e+01 9.307907969791845220e-06
8.984803368908821142e+01 9.400274953226351457e-06
9.009924288814356430e+01 9.340018309744781426e-06
9.035039732041329330e+01 9.320738933658052335e-06
9.060151066709157419e+01 9.333151318447252529e-06
9.085215645777752513e+01 9.275148272391621574e-06
9.110358912880106175e+01 9.169310877022778403e-06
9.135593221689693166e+01 9.153465809812307631e-06
9.160680049007517312e+01 9.120254689004851818e-06
9.185814296072571494e+01 9.061904606924881615e-06
9.211014914083067140e+01 9.078563097730446549e-06
9.236133039430572467e+01 9.018910738125911390e-06
9.261226961967061300e+01 9.090172752870374700e-06
9.286339612223196127e+01 9.024128813242128540e-06
9.311503395193372512e+01 9.008397923086590691e-06
9.336621751977830286e+01 9.001622427242646633e-06
9.361677474844866254e+01 9.028441054495184656e-06
9.386828402731896404e+01 9.033521091544410470e-06
9.412013166396859276e+01 9.012972371476578618e-06
9.437159577797395116e+01 9.096787050112829147e-06
9.462215507964623384e+01 9.071182168387252636e-06
9.487303142853234306e+01 9.103561020911449822e-06
9.512563612801736213e+01 8.999577062562813794e-06
9.537712370347337298e+01 9.000284107714956038e-06
9.562770329733204733e+01 9.029912294494777839e-06
9.587952553542562839e+01 9.031247785756616462e-06
9.613214193709879396e+01 9.079726613484550649e-06
9.638292294616348954e+01 9.121035287397149394e-06
9.663323205539920480e+01 9.198865552289962785e-06
9.688575427051634392e+01 9.140787724764122554e-06
9.713720230214802598e+01 9.121737858691060465e-06
9.738711075112470894e+01 9.194717127814930620e-06
9.763880850310884796e+01 9.282959760417087950e-06
9.789195925073893534e+01 9.143195033339867798e-06
9.814276473823834124e+01 9.288620866768039906e-06
9.839200152577470249e+01 9.336625323389648876e-06
9.864436939619000100e+01 9.369164767601231400e-06
9.889657229158518703e+01 9.368847151171590693e-06
9.914654206758739008e+01 9.382981229428175347e-06
9.939737265117041431e+01 9.500825980972256985e-06
9.964971324453516388e+01 9.545262196423759984e-06
9.990221505033474614e+01 9.502927667306664667e-06
1.001521516083068519e+02 9.534090587099525274e-06
1.004020181344354228e+02 9.726776442127741542e-06
1.006555261342845853e+02 9.620258698668985697e-06
1.009078779715744503e+02 9.806324944804978066e-06
1.011564847190979037e+02 1.003979339723320477e-05
1.014077980390921851e+02 9.937581215193183319e-06
1.016621206036857075e+02 1.008801040569906748e-05
1.019133439536030323e+02 1.012699230086543495e-05
1.021611090492770160e+02 1.019724450639304854e-05
1.024134287982906386e+02 1.037360902968486226e-05
1.026689526987222933e+02 1.021290244559919572e-05
1.029179005362147450e+02 1.051668514256826014e-05
1.031645010122565509e+02 1.066278254858300728e-05
1.034190198448752227e+02 1.078560668594240560e-05
1.036740078018821123e+02 1.077536024400087878e-05
1.039223728592707516e+02 1.121101399706108183e-05
1.041718863957155321e+02 1.100812427540278934e-05
1.044269799004653407e+02 1.100263617747717237e-05
1.046773133673284093e+02 1.132563008329290442e-05
1.049203418007823814e+02 1.147958658873495546e-05
1.051759012379430231e+02 1.149782626561792932e-05
1.054364230283171651e+02 1.183514543625004799e-05
1.056811914497119176e+02 1.205611653114086624e-05
1.059215804876414495e+02 1.193638291351913372e-05
1.061816384917722758e+02 1.210485618306620146e-05
1.064472113030423515e+02 1.218341239787366120e-05
1.066878058983536732e+02 1.243156604142968252e-05
1.069236360402103827e+02 1.285162471287941309e-05
1.071892705778195563e+02 1.305373991095493244e-05
1.074586772409291342e+02 1.318520541528624148e-05
1.076879342587935611e+02 1.337735061386522247e-05
1.079185870885384446e+02 1.401952654320143420e-05
1.081956775747713095e+02 1.452838622955568963e-05
1.084728105259587352e+02 1.435120796470963701e-05
1.086839161354765366e+02 1.519711889906281151e-05
1.089114578639759117e+02 1.479810288901552233e-05
1.091979138747751392e+02 1.511202789557572192e-05
1.094826115122194068e+02 1.500288675538200200e-05
1.096995281563482934e+02 1.433252178357360428e-05
1.099149327348783771e+02 1.746905423512344686e-05
1.102017255337961075e+02 1.635579370477494048e-05
1.104879737748566555e+02 1.772292516776029052e-05
1.107157115274964241e+02 1.717567799063629341e-05
1.109132792987308136e+02 1.602791889878391125e-05
1.111862324688471801e+02 1.770024431039022339e-05
1.114398329385503388e+02 4.911297560881585468e-05
