3.559856489878782115e-01 6.171486191982307190e-01
6.031648866026231293e-01 2.344117293016629300e-01
8.579160745827347778e-01 1.511929051070049213e-01
1.113464310595710716e+00 8.166712462285706520e-02
1.374039914321364408e+00 5.686091224868078386e-02
1.619154704570298309e+00 3.934455000245180162e-02
1.870686673430271840e+00 2.938980323372405654e-02
2.123290040706380832e+00 2.200930861515093540e-02
2.378144976376236119e+00 1.615573001856024371e-02
2.630489925835516996e+00 1.134845552376765807e-02
2.878653162679494670e+00 9.720624742988945299e-03
3.131144366275339319e+00 6.768103972667714741e-03
3.388159578333816313e+00 5.461532605195417063e-03
3.638741848210948149e+00 4.200988201308269651e-03
3.888315910732085268e+00 3.358891937944644395e-03
4.139052155837465996e+00 2.616369107542900266e-03
4.390305777018236988e+00 2.146799779311510739e-03
4.642172339120373081e+00 1.751045710437377232e-03
4.894678666149941293e+00 1.445512283847490143e-03
5.147269052361176378e+00 1.172467488241061466e-03
5.398003206656323272e+00 1.019467192583945131e-03
5.647798235368590269e+00 8.984409644389834519e-04
5.900534302989873581e+00 7.415813782556179628e-04
6.151460297009074374e+00 6.483876213636295465e-04
6.402630176204441526e+00 5.582049031780840498e-04
6.655964674748322096e+00 5.009527205975202770e-04
6.908782583105771202e+00 4.284633801690891012e-04
7.159060853508338873e+00 3.927139645510807631e-04
7.409414762591408632e+00 3.586842914431597634e-04
7.659227149364629561e+00 3.220670758240750916e-04
7.911559474606142395e+00 2.867962456856397164e-04
8.163750941790897997e+00 2.627780188692370347e-04
8.415757210439384295e+00 2.368344197709298514e-04
8.667638839289207198e+00 2.175393284032324428e-04
8.918801124864609520e+00 1.948515938305616908e-04
9.170480108345369530e+00 1.787837389165223829e-04
9.420566033467249412e+00 1.624098181411116849e-04
9.671642335271435797e+00 1.509540154222446904e-04
9.923426157758477473e+00 1.408467378998915528e-04
1.017396902749181820e+01 1.299323723940432301e-04
1.042533700753922155e+01 1.193466746514176905e-04
1.067702948358784276e+01 1.132037393709267137e-04
1.092969337256462303e+01 1.051786871274012710e-04
1.118211872033766419e+01 9.729688603374425627e-05
1.143346516925797296e+01 9.098655252479731709e-05
1.168350508557724687e+01 8.578658003176314753e-05
1.193379937775929100e+01 8.109393014048555239e-05
1.218553055762879112e+01 7.628162966789647434e-05
1.243711650801278878e+01 7.141717847898855736e-05
1.268867268647359303e+01 6.830941825842579097e-05
1.294075027177769144e+01 6.339025844999510335e-05
1.319267287020158363e+01 6.047410272094304307e-05
1.344470571782862756e+01 5.761302589946181390e-05
1.369480150283709641e+01 5.459588130092214074e-05
1.394591277066507828e+01 5.218632863942780311e-05
1.419764645764527167e+01 4.932691179761844821e-05
1.444766774168416212e+01 4.747989224298549961e-05
1.469906835825429070e+01 4.539116430465239593e-05
1.495059118111036511e+01 4.292091116331697253e-05
1.520261612590052991e+01 4.147249658447641884e-05
1.545415944503929495e+01 3.959162174957072034e-05
1.570456072545780124e+01 3.823708938183029274e-05
1.595705800128773966e+01 3.665692312273170040e-05
1.620829297830731619e+01 3.503440250411932590e-05
1.645966591028190962e+01 3.392145283244530425e-05
1.671125708846596325e+01 3.298062105855360354e-05
1.696160259490052624e+01 3.141081435901446660e-05
1.721370276108077135e+01 3.044501412052611617e-05
1.746543424102250341e+01 2.926906680287669384e-05
1.771598473288305442e+01 2.843529133883361681e-05
1.796653767411944003e+01 2.757043124561411082e-05
1.821765658501893270e+01 2.669993864836516306e-05
1.847053788120423334e+01 2.625963980989884172e-05
1.872257696809484173e+01 2.519042055688165189e-05
1.897394097105746269e+01 2.452864414916739916e-05
1.922542454726159988e+01 2.371773558709303086e-05
1.947607703355479103e+01 2.323746286476455379e-05
1.972678839839982601e+01 2.281189735213325924e-05
1.997802698857814363e+01 2.185474394871981868e-05
2.022863620534168660e+01 2.149439529666254098e-05
2.047969598507238231e+01 2.096033952661604993e-05
2.073250439107362553e+01 2.039783837289480014e-05
2.098435855211640089e+01 1.993687839210696251e-05
2.123502923393334640e+01 1.924975003372153339e-05
2.148629411178690773e+01 1.901019883068120412e-05
2.173831825513516591e+01 1.856241061217005488e-05
2.198972260956887226e+01 1.820455075507337712e-05
2.223974971000711420e+01 1.769006434826630726e-05
2.249141870643862973e+01 1.742097029985511077e-05
2.274404614890906373e+01 1.681479639265017230e-05
2.299521835768831579e+01 1.667826373108868677e-05
2.324620084136223852e+01 1.626678410934125147e-05
2.349757798664387209e+01 1.599579769896484775e-05
2.374870488118759937e+01 1.569426575983427728e-05
2.399988781917473091e+01 1.525214153257992401e-05
2.425071646049711305e+01 1.500831223308934478e-05
2.450187830577813841e+01 1.476190994948900191e-05
2.475391093216606109e+01 1.450556758900696233e-05
2.500524226975159792e+01 1.428357584479033422e-05
2.525610980153284402e+01 1.401395183176197418e-05
2.550801425092822328e+01 1.372103403999440982e-05
2.575943113325822864e+01 1.349134959374993811e-05
2.601074166866445125e+01 1.327282399759369293e-05
2.626234447079615464e+01 1.300262177187364092e-05
2.651347712943701751e+01 1.271422994414374526e-05
2.676474177984877656e+01 1.263875409836559821e-05
2.701628079430242479e+01 1.234936558025903957e-05
2.726734205837282232e+01 1.216620104519532660e-05
2.751837013544679422e+01 1.195615481423792707e-05
2.776937726815812724e+01 1.179267761458805864e-05
2.802070160973895341e+01 1.169905797058214217e-05
2.827249982643487058e+01 1.143663971444707984e-05
2.852407603869968966e+01 1.122790445196079440e-05
2.877567300468570721e+01 1.109995549525226552e-05
2.902733523039245256e+01 1.091046704601090732e-05
2.927861073083739996e+01 1.071553027939852517e-05
2.953003196193969160e+01 1.047340234789470111e-05
2.978106336846375157e+01 1.039101188715400387e-05
3.003148440777084716e+01 1.024037982994242307e-05
3.028303386126418673e+01 1.006328799006013057e-05
3.053456493440382857e+01 9.899209647491750877e-06
3.078585183944906944e+01 9.775466555051544239e-06
3.103757946070165730e+01 9.631805644363901006e-06
3.128931656795834826e+01 9.522040179448916251e-06
3.154125974608096428e+01 9.339126270239271434e-06
3.179158626791808828e+01 9.236666627758686747e-06
3.204196438636942190e+01 9.112298011056309553e-06
3.229345624690945016e+01 9.006795349136597470e-06
3.254491795349546379e+01 8.810549176274560065e-06
3.279661199584414533e+01 8.699423305313489679e-06
3.304781054557115993e+01 8.627890709685116755e-06
3.329958828032162188e+01 8.426254044911049007e-06
3.355183723684311303e+01 8.306150636269328801e-06
3.380253855881218072e+01 8.211078957834734709e-06
3.405313147025059095e+01 8.117228354676758273e-06
3.430479305560803738e+01 7.989140213160883275e-06
3.455623390824965924e+01 7.884452434126627718e-06
3.480735498195039668e+01 7.791408865838404994e-06
3.505856438430107858e+01 7.637644055547051760e-06
3.531001549359893943e+01 7.586085081399183414e-06
3.556133107357548084e+01 7.425390618198750926e-06
3.581233698845250757e+01 7.344605494443491814e-06
3.606382608666838507e+01 7.227756658376043424e-06
3.631533331237931606e+01 7.105507545041394221e-06
3.656697642527945646e+01 7.046120636732961403e-06
3.681852327087045751e+01 6.942156049851518326e-06
3.706973766105884494e+01 6.859460211493193310e-06
3.732129678941971207e+01 6.731416496417058862e-06
3.757306314229551703e+01 6.687540560073518741e-06
3.782389924159279104e+01 6.530010554736712951e-06
3.807464007418068519e+01 6.470281408222911985e-06
3.832565302212735503e+01 6.386587083451491241e-06
3.857740378043642693e+01 6.289438467250742260e-06
3.882942253427300017e+01 6.200456270659268770e-06
3.908032307380011616e+01 6.133080514919814282e-06
3.933129330145365543e+01 6.027387378297127981e-06
3.958227876786669697e+01 5.946914639251739071e-06
3.983382520768443413e+01 5.874480247788038228e-06
4.008544842975349098e+01 5.797266288941913407e-06
4.033619301340542052e+01 5.710239696516829839e-06
4.058776599344974301e+01 5.623747653481602610e-06
4.083970221749189022e+01 5.574989527591967404e-06
4.109095921749577940e+01 5.487012897388167066e-06
4.134236727584069371e+01 5.430972840120595381e-06
4.159390229570379915e+01 5.335994719652032659e-06
4.184507899773220174e+01 5.272761489050844955e-06
4.209613747244114279e+01 5.196799916426879261e-06
4.234722818606434913e+01 5.128982722501020141e-06
4.259857332263157303e+01 5.053991944411671372e-06
4.285027109763341713e+01 4.997506439036445466e-06
4.310176195204312677e+01 4.927489291212464717e-06
4.335299280752174411e+01 4.837417473531869577e-06
4.360432095771267313e+01 4.775404694838152158e-06
4.385558663826572712e+01 4.724019150299384019e-06
4.410724528235365938e+01 4.661536511568714180e-06
4.435852190379520010e+01 4.572206360280695094e-06
4.460901713855037087e+01 4.531756716853279466e-06
4.486008510459071630e+01 4.458758977818703228e-06
4.511170295299168487e+01 4.393347765793034896e-06
4.536358210673532199e+01 4.353085313062645991e-06
4.561456198601624124e+01 4.275438544214837863e-06
4.586556721283918137e+01 4.207808658592954019e-06
4.611769651966599781e+01 4.142008451521524706e-06
4.636915627004315610e+01 4.086510749100073230e-06
4.662034887549072693e+01 4.040049699630160579e-06
4.687172305024841279e+01 3.978140044874609025e-06
4.712349745478636009e+01 3.930671544907397194e-06
4.737470617006108142e+01 3.872531784300668613e-06
4.762538569197067062e+01 3.811856195167789077e-06
4.787648835337603259e+01 3.758942618816984383e-06
4.812806309416585293e+01 3.718910650369366050e-06
4.837947377766823820e+01 3.662986574509766575e-06
4.863055608299239907e+01 3.609794729198464460e-06
4.888199020684587026e+01 3.549221856857852016e-06
4.913362466485948232e+01 3.501826902371974144e-06
4.938531946307731602e+01 3.466404521211646170e-06
4.963608988707425596e+01 3.406888495491167965e-06
4.988699356578750610e+01 3.359940108741100913e-06
5.013861839733769443e+01 3.308232710661239031e-06
5.038999807568713862e+01 3.256872035151462187e-06
5.064128572509015669e+01 3.200297628762593035e-06
5.089265153888026560e+01 3.154598332394753910e-06
5.114416620234485578e+01 3.123647393109333228e-06
5.139546355734375993e+01 3.076223643209436288e-06
5.164701680266333028e+01 3.023546088494597615e-06
5.189862905495089507e+01 2.982109321631065418e-06
5.214967308047777550e+01 2.946720554083840919e-06
5.240069291691047226e+01 2.908024789656223924e-06
5.265205790651547346e+01 2.861255156535693696e-06
5.290347041453212995e+01 2.810557466889311229e-06
5.315461969811498477e+01 2.774377078823040031e-06
5.340579219818222612e+01 2.739086802791587379e-06
5.365762065089100474e+01 2.697751195196525534e-06
5.390923473668377852e+01 2.652402825977578709e-06
5.416006359979510876e+01 2.627796680264615938e-06
5.441130437191114311e+01 2.588555862994597373e-06
5.466262745830391623e+01 2.555337224263159001e-06
5.491405993929731011e+01 2.515836027669141253e-06
5.516541491717607215e+01 2.476535010207295720e-06
5.541638268596229011e+01 2.436477324106060593e-06
5.566794564877197615e+01 2.399537592368772369e-06
5.591937805757883950e+01 2.372467086784986493e-06
5.617071533636728020e+01 2.336393948953002963e-06
5.642219117939477258e+01 2.294846170047257254e-06
5.667351334189861944e+01 2.273695711068196043e-06
5.692472708748548627e+01 2.242355816389368062e-06
5.717591204656960002e+01 2.200831394515324173e-06
5.742747687291149106e+01 2.174593925429316733e-06
5.767908487077198032e+01 2.147021217761298534e-06
5.793014671413330063e+01 2.123298309476659924e-06
5.818129395888691135e+01 2.086513020400436583e-06
5.843277276607519610e+01 2.058126676422189629e-06
5.868441457608106049e+01 2.025942870705915806e-06
5.893571635795849062e+01 2.007497225154279681e-06
5.918679860974395979e+01 1.977835342123669800e-06
5.943824578411374659e+01 1.947208770113850561e-06
5.968934443052460637e+01 1.922206860692165569e-06
5.994009881519919958e+01 1.899591640065092522e-06
6.019143008204730450e+01 1.869284659922807012e-06
6.044303967578304793e+01 1.844643815805591756e-06
6.069446539940648933e+01 1.814891255508798630e-06
6.094594283876522667e+01 1.794317600505476459e-06
6.119752142863568878e+01 1.770060308486849354e-06
6.144920707655568037e+01 1.741087630770661241e-06
6.170042875117553649e+01 1.725620143827739183e-06
6.195135852331920745e+01 1.704580193640002418e-06
6.220292279118605450e+01 1.681308436077089530e-06
6.245429299708936099e+01 1.659070528099095392e-06
6.270516484212564734e+01 1.639137488964706727e-06
6.295654789617530156e+01 1.617376947551196616e-06
6.320814180923495940e+01 1.595448622311940199e-06
6.345941573738152641e+01 1.580876744346062616e-06
6.371040057052023542e+01 1.553030334077846482e-06
6.396185745578683424e+01 1.545268824623591203e-06
6.421368546549915379e+01 1.524833650650887521e-06
6.446479073454199238e+01 1.503507246562460910e-06
6.471588673409551973e+01 1.474917000079576308e-06
6.496730834160189261e+01 1.454384668490023883e-06
6.521856319783852030e+01 1.431177635881974570e-06
6.546992987326736113e+01 1.411662102001241675e-06
6.572120553073852989e+01 1.379764537475161034e-06
6.597232322532917692e+01 1.363519344131553983e-06
6.622368994537650622e+01 1.336177125652304246e-06
6.647513103932683975e+01 1.316724094925581041e-06
6.672672959741110787e+01 1.295272775590705251e-06
6.697798244417811020e+01 1.269586733361991953e-06
6.722885542524284119e+01 1.251698401669622361e-06
6.748048616955249202e+01 1.230738200711879950e-06
6.773229923195737001e+01 1.206566265583463334e-06
6.798322572139460362e+01 1.186021838983176313e-06
6.823447173775937813e+01 1.164768502370453392e-06
6.848606896751729778e+01 1.148079992747088689e-06
6.873741544680683546e+01 1.128749183681855269e-06
6.898873787744179253e+01 1.110233411523999087e-06
6.923979673744193519e+01 1.090955661105888442e-06
6.949145441276264989e+01 1.065704423662445275e-06
6.974265210301840057e+01 1.052587934353901748e-06
6.999344031108012132e+01 1.035591830036173699e-06
7.024493114765583357e+01 1.013814177568757433e-06
7.049642464225027538e+01 9.964854396861910487e-07
7.074774315836204153e+01 9.841504445446068784e-07
7.099906993548422918e+01 9.644018642708957663e-07
7.125054486425644029e+01 9.477986664696022476e-07
7.150182990423201090e+01 9.317646557068997355e-07
7.175309169194970593e+01 9.126538172889384353e-07
7.200430886966613286e+01 8.988915836130547559e-07
7.225563655627148307e+01 8.819728906373733442e-07
7.250698057097335436e+01 8.689240819903324545e-07
7.275814540940223196e+01 8.529402486724764101e-07
7.300954011634642882e+01 8.336857674696048003e-07
7.326094744803241099e+01 8.208911618187666804e-07
7.351241635922633577e+01 8.073045119553246683e-07
7.376385704484314942e+01 7.907667692308724471e-07
7.401507686011912313e+01 7.771414559475728662e-07
7.426642983754513239e+01 7.648203208828341562e-07
7.451774392350500875e+01 7.493051854109007993e-07
7.476888196695857403e+01 7.388210538918111876e-07
7.502031254291918572e+01 7.238172818869104800e-07
7.527179980263341008e+01 7.129817416626247012e-07
7.552311252549999665e+01 6.986925232126361453e-07
7.577409780062980360e+01 6.865460684567173534e-07
7.602551875404107307e+01 6.729864295587388875e-07
7.627713348914349467e+01 6.604521521602180148e-07
7.652808863434110265e+01 6.486998354920532601e-07
7.677928937816385258e+01 6.371216145050709847e-07
7.703080422988723797e+01 6.257204098549071991e-07
7.728259641407451852e+01 6.124446884706727655e-07
7.753362846048165125e+01 6.013360175320440135e-07
7.778433144503740948e+01 5.901103663491918593e-07
7.803587445609785789e+01 5.807350152132953568e-07
7.828752478929132508e+01 5.696310391207416446e-07
7.853900368295268208e+01 5.583535351408183065e-07
7.879021312407734001e+01 5.497829448707907150e-07
7.904165509986182769e+01 5.397830577232066352e-07
7.929330413459700821e+01 5.301379640942103733e-07
7.954446877222407863e+01 5.198524022267804895e-07
7.979551714753698377e+01 5.114064296422043015e-07
8.004692165377868207e+01 5.033262094203195666e-07
8.029810489950233432e+01 4.929836074246227181e-07
8.054908874480256031e+01 4.838809507977971133e-07
8.080044321541014085e+01 4.760632611834767727e-07
8.105216211323228492e+01 4.671779135769197304e-07
8.130349433109076074e+01 4.595823615111245403e-07
8.155444015076058406e+01 4.527624682169918863e-07
8.180579598042007206e+01 4.423604427313204253e-07
8.205747345046690100e+01 4.352590711174437249e-07
8.230895288137371324e+01 4.270354222256811366e-07
8.256017853616197044e+01 4.207084269656338333e-07
8.281171136842024794e+01 4.134487065782854380e-07
8.306338874103768433e+01 4.074926457093632703e-07
8.331416972271263433e+01 3.990784585449293977e-07
8.356490365514949303e+01 3.900284733364425178e-07
8.381669207113579034e+01 3.851156881928368695e-07
8.406812178552961257e+01 3.780778120796699193e-07
8.431890933464019611e+01 3.708087028223363513e-07
8.457023187027826339e+01 3.655082931723611963e-07
8.482151559398789686e+01 3.607332502042808535e-07
8.507283003168710422e+01 3.526185947719043794e-07
8.532426808165841692e+01 3.473396781899672905e-07
8.557600476924378086e+01 3.406185010814573626e-07
8.582757594343893004e+01 3.338965354886817054e-07
8.607831587296919906e+01 3.297091198813843017e-07
8.632961333877408094e+01 3.240378746180580237e-07
8.658121923681562748e+01 3.173588880638479875e-07
8.683268673150530503e+01 3.138081495152201097e-07
8.708396519721972595e+01 3.075069248143058615e-07
8.733506961066505880e+01 3.018242168677821635e-07
8.758618105842411694e+01 2.968649362801936131e-07
8.783752567351578477e+01 2.913266478220569255e-07
8.808868914679788986e+01 2.877589038121182177e-07
8.833994003395393690e+01 2.804456121917659472e-07
8.859174898584991809e+01 2.778836765705615434e-07
8.884303273375222432e+01 2.713817541506453875e-07
8.909352487970716084e+01 2.661936155124868698e-07
8.934511690540148265e+01 2.609317792193174128e-07
8.959715158813172309e+01 2.561758244016929350e-07
8.984803368908821142e+01 2.519736051396783801e-07
9.009924288814356430e+01 2.462378187153912549e-07
9.035039732041329330e+01 2.414344416143524952e-07
9.060151066709157419e+01 2.348325929220049698e-07
9.085215645777752513e+01 2.297002731836987185e-07
9.110358912880106175e+01 2.245128190323811153e-07
9.135593221689693166e+01 2.188688026272755388e-07
9.160680049007517312e+01 2.148949791601230516e-07
9.185814296072571494e+01 2.100222597161153358e-07
9.211014914083067140e+01 2.049198187211126450e-07
9.236133039430572467e+01 2.020904833982539114e-07
9.261226961967061300e+01 1.968639160530132459e-07
9.286339612223196127e+01 1.924795489173526053e-07
9.311503395193372512e+01 1.873333299575800143e-07
9.336621751977830286e+01 1.839722214598038768e-07
9.361677474844866254e+01 1.794118295754512157e-07
9.386828402731896404e+01 1.767836505810856230e-07
9.412013166396859276e+01 1.722404006258353299e-07
9.437159577797395116e+01 1.682029329653187481e-07
9.462215507964623384e+01 1.667035160331117351e-07
9.487303142853234306e+01 1.641161267144512400e-07
9.512563612801736213e+01 1.595195754086171726e-07
9.537712370347337298e+01 1.568152068641527250e-07
9.562770329733204733e+01 1.521096043425815190e-07
9.587952553542562839e+01 1.508449559062176744e-07
9.613214193709879396e+01 1.470044138796282044e-07
9.638292294616348954e+01 1.442194855168915477e-07
9.663323205539920480e+01 1.409104013809424880e-07
9.688575427051634392e+01 1.387773254114371355e-07
9.713720230214802598e+01 1.352871788577517484e-07
9.738711075112470894e+01 1.328011385311689317e-07
9.763880850310884796e+01 1.298772238661565760e-07
9.789195925073893534e+01 1.291059411375668749e-07
9.814276473823834124e+01 1.258151164351037678e-07
9.839200152577470249e+01 1.237477408472526073e-07
9.864436939619000100e+01 1.213618670683050469e-07
9.889657229158518703e+01 1.192304743229497491e-07
9.914654206758739008e+01 1.174261121589988886e-07
9.939737265117041431e+01 1.153363961221494055e-07
9.964971324453516388e+01 1.135151292849813887e-07
9.990221505033474614e+01 1.106960266225468649e-07
1.001521516083068519e+02 1.077679949169020157e-07
1.004020181344354228e+02 1.070770514060547567e-07
1.006555261342845853e+02 1.042858697389432974e-07
1.009078779715744503e+02 1.044364575695446490e-07
1.011564847190979037e+02 1.036633333165327946e-07
1.014077980390921851e+02 1.002876685998568925e-07
1.016621206036857075e+02 1.001102134429218060e-07
1.019133439536030323e+02 9.619889329431813682e-08
1.021611090492770160e+02 9.654789808126874746e-08
1.024134287982906386e+02 9.249608810122437935e-08
1.026689526987222933e+02 9.247948381370580951e-08
1.029179005362147450e+02 9.124878946582989956e-08
1.031645010122565509e+02 8.989089566967058463e-08
1.034190198448752227e+02 8.891881093140141514e-08
1.036740078018821123e+02 8.689345254095452897e-08
1.039223728592707516e+02 8.633499522551179556e-08
1.041718863957155321e+02 8.578412014656729325e-08
1.044269799004653407e+02 8.392002395431617210e-08
1.046773133673284093e+02 8.112206419331324467e-08
1.049203418007823814e+02 8.256722842055248763e-08
1.051759012379430231e+02 8.134480055041400714e-08
1.054364230283171651e+02 8.051333370690258717e-08
1.056811914497119176e+02 7.946047416169529120e-08
1.059215804876414495e+02 7.955101521118259546e-08
1.061816384917722758e+02 7.985483117511408781e-08
1.064472113030423515e+02 7.959348482554976858e-08
1.066878058983536732e+02 7.814181008010014530e-08
1.069236360402103827e+02 7.735005849663714841e-08
1.071892705778195563e+02 7.703895688639931141e-08
1.074586772409291342e+02 7.558581419505314528e-08
1.076879342587935611e+02 7.364725858843371616e-08
1.079185870885384446e+02 7.383375077752276767e-08
1.081956775747713095e+02 7.345226897199252268e-08
1.084728105259587352e+02 7.099602045644060691e-08
1.086839161354765366e+02 7.000680224337997112e-08
1.089114578639759117e+02 6.896195333157109414e-08
1.091979138747751392e+02 7.640108847116652246e-08
1.094826115122194068e+02 7.115910086529357560e-08
1.096995281563482934e+02 7.249469371163465095e-08
1.099149327348783771e+02 7.170855611862306113e-08
1.102017255337961075e+02 7.503168867818027726e-08
1.104879737748566555e+02 8.061420938357204117e-08
1.107157115274964241e+02 7.622509358817495620e-08
1.109132792987308136e+02 8.868519633475491102e-08
1.111862324688471801e+02 6.849824158403372664e-08
1.114398329385503388e+02 6.343158479578256521e-08
