3.559856489878782115e-01 6.486276478432982939e-01
6.031648866026231293e-01 2.448633463441843849e-01
8.579160745827347778e-01 1.578687171237213305e-01
1.113464310595710716e+00 8.506999967792910899e-02
1.374039914321364408e+00 5.896328823597405538e-02
1.619154704570298309e+00 4.076280989611173744e-02
1.870686673430271840e+00 3.035338037757088700e-02
2.123290040706380832e+00 2.271288032256325515e-02
2.378144976376236119e+00 1.665223932596903225e-02
2.630489925835516996e+00 1.165732055345653287e-02
2.878653162679494670e+00 9.981663883121707700e-03
3.131144366275339319e+00 6.941641867232102234e-03
3.388159578333816313e+00 5.602304416469502772e-03
3.638741848210948149e+00 4.309312881295902613e-03
3.888315910732085268e+00 3.446692501184699543e-03
4.139052155837465996e+00 2.687379689250255117e-03
4.390305777018236988e+00 2.198655162094728145e-03
4.642172339120373081e+00 1.792867895119661624e-03
4.894678666149941293e+00 1.476440717912538099e-03
5.147269052361176378e+00 1.198754496403892176e-03
5.398003206656323272e+00 1.044432480346259599e-03
5.647798235368590269e+00 9.214929383307826410e-04
5.900534302989873581e+00 7.612146613270056022e-04
6.151460297009074374e+00 6.671285428042984843e-04
6.402630176204441526e+00 5.729856048789990245e-04
6.655964674748322096e+00 5.148004721666597653e-04
6.908782583105771202e+00 4.406752005525909916e-04
7.159060853508338873e+00 4.048249488702146859e-04
7.409414762591408632e+00 3.693061305106298819e-04
7.659227149364629561e+00 3.319691824143542304e-04
7.911559474606142395e+00 2.964064984055227257e-04
8.163750941790897997e+00 2.720232439630501002e-04
8.415757210439384295e+00 2.440969458124455770e-04
8.667638839289207198e+00 2.250126688237589286e-04
8.918801124864609520e+00 2.013280223937032596e-04
9.170480108345369530e+00 1.849258644582973531e-04
9.420566033467249412e+00 1.673478495717329597e-04
9.671642335271435797e+00 1.558223185638454009e-04
9.923426157758477473e+00 1.460107312398621930e-04
1.017396902749181820e+01 1.346486516691532533e-04
1.042533700753922155e+01 1.235964330571190958e-04
1.067702948358784276e+01 1.171277399275413893e-04
1.092969337256462303e+01 1.092574392967369683e-04
1.118211872033766419e+01 1.012177417451745354e-04
1.143346516925797296e+01 9.461556105530083893e-05
1.168350508557724687e+01 8.927925151555443346e-05
1.193379937775929100e+01 8.410849908192017494e-05
1.218553055762879112e+01 7.946837076109878923e-05
1.243711650801278878e+01 7.417931680228862174e-05
1.268867268647359303e+01 7.089813025558661509e-05
1.294075027177769144e+01 6.570679309697395609e-05
1.319267287020158363e+01 6.271598523772145637e-05
1.344470571782862756e+01 5.957137032172574084e-05
1.369480150283709641e+01 5.663661213765076044e-05
1.394591277066507828e+01 5.401542706070591461e-05
1.419764645764527167e+01 5.106362816628986064e-05
1.444766774168416212e+01 4.900199864920362240e-05
1.469906835825429070e+01 4.660741925358315402e-05
1.495059118111036511e+01 4.444598799033705645e-05
1.520261612590052991e+01 4.250403968847476783e-05
1.545415944503929495e+01 4.083132415744495503e-05
1.570456072545780124e+01 3.943192057712806606e-05
1.595705800128773966e+01 3.761465722232304151e-05
1.620829297830731619e+01 3.611371625348306957e-05
1.645966591028190962e+01 3.476841237311268393e-05
1.671125708846596325e+01 3.378535068158711099e-05
1.696160259490052624e+01 3.221424489608077057e-05
1.721370276108077135e+01 3.117367343491428671e-05
1.746543424102250341e+01 2.987117543121266022e-05
1.771598473288305442e+01 2.912624811387521485e-05
1.796653767411944003e+01 2.820925647106584794e-05
1.821765658501893270e+01 2.735045847700889147e-05
1.847053788120423334e+01 2.685490096540207400e-05
1.872257696809484173e+01 2.569901197652826497e-05
1.897394097105746269e+01 2.504449499924624249e-05
1.922542454726159988e+01 2.423720857957554586e-05
1.947607703355479103e+01 2.352629002593563184e-05
1.972678839839982601e+01 2.306439944003873849e-05
1.997802698857814363e+01 2.203136471886604609e-05
2.022863620534168660e+01 2.166976161823842869e-05
2.047969598507238231e+01 2.111308086519939311e-05
2.073250439107362553e+01 2.063482698446617627e-05
2.098435855211640089e+01 2.011402737280780750e-05
2.123502923393334640e+01 1.925215124341211662e-05
2.148629411178690773e+01 1.916731751639510177e-05
2.173831825513516591e+01 1.858845805668692962e-05
2.198972260956887226e+01 1.810266613091087898e-05
2.223974971000711420e+01 1.761396001425368917e-05
2.249141870643862973e+01 1.743740269443761951e-05
2.274404614890906373e+01 1.674298396663813525e-05
2.299521835768831579e+01 1.656286118152095317e-05
2.324620084136223852e+01 1.612745300988183443e-05
2.349757798664387209e+01 1.589430280149019481e-05
2.374870488118759937e+01 1.554010645563965630e-05
2.399988781917473091e+01 1.512259703208182009e-05
2.425071646049711305e+01 1.481954439363246314e-05
2.450187830577813841e+01 1.467852386714662354e-05
2.475391093216606109e+01 1.429407173177736038e-05
2.500524226975159792e+01 1.407966820628494117e-05
2.525610980153284402e+01 1.379727460215030431e-05
2.550801425092822328e+01 1.350596724988649880e-05
2.575943113325822864e+01 1.321395110141787227e-05
2.601074166866445125e+01 1.305610772386573669e-05
2.626234447079615464e+01 1.278236115115415746e-05
2.651347712943701751e+01 1.250577852507853573e-05
2.676474177984877656e+01 1.233989427174098387e-05
2.701628079430242479e+01 1.202973538534764448e-05
2.726734205837282232e+01 1.185065978804264485e-05
2.751837013544679422e+01 1.171431253789515614e-05
2.776937726815812724e+01 1.150277556540621285e-05
2.802070160973895341e+01 1.139078354209397584e-05
2.827249982643487058e+01 1.112685571650492991e-05
2.852407603869968966e+01 1.090802560836014839e-05
2.877567300468570721e+01 1.076792253382160265e-05
2.902733523039245256e+01 1.057129999811359824e-05
2.927861073083739996e+01 1.041392263606357479e-05
2.953003196193969160e+01 1.014090998220216958e-05
2.978106336846375157e+01 1.005690605423753382e-05
3.003148440777084716e+01 9.903244398542563370e-06
3.028303386126418673e+01 9.720689954695242669e-06
3.053456493440382857e+01 9.560054779339449013e-06
3.078585183944906944e+01 9.425463525545134673e-06
3.103757946070165730e+01 9.268107572071303425e-06
3.128931656795834826e+01 9.169448956681738663e-06
3.154125974608096428e+01 8.997267820182559288e-06
3.179158626791808828e+01 8.871493010347144965e-06
3.204196438636942190e+01 8.754226516209353531e-06
3.229345624690945016e+01 8.642261814644592926e-06
3.254491795349546379e+01 8.464566431652854154e-06
3.279661199584414533e+01 8.341297219840814294e-06
3.304781054557115993e+01 8.288683280320614951e-06
3.329958828032162188e+01 8.080490074301336379e-06
3.355183723684311303e+01 7.968168689277938221e-06
3.380253855881218072e+01 7.837061593480652884e-06
3.405313147025059095e+01 7.786886323393459063e-06
3.430479305560803738e+01 7.614436128732205851e-06
3.455623390824965924e+01 7.537572716501463167e-06
3.480735498195039668e+01 7.462441238356726862e-06
3.505856438430107858e+01 7.313577625692525873e-06
3.531001549359893943e+01 7.238699812671941490e-06
3.556133107357548084e+01 7.087593548803029174e-06
3.581233698845250757e+01 7.003291877189778161e-06
3.606382608666838507e+01 6.887534263092208013e-06
3.631533331237931606e+01 6.790401277602135079e-06
3.656697642527945646e+01 6.714330065992692474e-06
3.681852327087045751e+01 6.650916757676023602e-06
3.706973766105884494e+01 6.507100359776980841e-06
3.732129678941971207e+01 6.405671265979893223e-06
3.757306314229551703e+01 6.363629882226903315e-06
3.782389924159279104e+01 6.211700222942572679e-06
3.807464007418068519e+01 6.152126176907117247e-06
3.832565302212735503e+01 6.061469234770611412e-06
3.857740378043642693e+01 5.983959344659958646e-06
3.882942253427300017e+01 5.903060450308170668e-06
3.908032307380011616e+01 5.839650326193101259e-06
3.933129330145365543e+01 5.751858785241510093e-06
3.958227876786669697e+01 5.650252222889712014e-06
3.983382520768443413e+01 5.587334159492501156e-06
4.008544842975349098e+01 5.518522800609905536e-06
4.033619301340542052e+01 5.431961337811078598e-06
4.058776599344974301e+01 5.355499286165265409e-06
4.083970221749189022e+01 5.301361706120033436e-06
4.109095921749577940e+01 5.207540468591897683e-06
4.134236727584069371e+01 5.144252140679094746e-06
4.159390229570379915e+01 5.062937667041939777e-06
4.184507899773220174e+01 5.003070909793158093e-06
4.209613747244114279e+01 4.932205053494197548e-06
4.234722818606434913e+01 4.854429028802813917e-06
4.259857332263157303e+01 4.789686312835988874e-06
4.285027109763341713e+01 4.748618334459480181e-06
4.310176195204312677e+01 4.663780388144268069e-06
4.335299280752174411e+01 4.582403217647384398e-06
4.360432095771267313e+01 4.532779972834694025e-06
4.385558663826572712e+01 4.474419503372313342e-06
4.410724528235365938e+01 4.392164157024927711e-06
4.435852190379520010e+01 4.339749241344453927e-06
4.460901713855037087e+01 4.297827010995132527e-06
4.486008510459071630e+01 4.240509277475565778e-06
4.511170295299168487e+01 4.158463830105270477e-06
4.536358210673532199e+01 4.109160647446731584e-06
4.561456198601624124e+01 4.045394161048988728e-06
4.586556721283918137e+01 3.986531537158141283e-06
4.611769651966599781e+01 3.913813089109385894e-06
4.636915627004315610e+01 3.876308936364287554e-06
4.662034887549072693e+01 3.827897961881206419e-06
4.687172305024841279e+01 3.779665465418970001e-06
4.712349745478636009e+01 3.723564325154721888e-06
4.737470617006108142e+01 3.672492399141587962e-06
4.762538569197067062e+01 3.624656324831862758e-06
4.787648835337603259e+01 3.567717178385415669e-06
4.812806309416585293e+01 3.530656412912961538e-06
4.837947377766823820e+01 3.465639761160697856e-06
4.863055608299239907e+01 3.417726915715685055e-06
4.888199020684587026e+01 3.369318236747087458e-06
4.913362466485948232e+01 3.322277175698083729e-06
4.938531946307731602e+01 3.265794521312054202e-06
4.963608988707425596e+01 3.229775952933338815e-06
4.988699356578750610e+01 3.180691095459089618e-06
5.013861839733769443e+01 3.139246924993523816e-06
5.038999807568713862e+01 3.092038412295580408e-06
5.064128572509015669e+01 3.048261401931305691e-06
5.089265153888026560e+01 2.996136527097254670e-06
5.114416620234485578e+01 2.956261726656570645e-06
5.139546355734375993e+01 2.915216603726215807e-06
5.164701680266333028e+01 2.874253202392734046e-06
5.189862905495089507e+01 2.837227175443182592e-06
5.214967308047777550e+01 2.806404696910268217e-06
5.240069291691047226e+01 2.771279784271219508e-06
5.265205790651547346e+01 2.718744115328505585e-06
5.290347041453212995e+01 2.685330102315979366e-06
5.315461969811498477e+01 2.652631594525969624e-06
5.340579219818222612e+01 2.617172522709194183e-06
5.365762065089100474e+01 2.576337874425454237e-06
5.390923473668377852e+01 2.540152964457937242e-06
5.416006359979510876e+01 2.504718535887636667e-06
5.441130437191114311e+01 2.468407214612104195e-06
5.466262745830391623e+01 2.436068417496883454e-06
5.491405993929731011e+01 2.401812560538234229e-06
5.516541491717607215e+01 2.363948070561392714e-06
5.541638268596229011e+01 2.331975783802738845e-06
5.566794564877197615e+01 2.291560156375896808e-06
5.591937805757883950e+01 2.271795186376895047e-06
5.617071533636728020e+01 2.229469840343248528e-06
5.642219117939477258e+01 2.200082293943333762e-06
5.667351334189861944e+01 2.176981898537819181e-06
5.692472708748548627e+01 2.147145121439680658e-06
5.717591204656960002e+01 2.118817052012456007e-06
5.742747687291149106e+01 2.088616423346019913e-06
5.767908487077198032e+01 2.060957783136649395e-06
5.793014671413330063e+01 2.034150205223296139e-06
5.818129395888691135e+01 2.002915137777389984e-06
5.843277276607519610e+01 1.975270717755084489e-06
5.868441457608106049e+01 1.949766362436900977e-06
5.893571635795849062e+01 1.922217566029534320e-06
5.918679860974395979e+01 1.901330730923990331e-06
5.943824578411374659e+01 1.877468308211165360e-06
5.968934443052460637e+01 1.854269784563988475e-06
5.994009881519919958e+01 1.827350715608362900e-06
6.019143008204730450e+01 1.801043135700947163e-06
6.044303967578304793e+01 1.780734951884189528e-06
6.069446539940648933e+01 1.753758135447007569e-06
6.094594283876522667e+01 1.733663114157212115e-06
6.119752142863568878e+01 1.713443762600785763e-06
6.144920707655568037e+01 1.687538962436201668e-06
6.170042875117553649e+01 1.671753919383296861e-06
6.195135852331920745e+01 1.649171997869849879e-06
6.220292279118605450e+01 1.626314455003910774e-06
6.245429299708936099e+01 1.606109490177721994e-06
6.270516484212564734e+01 1.587579643130561454e-06
6.295654789617530156e+01 1.569797951430535061e-06
6.320814180923495940e+01 1.552054453765214420e-06
6.345941573738152641e+01 1.537194643386474476e-06
6.371040057052023542e+01 1.514057429528734149e-06
6.396185745578683424e+01 1.496308352834959539e-06
6.421368546549915379e+01 1.482650690108314199e-06
6.446479073454199238e+01 1.463544887278575300e-06
6.471588673409551973e+01 1.433923860464534776e-06
6.496730834160189261e+01 1.412161049558648359e-06
6.521856319783852030e+01 1.389398247626677625e-06
6.546992987326736113e+01 1.372860209966591849e-06
6.572120553073852989e+01 1.346304835682052735e-06
6.597232322532917692e+01 1.331096791732125894e-06
6.622368994537650622e+01 1.303715540271073146e-06
6.647513103932683975e+01 1.280923687377705695e-06
6.672672959741110787e+01 1.264448834424536965e-06
6.697798244417811020e+01 1.242432456359916532e-06
6.722885542524284119e+01 1.223598971878301378e-06
6.748048616955249202e+01 1.204721229873234338e-06
6.773229923195737001e+01 1.180763068215473169e-06
6.798322572139460362e+01 1.163311456126424531e-06
6.823447173775937813e+01 1.145169087989572552e-06
6.848606896751729778e+01 1.127392558014946638e-06
6.873741544680683546e+01 1.104032079399023819e-06
6.898873787744179253e+01 1.087311957014801919e-06
6.923979673744193519e+01 1.070785478454206836e-06
6.949145441276264989e+01 1.050566827995706282e-06
6.974265210301840057e+01 1.031539497074888313e-06
6.999344031108012132e+01 1.016803602701653390e-06
7.024493114765583357e+01 9.975501593336841066e-07
7.049642464225027538e+01 9.854868335260391364e-07
7.074774315836204153e+01 9.658586497377014985e-07
7.099906993548422918e+01 9.470673760856785806e-07
7.125054486425644029e+01 9.336483255163309671e-07
7.150182990423201090e+01 9.180438163244317829e-07
7.175309169194970593e+01 9.038430084172184445e-07
7.200430886966613286e+01 8.859238769760303073e-07
7.225563655627148307e+01 8.726308029712753664e-07
7.250698057097335436e+01 8.556716739840926908e-07
7.275814540940223196e+01 8.401596483376833105e-07
7.300954011634642882e+01 8.274533379791588071e-07
7.326094744803241099e+01 8.143631787437972417e-07
7.351241635922633577e+01 7.988348447465894073e-07
7.376385704484314942e+01 7.825524779098192793e-07
7.401507686011912313e+01 7.711422015482099924e-07
7.426642983754513239e+01 7.586821883557507780e-07
7.451774392350500875e+01 7.424698575882733961e-07
7.476888196695857403e+01 7.313267976359529715e-07
7.502031254291918572e+01 7.180549166303333250e-07
7.527179980263341008e+01 7.065546412803315204e-07
7.552311252549999665e+01 6.937923384972850808e-07
7.577409780062980360e+01 6.823023405630515263e-07
7.602551875404107307e+01 6.694343825002542641e-07
7.627713348914349467e+01 6.581686831583401144e-07
7.652808863434110265e+01 6.464237419429099884e-07
7.677928937816385258e+01 6.352618753550652638e-07
7.703080422988723797e+01 6.231093692659683585e-07
7.728259641407451852e+01 6.128444483789113635e-07
7.753362846048165125e+01 6.022180452703496804e-07
7.778433144503740948e+01 5.900332047672509394e-07
7.803587445609785789e+01 5.812027921179028633e-07
7.828752478929132508e+01 5.726089717997891186e-07
7.853900368295268208e+01 5.616067739902111132e-07
7.879021312407734001e+01 5.519973867953103760e-07
7.904165509986182769e+01 5.414401275456357486e-07
7.929330413459700821e+01 5.337024533127186074e-07
7.954446877222407863e+01 5.225897794650053802e-07
7.979551714753698377e+01 5.154188806103402369e-07
8.004692165377868207e+01 5.060497635921339417e-07
8.029810489950233432e+01 4.967497176616990451e-07
8.054908874480256031e+01 4.894810714405737918e-07
8.080044321541014085e+01 4.786925200514981635e-07
8.105216211323228492e+01 4.713987536987707110e-07
8.130349433109076074e+01 4.643428160773004238e-07
8.155444015076058406e+01 4.578678532672585391e-07
8.180579598042007206e+01 4.458785782519115653e-07
8.205747345046690100e+01 4.428413055659359938e-07
8.230895288137371324e+01 4.329705389723631032e-07
8.256017853616197044e+01 4.258431020422159465e-07
8.281171136842024794e+01 4.187883137951016499e-07
8.306338874103768433e+01 4.121633147747884058e-07
8.331416972271263433e+01 4.060986301846627879e-07
8.356490365514949303e+01 3.975592896424783380e-07
8.381669207113579034e+01 3.906451893021439967e-07
8.406812178552961257e+01 3.854595217474131060e-07
8.431890933464019611e+01 3.783792513894317754e-07
8.457023187027826339e+01 3.728813321723762892e-07
8.482151559398789686e+01 3.660459674154368450e-07
8.507283003168710422e+01 3.609969271917317175e-07
8.532426808165841692e+01 3.545787850134739938e-07
8.557600476924378086e+01 3.472213976089249914e-07
8.582757594343893004e+01 3.428980152112356498e-07
8.607831587296919906e+01 3.365558690493560151e-07
8.632961333877408094e+01 3.313884600067458534e-07
8.658121923681562748e+01 3.267183254153868256e-07
8.683268673150530503e+01 3.217213581273876682e-07
8.708396519721972595e+01 3.148281488531243046e-07
8.733506961066505880e+01 3.086640751532846650e-07
8.758618105842411694e+01 3.064064469280206533e-07
8.783752567351578477e+01 2.991389299847458369e-07
8.808868914679788986e+01 2.965317472300507141e-07
8.833994003395393690e+01 2.888061540411209365e-07
8.859174898584991809e+01 2.860811075029841752e-07
8.884303273375222432e+01 2.795495012983100502e-07
8.909352487970716084e+01 2.753880568012163747e-07
8.934511690540148265e+01 2.692876641736613363e-07
8.959715158813172309e+01 2.638498980430282918e-07
8.984803368908821142e+01 2.584738770573888573e-07
9.009924288814356430e+01 2.537225492899288496e-07
9.035039732041329330e+01 2.482465976364429872e-07
9.060151066709157419e+01 2.424015287734182509e-07
9.085215645777752513e+01 2.362340221952185917e-07
9.110358912880106175e+01 2.322313288440087042e-07
9.135593221689693166e+01 2.267423310481577035e-07
9.160680049007517312e+01 2.206379160502380864e-07
9.185814296072571494e+01 2.171584599483120568e-07
9.211014914083067140e+01 2.118894738816339463e-07
9.236133039430572467e+01 2.081241895819219203e-07
9.261226961967061300e+01 2.043378773099638358e-07
9.286339612223196127e+01 1.995681883723191002e-07
9.311503395193372512e+01 1.946797646645657561e-07
9.336621751977830286e+01 1.915543042597352816e-07
9.361677474844866254e+01 1.866470576958710359e-07
9.386828402731896404e+01 1.835063675414227023e-07
9.412013166396859276e+01 1.787171217733431855e-07
9.437159577797395116e+01 1.770996542024840531e-07
9.462215507964623384e+01 1.712397823876945173e-07
9.487303142853234306e+01 1.686405110959900691e-07
9.512563612801736213e+01 1.664247562030891173e-07
9.537712370347337298e+01 1.632459809179003410e-07
9.562770329733204733e+01 1.589530742106279618e-07
9.587952553542562839e+01 1.556684876374129469e-07
9.613214193709879396e+01 1.529674130631801728e-07
9.638292294616348954e+01 1.491497351931975483e-07
9.663323205539920480e+01 1.461711539512959449e-07
9.688575427051634392e+01 1.438045517093784421e-07
9.713720230214802598e+01 1.406943932961135849e-07
9.738711075112470894e+01 1.381429171558084664e-07
9.763880850310884796e+01 1.357175640152826760e-07
9.789195925073893534e+01 1.327506530821996314e-07
9.814276473823834124e+01 1.311884212176206991e-07
9.839200152577470249e+01 1.283109935428067617e-07
9.864436939619000100e+01 1.279478579226435941e-07
9.889657229158518703e+01 1.238779342925659655e-07
9.914654206758739008e+01 1.217936637148471101e-07
9.939737265117041431e+01 1.187564067235926241e-07
9.964971324453516388e+01 1.172709475274306325e-07
9.990221505033474614e+01 1.163290910196022299e-07
1.001521516083068519e+02 1.134169535920913336e-07
1.004020181344354228e+02 1.127039141454227790e-07
1.006555261342845853e+02 1.085690257913984690e-07
1.009078779715744503e+02 1.080511892600395283e-07
1.011564847190979037e+02 1.066913025753930901e-07
1.014077980390921851e+02 1.050178643676159957e-07
1.016621206036857075e+02 1.052757245459084072e-07
1.019133439536030323e+02 1.009082205056199033e-07
1.021611090492770160e+02 9.976219158486093225e-08
1.024134287982906386e+02 9.851708644254540192e-08
1.026689526987222933e+02 9.719080698266511464e-08
1.029179005362147450e+02 9.686057837638471567e-08
1.031645010122565509e+02 9.539298215980357857e-08
1.034190198448752227e+02 9.119302746636951824e-08
1.036740078018821123e+02 9.241079832540610442e-08
1.039223728592707516e+02 9.129783403789013428e-08
1.041718863957155321e+02 9.148159507125334935e-08
1.044269799004653407e+02 8.883130211064122380e-08
1.046773133673284093e+02 8.765847757392967242e-08
1.049203418007823814e+02 8.705667833095679599e-08
1.051759012379430231e+02 8.723645624067854977e-08
1.054364230283171651e+02 8.556223563770397539e-08
1.056811914497119176e+02 8.404326313413707193e-08
1.059215804876414495e+02 8.215963139523665146e-08
1.061816384917722758e+02 8.292933125742555224e-08
1.064472113030423515e+02 8.119956138395157280e-08
1.066878058983536732e+02 8.155815540198723993e-08
1.069236360402103827e+02 7.958654881942381378e-08
1.071892705778195563e+02 8.042385346257935891e-08
1.074586772409291342e+02 8.066607206846743232e-08
1.076879342587935611e+02 7.943723358992923509e-08
1.079185870885384446e+02 7.904049191153621948e-08
1.081956775747713095e+02 7.998432071232447305e-08
1.084728105259587352e+02 7.626431147781005840e-08
1.086839161354765366e+02 7.908907567219823493e-08
1.089114578639759117e+02 7.564432889748168457e-08
1.091979138747751392e+02 7.919079550692110308e-08
1.094826115122194068e+02 7.598078379821838974e-08
1.096995281563482934e+02 7.069181626764281333e-08
1.099149327348783771e+02 7.527113425892257569e-08
1.102017255337961075e+02 6.834216658890763466e-08
1.104879737748566555e+02 6.670070928185375955e-08
1.107157115274964241e+02 7.165985228570134139e-08
1.109132792987308136e+02 8.758689056471518517e-08
1.111862324688471801e+02 5.631289679161365543e-08
1.114398329385503388e+02 1.466595777110293852e-07
