3.559856489878782115e-01 4.179439780607813759e+02
6.031648866026231293e-01 2.423899324345933906e+02
8.579160745827347778e-01 1.765079957088156277e+02
1.113464310595710716e+00 1.270572303980014368e+02
1.374039914321364408e+00 1.193015089978025713e+02
1.619154704570298309e+00 9.207913982073688430e+01
1.870686673430271840e+00 9.154449743882898360e+01
2.123290040706380832e+00 7.805209467428112191e+01
2.378144976376236119e+00 7.047781970791240269e+01
2.630489925835516996e+00 5.923889603664965620e+01
2.878653162679494670e+00 6.021764074101761821e+01
3.131144366275339319e+00 5.095803377182254223e+01
3.388159578333816313e+00 4.633757173816410813e+01
3.638741848210948149e+00 4.273583457551751508e+01
3.888315910732085268e+00 3.869034371492643487e+01
4.139052155837465996e+00 3.638287956909395149e+01
4.390305777018236988e+00 3.244318847792533944e+01
4.642172339120373081e+00 3.008511101214234884e+01
4.894678666149941293e+00 2.839816107083254337e+01
5.147269052361176378e+00 2.579996536011353214e+01
5.398003206656323272e+00 2.295804754276284854e+01
5.647798235368590269e+00 2.136772185622463383e+01
5.900534302989873581e+00 2.057383721704643165e+01
6.151460297009074374e+00 1.914181334202875462e+01
6.402630176204441526e+00 1.790239908852233697e+01
6.655964674748322096e+00 1.718783107717078806e+01
6.908782583105771202e+00 1.667128606691040105e+01
7.159060853508338873e+00 1.550404669535668312e+01
7.409414762591408632e+00 1.462165064925319946e+01
7.659227149364629561e+00 1.422825076888289253e+01
7.911559474606142395e+00 1.330788886305973406e+01
8.163750941790897997e+00 1.245152648035137766e+01
8.415757210439384295e+00 1.179829698206274635e+01
8.667638839289207198e+00 1.126815374201138020e+01
8.918801124864609520e+00 1.064355780882982039e+01
9.170480108345369530e+00 1.026419387563190000e+01
9.420566033467249412e+00 9.830377569395373882e+00
9.671642335271435797e+00 9.390333536057784869e+00
9.923426157758477473e+00 8.826631524305557974e+00
1.017396902749181820e+01 8.550315126733408988e+00
1.042533700753922155e+01 8.067103889735632194e+00
1.067702948358784276e+01 7.730185614030911978e+00
1.092969337256462303e+01 7.478682713161426854e+00
1.118211872033766419e+01 7.111334319556675609e+00
1.143346516925797296e+01 6.735041444768534724e+00
1.168350508557724687e+01 6.416177172401194007e+00
1.193379937775929100e+01 6.082315154023804737e+00
1.218553055762879112e+01 5.898128919298443407e+00
1.243711650801278878e+01 5.654806127891125023e+00
1.268867268647359303e+01 5.367241366434426730e+00
1.294075027177769144e+01 5.257095360570815501e+00
1.319267287020158363e+01 4.997622279205882201e+00
1.344470571782862756e+01 4.872845593029573763e+00
1.369480150283709641e+01 4.622957129504825957e+00
1.394591277066507828e+01 4.455771867658190999e+00
1.419764645764527167e+01 4.268472733073423342e+00
1.444766774168416212e+01 4.102875658243312351e+00
1.469906835825429070e+01 3.983504658676586097e+00
1.495059118111036511e+01 3.836856745020812198e+00
1.520261612590052991e+01 3.718790099814624384e+00
1.545415944503929495e+01 3.557441925952037565e+00
1.570456072545780124e+01 3.437356992811475997e+00
1.595705800128773966e+01 3.293035314902274635e+00
1.620829297830731619e+01 3.219454020317115805e+00
1.645966591028190962e+01 3.094681637242452599e+00
1.671125708846596325e+01 2.975437531137882452e+00
1.696160259490052624e+01 2.891963499121789294e+00
1.721370276108077135e+01 2.787455813426349405e+00
1.746543424102250341e+01 2.706344155789897510e+00
1.771598473288305442e+01 2.620378017283039540e+00
1.796653767411944003e+01 2.541396087755945832e+00
1.821765658501893270e+01 2.471604377407171871e+00
1.847053788120423334e+01 2.396090729148811604e+00
1.872257696809484173e+01 2.316147864620995644e+00
1.897394097105746269e+01 2.263517285015912428e+00
1.922542454726159988e+01 2.171310574345311384e+00
1.947607703355479103e+01 2.140318657764190391e+00
1.972678839839982601e+01 2.066523844437010649e+00
1.997802698857814363e+01 1.990708738830105018e+00
2.022863620534168660e+01 1.937219936034942025e+00
2.047969598507238231e+01 1.881245372107665625e+00
2.073250439107362553e+01 1.814960383057460103e+00
2.098435855211640089e+01 1.768524643266779606e+00
2.123502923393334640e+01 1.723793282949314110e+00
2.148629411178690773e+01 1.681473513812124176e+00
2.173831825513516591e+01 1.638609194503865885e+00
2.198972260956887226e+01 1.588550102703578215e+00
2.223974971000711420e+01 1.566607166933583706e+00
2.249141870643862973e+01 1.498376117337344438e+00
2.274404614890906373e+01 1.462351544191527797e+00
2.299521835768831579e+01 1.426690302733137683e+00
2.324620084136223852e+01 1.386693782959234733e+00
2.349757798664387209e+01 1.351178240961139920e+00
2.374870488118759937e+01 1.307250822470708895e+00
2.399988781917473091e+01 1.278838052238184364e+00
2.425071646049711305e+01 1.244128953709771057e+00
2.450187830577813841e+01 1.201314375999604556e+00
2.475391093216606109e+01 1.164189853020930476e+00
2.500524226975159792e+01 1.143613417068153115e+00
2.525610980153284402e+01 1.106520890763844633e+00
2.550801425092822328e+01 1.085987654146431947e+00
2.575943113325822864e+01 1.055342862265925330e+00
2.601074166866445125e+01 1.020710263829397668e+00
2.626234447079615464e+01 9.894812762288662800e-01
2.651347712943701751e+01 9.630075086626902481e-01
2.676474177984877656e+01 9.387421680616593322e-01
2.701628079430242479e+01 9.178438634162010556e-01
2.726734205837282232e+01 8.882530573092846105e-01
2.751837013544679422e+01 8.709258570257781829e-01
2.776937726815812724e+01 8.482725158048141090e-01
2.802070160973895341e+01 8.254603256687593760e-01
2.827249982643487058e+01 8.098455059383466992e-01
2.852407603869968966e+01 7.926169796112416677e-01
2.877567300468570721e+01 7.680245749273114653e-01
2.902733523039245256e+01 7.483285452970453999e-01
2.927861073083739996e+01 7.277066369262328305e-01
2.953003196193969160e+01 7.100761341615448030e-01
2.978106336846375157e+01 6.958529381991602758e-01
3.003148440777084716e+01 6.761667375917354006e-01
3.028303386126418673e+01 6.575010866761136219e-01
3.053456493440382857e+01 6.383873516060911690e-01
3.078585183944906944e+01 6.265489002864711443e-01
3.103757946070165730e+01 6.045895349383080264e-01
3.128931656795834826e+01 5.903225120044337526e-01
3.154125974608096428e+01 5.790053429554742337e-01
3.179158626791808828e+01 5.657945257145008400e-01
3.204196438636942190e+01 5.506640283679502534e-01
3.229345624690945016e+01 5.407959038119359851e-01
3.254491795349546379e+01 5.255880811003421638e-01
3.279661199584414533e+01 5.142243386587916909e-01
3.304781054557115993e+01 4.996197375970493626e-01
3.329958828032162188e+01 4.868752579456726570e-01
3.355183723684311303e+01 4.767635874328297052e-01
3.380253855881218072e+01 4.642888487714162959e-01
3.405313147025059095e+01 4.523686699004045297e-01
3.430479305560803738e+01 4.428048780966322706e-01
3.455623390824965924e+01 4.323558160088085689e-01
3.480735498195039668e+01 4.202712351707474370e-01
3.505856438430107858e+01 4.111047258612830491e-01
3.531001549359893943e+01 4.019839813243921700e-01
3.556133107357548084e+01 3.925129069223539102e-01
3.581233698845250757e+01 3.830595912459873187e-01
3.606382608666838507e+01 3.745479598620345407e-01
3.631533331237931606e+01 3.650655341007377208e-01
3.656697642527945646e+01 3.569241489897354014e-01
3.681852327087045751e+01 3.476996774573172244e-01
3.706973766105884494e+01 3.406869467208710200e-01
3.732129678941971207e+01 3.312828708651163745e-01
3.757306314229551703e+01 3.255865152056761636e-01
3.782389924159279104e+01 3.175496712820699008e-01
3.807464007418068519e+01 3.105394002383248253e-01
3.832565302212735503e+01 3.049099448224138476e-01
3.857740378043642693e+01 2.977420158571682518e-01
3.882942253427300017e+01 2.888021597947031394e-01
3.908032307380011616e+01 2.830394542433705696e-01
3.933129330145365543e+01 2.751756129653389893e-01
3.958227876786669697e+01 2.690581440925871037e-01
3.983382520768443413e+01 2.639138579409303076e-01
4.008544842975349098e+01 2.569793186138485397e-01
4.033619301340542052e+01 2.523471238169085473e-01
4.058776599344974301e+01 2.451869486503314988e-01
4.083970221749189022e+01 2.410941386984123691e-01
4.109095921749577940e+01 2.348705562652073642e-01
4.134236727584069371e+01 2.300175358665176306e-01
4.159390229570379915e+01 2.250717170298362491e-01
4.184507899773220174e+01 2.197412459592972267e-01
4.209613747244114279e+01 2.157789793849457238e-01
4.234722818606434913e+01 2.103225115942349843e-01
4.259857332263157303e+01 2.057184982362728620e-01
4.285027109763341713e+01 2.013653901714848871e-01
4.310176195204312677e+01 1.969133234249457187e-01
4.335299280752174411e+01 1.919289646736743182e-01
4.360432095771267313e+01 1.875649483394471739e-01
4.385558663826572712e+01 1.842951175251890672e-01
4.410724528235365938e+01 1.793025336331571240e-01
4.435852190379520010e+01 1.761801654075239587e-01
4.460901713855037087e+01 1.722849035231837356e-01
4.486008510459071630e+01 1.687461510339266224e-01
4.511170295299168487e+01 1.642805856769924411e-01
4.536358210673532199e+01 1.609560308724477806e-01
4.561456198601624124e+01 1.578745660728849420e-01
4.586556721283918137e+01 1.538416601144047269e-01
4.611769651966599781e+01 1.502361021540104258e-01
4.636915627004315610e+01 1.462361771483895456e-01
4.662034887549072693e+01 1.437432639206794038e-01
4.687172305024841279e+01 1.401259326608244038e-01
4.712349745478636009e+01 1.366495736799406280e-01
4.737470617006108142e+01 1.336384887685040102e-01
4.762538569197067062e+01 1.313563243399036851e-01
4.787648835337603259e+01 1.284272867489425207e-01
4.812806309416585293e+01 1.248610917518629543e-01
4.837947377766823820e+01 1.220302676071811782e-01
4.863055608299239907e+01 1.197802501543326764e-01
4.888199020684587026e+01 1.170447454823382721e-01
4.913362466485948232e+01 1.139171058634845801e-01
4.938531946307731602e+01 1.114714414907425066e-01
4.963608988707425596e+01 1.094963070786247467e-01
4.988699356578750610e+01 1.067838450896382158e-01
5.013861839733769443e+01 1.045733474189195766e-01
5.038999807568713862e+01 1.021278076769355919e-01
5.064128572509015669e+01 1.000803945344079238e-01
5.089265153888026560e+01 9.791731840148870658e-02
5.114416620234485578e+01 9.626152583403185803e-02
5.139546355734375993e+01 9.414934144774128599e-02
5.164701680266333028e+01 9.173508913977543311e-02
5.189862905495089507e+01 8.963141576836260171e-02
5.214967308047777550e+01 8.800361325793545908e-02
5.240069291691047226e+01 8.597869201120382499e-02
5.265205790651547346e+01 8.394696369118141710e-02
5.290347041453212995e+01 8.236738612250266156e-02
5.315461969811498477e+01 8.040303011888315365e-02
5.340579219818222612e+01 7.868896385841235575e-02
5.365762065089100474e+01 7.720521678462635706e-02
5.390923473668377852e+01 7.533905058175409397e-02
5.416006359979510876e+01 7.346446557010614942e-02
5.441130437191114311e+01 7.216827121825344915e-02
5.466262745830391623e+01 7.071324396991952865e-02
5.491405993929731011e+01 6.924967206061284630e-02
5.516541491717607215e+01 6.781625765488692725e-02
5.541638268596229011e+01 6.642575681016728295e-02
5.566794564877197615e+01 6.492903647040697279e-02
5.591937805757883950e+01 6.367054855244275169e-02
5.617071533636728020e+01 6.210714094177774425e-02
5.642219117939477258e+01 6.106575131781406124e-02
5.667351334189861944e+01 5.997290353199608709e-02
5.692472708748548627e+01 5.865448550218001905e-02
5.717591204656960002e+01 5.737076262312214986e-02
5.742747687291149106e+01 5.610588449908019554e-02
5.767908487077198032e+01 5.516997837876892741e-02
5.793014671413330063e+01 5.406015995192921947e-02
5.818129395888691135e+01 5.311274762685764400e-02
5.843277276607519610e+01 5.171683039319339287e-02
5.868441457608106049e+01 5.081197707159609833e-02
5.893571635795849062e+01 4.989513505043875058e-02
5.918679860974395979e+01 4.879835089878716003e-02
5.943824578411374659e+01 4.789223482579619412e-02
5.968934443052460637e+01 4.685304830549582439e-02
5.994009881519919958e+01 4.608581474386175270e-02
6.019143008204730450e+01 4.520706881518252174e-02
6.044303967578304793e+01 4.433370936101618115e-02
6.069446539940648933e+01 4.345047824671593312e-02
6.094594283876522667e+01 4.279074855142565165e-02
6.119752142863568878e+01 4.185922980446521446e-02
6.144920707655568037e+01 4.116642048423210798e-02
6.170042875117553649e+01 4.034806023158587357e-02
6.195135852331920745e+01 3.983463972419976074e-02
6.220292279118605450e+01 3.904787908501893695e-02
6.245429299708936099e+01 3.841453564083409378e-02
6.270516484212564734e+01 3.771483061018121585e-02
6.295654789617530156e+01 3.712851822475386060e-02
6.320814180923495940e+01 3.650124311638102553e-02
6.345941573738152641e+01 3.598865109589666211e-02
6.371040057052023542e+01 3.540987323217445470e-02
6.396185745578683424e+01 3.487508947232186712e-02
6.421368546549915379e+01 3.446769744994978429e-02
6.446479073454199238e+01 3.370785012096396555e-02
6.471588673409551973e+01 3.297070158101116089e-02
6.496730834160189261e+01 3.234125904349495484e-02
6.521856319783852030e+01 3.173530014723669607e-02
6.546992987326736113e+01 3.105316213099297562e-02
6.572120553073852989e+01 3.036104416748088355e-02
6.597232322532917692e+01 2.975948863261583532e-02
6.622368994537650622e+01 2.915464319718387085e-02
6.647513103932683975e+01 2.853650622425527722e-02
6.672672959741110787e+01 2.792730458423059448e-02
6.697798244417811020e+01 2.738665742281813989e-02
6.722885542524284119e+01 2.679795436901555652e-02
6.748048616955249202e+01 2.626300902393367831e-02
6.773229923195737001e+01 2.568875043932553059e-02
6.798322572139460362e+01 2.510304860381739125e-02
6.823447173775937813e+01 2.461950964666138539e-02
6.848606896751729778e+01 2.407407174532324654e-02
6.873741544680683546e+01 2.350049988042328050e-02
6.898873787744179253e+01 2.293972925532353213e-02
6.923979673744193519e+01 2.244679920728558098e-02
6.949145441276264989e+01 2.199908466550523981e-02
6.974265210301840057e+01 2.160688861680336303e-02
6.999344031108012132e+01 2.110060463639803000e-02
7.024493114765583357e+01 2.064385475924485416e-02
7.049642464225027538e+01 2.020192238084526221e-02
7.074774315836204153e+01 1.972411204090915998e-02
7.099906993548422918e+01 1.936360691898973696e-02
7.125054486425644029e+01 1.896877254172033359e-02
7.150182990423201090e+01 1.851862120860166619e-02
7.175309169194970593e+01 1.817715699547500091e-02
7.200430886966613286e+01 1.775154134594813041e-02
7.225563655627148307e+01 1.747337744937703385e-02
7.250698057097335436e+01 1.710211891332167125e-02
7.275814540940223196e+01 1.669752273031521739e-02
7.300954011634642882e+01 1.642762363666245770e-02
7.326094744803241099e+01 1.608976541709193284e-02
7.351241635922633577e+01 1.577235738059274903e-02
7.376385704484314942e+01 1.546913540580825870e-02
7.401507686011912313e+01 1.516868917513911758e-02
7.426642983754513239e+01 1.480835421512032186e-02
7.451774392350500875e+01 1.452119560063316189e-02
7.476888196695857403e+01 1.419456237504956690e-02
7.502031254291918572e+01 1.397700310818769318e-02
7.527179980263341008e+01 1.362872817348427697e-02
7.552311252549999665e+01 1.340044110183031406e-02
7.577409780062980360e+01 1.311564982807850166e-02
7.602551875404107307e+01 1.283395118556384697e-02
7.627713348914349467e+01 1.261397397438178934e-02
7.652808863434110265e+01 1.233974283266775149e-02
7.677928937816385258e+01 1.210906156187500742e-02
7.703080422988723797e+01 1.186796632549272021e-02
7.728259641407451852e+01 1.163630765717280774e-02
7.753362846048165125e+01 1.140776979333151496e-02
7.778433144503740948e+01 1.117106809588501622e-02
7.803587445609785789e+01 1.098026112919913387e-02
7.828752478929132508e+01 1.077252241329784005e-02
7.853900368295268208e+01 1.054817301871178656e-02
7.879021312407734001e+01 1.030706891556499964e-02
7.904165509986182769e+01 1.016021900672395457e-02
7.929330413459700821e+01 9.985913793928515719e-03
7.954446877222407863e+01 9.771953955362020286e-03
7.979551714753698377e+01 9.560554963588371175e-03
8.004692165377868207e+01 9.370675354672586624e-03
8.029810489950233432e+01 9.217179979813531349e-03
8.054908874480256031e+01 8.990838350110877050e-03
8.080044321541014085e+01 8.881844245581362388e-03
8.105216211323228492e+01 8.689533278934185798e-03
8.130349433109076074e+01 8.503940331138300571e-03
8.155444015076058406e+01 8.345956369253402021e-03
8.180579598042007206e+01 8.146134377826611331e-03
8.205747345046690100e+01 8.042262196926670825e-03
8.230895288137371324e+01 7.874394958783156873e-03
8.256017853616197044e+01 7.753878119735874500e-03
8.281171136842024794e+01 7.622301160091526570e-03
8.306338874103768433e+01 7.501559810675014622e-03
8.331416972271263433e+01 7.348198207976660429e-03
8.356490365514949303e+01 7.194082386846436909e-03
8.381669207113579034e+01 7.113573068989758989e-03
8.406812178552961257e+01 6.967865509814578744e-03
8.431890933464019611e+01 6.853078638941252632e-03
8.457023187027826339e+01 6.700012123946596891e-03
8.482151559398789686e+01 6.591980956035527542e-03
8.507283003168710422e+01 6.492674838134105016e-03
8.532426808165841692e+01 6.383221309045975130e-03
8.557600476924378086e+01 6.285562859278276751e-03
8.582757594343893004e+01 6.188168474223868475e-03
8.607831587296919906e+01 6.093387208344757701e-03
8.632961333877408094e+01 6.001360776711769408e-03
8.658121923681562748e+01 5.907890490696958603e-03
8.683268673150530503e+01 5.789681020670539580e-03
8.708396519721972595e+01 5.688902510807690438e-03
8.733506961066505880e+01 5.580471248919862196e-03
8.758618105842411694e+01 5.486665479195820122e-03
8.783752567351578477e+01 5.361658590457313300e-03
8.808868914679788986e+01 5.307361279699411225e-03
8.833994003395393690e+01 5.195462246770007723e-03
8.859174898584991809e+01 5.109643606700125552e-03
8.884303273375222432e+01 5.023349231861501223e-03
8.909352487970716084e+01 4.940212291884116952e-03
8.934511690540148265e+01 4.846137248427707586e-03
8.959715158813172309e+01 4.766509915862475640e-03
8.984803368908821142e+01 4.725923978704999785e-03
9.009924288814356430e+01 4.606046478779453508e-03
9.035039732041329330e+01 4.484314101873385257e-03
9.060151066709157419e+01 4.372665966047259087e-03
9.085215645777752513e+01 4.273960720559665145e-03
9.110358912880106175e+01 4.166896240713927752e-03
9.135593221689693166e+01 4.079386771308102407e-03
9.160680049007517312e+01 3.986882541721665542e-03
9.185814296072571494e+01 3.899190922241608896e-03
9.211014914083067140e+01 3.835396040713422681e-03
9.236133039430572467e+01 3.742780508254985646e-03
9.261226961967061300e+01 3.650846032393937051e-03
9.286339612223196127e+01 3.571912903283019133e-03
9.311503395193372512e+01 3.488399561844396628e-03
9.336621751977830286e+01 3.445885803876597327e-03
9.361677474844866254e+01 3.370767462483289286e-03
9.386828402731896404e+01 3.299500425642155985e-03
9.412013166396859276e+01 3.218185086867308628e-03
9.437159577797395116e+01 3.153478257539271950e-03
9.462215507964623384e+01 3.092966585905474689e-03
9.487303142853234306e+01 3.031195347212013030e-03
9.512563612801736213e+01 2.960895431879736247e-03
9.537712370347337298e+01 2.909338937405613664e-03
9.562770329733204733e+01 2.855158342819884461e-03
9.587952553542562839e+01 2.785717855001787306e-03
9.613214193709879396e+01 2.733060724468089949e-03
9.638292294616348954e+01 2.667705800310757585e-03
9.663323205539920480e+01 2.630867217959983670e-03
9.688575427051634392e+01 2.566477447798198430e-03
9.713720230214802598e+01 2.538218081273262931e-03
9.738711075112470894e+01 2.520547906236191276e-03
9.763880850310884796e+01 2.448985248964385009e-03
9.789195925073893534e+01 2.417807395347356097e-03
9.814276473823834124e+01 2.385461098723134880e-03
9.839200152577470249e+01 2.325902549982434078e-03
9.864436939619000100e+01 2.282453880441214118e-03
9.889657229158518703e+01 2.249422380022926375e-03
9.914654206758739008e+01 2.227700733661882107e-03
9.939737265117041431e+01 2.188224940076399436e-03
9.964971324453516388e+01 2.147361095554404208e-03
9.990221505033474614e+01 2.111197197798926530e-03
1.001521516083068519e+02 2.081690545581078768e-03
1.004020181344354228e+02 2.060390000476478717e-03
1.006555261342845853e+02 2.024175658895786042e-03
1.009078779715744503e+02 1.993571468492097518e-03
1.011564847190979037e+02 1.974953833096143498e-03
1.014077980390921851e+02 1.920237600903528094e-03
1.016621206036857075e+02 1.927309437813757567e-03
1.019133439536030323e+02 1.881666960124021458e-03
1.021611090492770160e+02 1.864402041722089788e-03
1.024134287982906386e+02 1.828770349657548320e-03
1.026689526987222933e+02 1.811570322198861101e-03
1.029179005362147450e+02 1.778002020634993812e-03
1.031645010122565509e+02 1.760002776977397879e-03
1.034190198448752227e+02 1.765740518194605516e-03
1.036740078018821123e+02 1.746786853649845862e-03
1.039223728592707516e+02 1.732623224005528295e-03
1.041718863957155321e+02 1.681929601040740158e-03
1.044269799004653407e+02 1.642357291304682955e-03
1.046773133673284093e+02 1.622820505010275647e-03
1.049203418007823814e+02 1.636602454714478549e-03
1.051759012379430231e+02 1.642982165506150748e-03
1.054364230283171651e+02 1.600831006860475988e-03
1.056811914497119176e+02 1.614092078084058881e-03
1.059215804876414495e+02 1.569543311791132909e-03
1.061816384917722758e+02 1.529469911805286320e-03
1.064472113030423515e+02 1.474695120195194985e-03
1.066878058983536732e+02 1.519089454543744600e-03
1.069236360402103827e+02 1.493766847567005182e-03
1.071892705778195563e+02 1.508960862279035663e-03
1.074586772409291342e+02 1.472904653528656896e-03
1.076879342587935611e+02 1.531063031792549971e-03
1.079185870885384446e+02 1.474228545422568825e-03
1.081956775747713095e+02 1.504040317530349344e-03
1.084728105259587352e+02 1.551784029044248623e-03
1.086839161354765366e+02 1.522841798910393608e-03
1.089114578639759117e+02 1.485491195237247618e-03
1.091979138747751392e+02 1.578199976492714995e-03
1.094826115122194068e+02 1.549918505489172611e-03
1.096995281563482934e+02 1.585475118154762702e-03
1.099149327348783771e+02 1.588247562487211419e-03
1.102017255337961075e+02 1.509871497167066716e-03
1.104879737748566555e+02 1.606739302577942126e-03
1.107157115274964241e+02 2.074270197833074161e-03
1.109132792987308136e+02 1.620292648924817266e-03
1.111862324688471801e+02 3.118369534519094093e-03
1.114398329385503388e+02 2.446098885179319882e-04
