3.559856489878782115e-01 2.227292381653816165e+02
6.031648866026231293e-01 1.223876867212853057e+02
8.579160745827347778e-01 8.411195184509939793e+01
1.113464310595710716e+00 5.174554718807485187e+01
1.374039914321364408e+00 4.559048812661378491e+01
1.619154704570298309e+00 3.460817762579140577e+01
1.870686673430271840e+00 3.129089784397783447e+01
2.123290040706380832e+00 2.885271036437755399e+01
2.378144976376236119e+00 2.345316333396973718e+01
2.630489925835516996e+00 2.099490374216751931e+01
2.878653162679494670e+00 1.861607621799931422e+01
3.131144366275339319e+00 1.671354310451043546e+01
3.388159578333816313e+00 1.551867406677562577e+01
3.638741848210948149e+00 1.396076401822631396e+01
3.888315910732085268e+00 1.310415935267089260e+01
4.139052155837465996e+00 1.216517795083328579e+01
4.390305777018236988e+00 1.096662804482256881e+01
4.642172339120373081e+00 1.039533941718856802e+01
4.894678666149941293e+00 9.607770159354474870e+00
5.147269052361176378e+00 9.072725977050362545e+00
5.398003206656323272e+00 8.333771670374979124e+00
5.647798235368590269e+00 8.054467857803764730e+00
5.900534302989873581e+00 7.706585650661100573e+00
6.151460297009074374e+00 7.181953134397294214e+00
6.402630176204441526e+00 6.960285674600988237e+00
6.655964674748322096e+00 6.456945449989619945e+00
6.908782583105771202e+00 5.971657301387138794e+00
7.159060853508338873e+00 5.573309203864508454e+00
7.409414762591408632e+00 5.173231574211129669e+00
7.659227149364629561e+00 4.891484167515177006e+00
7.911559474606142395e+00 4.496266866642707249e+00
8.163750941790897997e+00 4.391200796616509194e+00
8.415757210439384295e+00 4.147003019181294547e+00
8.667638839289207198e+00 3.761795500666012870e+00
8.918801124864609520e+00 3.573078508804644393e+00
9.170480108345369530e+00 3.401533121476142618e+00
9.420566033467249412e+00 3.185814358820310055e+00
9.671642335271435797e+00 2.949321087155739374e+00
9.923426157758477473e+00 2.845468992864355506e+00
1.017396902749181820e+01 2.688683129022450657e+00
1.042533700753922155e+01 2.531353548910094009e+00
1.067702948358784276e+01 2.426544024740238559e+00
1.092969337256462303e+01 2.306169181511728894e+00
1.118211872033766419e+01 2.190842001043835641e+00
1.143346516925797296e+01 2.092537915276366789e+00
1.168350508557724687e+01 2.000329006986515612e+00
1.193379937775929100e+01 1.936062222351298878e+00
1.218553055762879112e+01 1.814212937314168661e+00
1.243711650801278878e+01 1.764930590096043250e+00
1.268867268647359303e+01 1.677452928807534382e+00
1.294075027177769144e+01 1.605810101257161060e+00
1.319267287020158363e+01 1.540780631866518036e+00
1.344470571782862756e+01 1.480964581931041746e+00
1.369480150283709641e+01 1.442463318450718068e+00
1.394591277066507828e+01 1.369443098036997153e+00
1.419764645764527167e+01 1.332794275700334152e+00
1.444766774168416212e+01 1.279063553017036448e+00
1.469906835825429070e+01 1.232531307527222841e+00
1.495059118111036511e+01 1.175281638753539415e+00
1.520261612590052991e+01 1.127055955339016258e+00
1.545415944503929495e+01 1.086124995059928544e+00
1.570456072545780124e+01 1.045009434621221978e+00
1.595705800128773966e+01 1.016085229552884162e+00
1.620829297830731619e+01 9.838700590140428970e-01
1.645966591028190962e+01 9.462328565675590664e-01
1.671125708846596325e+01 9.109303095280407714e-01
1.696160259490052624e+01 8.709388153590643666e-01
1.721370276108077135e+01 8.558520605792385716e-01
1.746543424102250341e+01 8.154924362561543072e-01
1.771598473288305442e+01 7.863948221964890406e-01
1.796653767411944003e+01 7.727227440070502107e-01
1.821765658501893270e+01 7.409700282112891001e-01
1.847053788120423334e+01 7.188417088093550511e-01
1.872257696809484173e+01 6.971102333515394323e-01
1.897394097105746269e+01 6.675739447215386368e-01
1.922542454726159988e+01 6.477065888282204087e-01
1.947607703355479103e+01 6.316772094171646534e-01
1.972678839839982601e+01 6.113725584898236365e-01
1.997802698857814363e+01 5.983775465721844489e-01
2.022863620534168660e+01 5.784415543841497920e-01
2.047969598507238231e+01 5.633048165581162614e-01
2.073250439107362553e+01 5.442515072959609457e-01
2.098435855211640089e+01 5.292056822077034761e-01
2.123502923393334640e+01 5.141746307937129501e-01
2.148629411178690773e+01 4.988153482175414211e-01
2.173831825513516591e+01 4.820665550950112843e-01
2.198972260956887226e+01 4.670910403622685059e-01
2.223974971000711420e+01 4.516409432432045845e-01
2.249141870643862973e+01 4.325678870361822081e-01
2.274404614890906373e+01 4.267009123903297008e-01
2.299521835768831579e+01 4.135763369099032527e-01
2.324620084136223852e+01 4.033496311638943843e-01
2.349757798664387209e+01 3.908541413462353620e-01
2.374870488118759937e+01 3.805021032127509639e-01
2.399988781917473091e+01 3.657606958374634010e-01
2.425071646049711305e+01 3.567889585249114370e-01
2.450187830577813841e+01 3.472884705134337557e-01
2.475391093216606109e+01 3.406164664793726593e-01
2.500524226975159792e+01 3.281290114917831957e-01
2.525610980153284402e+01 3.206566940257145615e-01
2.550801425092822328e+01 3.112591006165016938e-01
2.575943113325822864e+01 3.040071644466819656e-01
2.601074166866445125e+01 2.974272431202031886e-01
2.626234447079615464e+01 2.878768164369893690e-01
2.651347712943701751e+01 2.825832850046186007e-01
2.676474177984877656e+01 2.748314927921503559e-01
2.701628079430242479e+01 2.650780870800750200e-01
2.726734205837282232e+01 2.574171179199585824e-01
2.751837013544679422e+01 2.509012304640331759e-01
2.776937726815812724e+01 2.435652307504417580e-01
2.802070160973895341e+01 2.378125676468151872e-01
2.827249982643487058e+01 2.314116284415650149e-01
2.852407603869968966e+01 2.249271385678457136e-01
2.877567300468570721e+01 2.193009506599099545e-01
2.902733523039245256e+01 2.134130499100665157e-01
2.927861073083739996e+01 2.078867991668103821e-01
2.953003196193969160e+01 2.027393841606099367e-01
2.978106336846375157e+01 1.982825077215139287e-01
3.003148440777084716e+01 1.923471860692517743e-01
3.028303386126418673e+01 1.884365641981481654e-01
3.053456493440382857e+01 1.831442002745168052e-01
3.078585183944906944e+01 1.777595812350039328e-01
3.103757946070165730e+01 1.747243553402060001e-01
3.128931656795834826e+01 1.697020258114596836e-01
3.154125974608096428e+01 1.663042858096047683e-01
3.179158626791808828e+01 1.618036327139149022e-01
3.204196438636942190e+01 1.571901181958458293e-01
3.229345624690945016e+01 1.529048622431712634e-01
3.254491795349546379e+01 1.498671732455834904e-01
3.279661199584414533e+01 1.456739788543540415e-01
3.304781054557115993e+01 1.415972715200463361e-01
3.329958828032162188e+01 1.379487587767407597e-01
3.355183723684311303e+01 1.353603521510719498e-01
3.380253855881218072e+01 1.310042632072692670e-01
3.405313147025059095e+01 1.287776545359707037e-01
3.430479305560803738e+01 1.258455850568355183e-01
3.455623390824965924e+01 1.233080481877827789e-01
3.480735498195039668e+01 1.205703784574436860e-01
3.505856438430107858e+01 1.172934413313699159e-01
3.531001549359893943e+01 1.146059419333861906e-01
3.556133107357548084e+01 1.116969652544776009e-01
3.581233698845250757e+01 1.091512386228628145e-01
3.606382608666838507e+01 1.063823289859140292e-01
3.631533331237931606e+01 1.038193716977836578e-01
3.656697642527945646e+01 1.013035354571055202e-01
3.681852327087045751e+01 9.920516967722688151e-02
3.706973766105884494e+01 9.664035364462737754e-02
3.732129678941971207e+01 9.395048134955158448e-02
3.757306314229551703e+01 9.232524341461070816e-02
3.782389924159279104e+01 9.005142705084930033e-02
3.807464007418068519e+01 8.822546973845993290e-02
3.832565302212735503e+01 8.600474071634944817e-02
3.857740378043642693e+01 8.422710230952414057e-02
3.882942253427300017e+01 8.213833382662902305e-02
3.908032307380011616e+01 7.985266094165374695e-02
3.933129330145365543e+01 7.800553775274607360e-02
3.958227876786669697e+01 7.615749134170886336e-02
3.983382520768443413e+01 7.435136859360605421e-02
4.008544842975349098e+01 7.238043035295770034e-02
4.033619301340542052e+01 7.093919633742297448e-02
4.058776599344974301e+01 6.959709004637447405e-02
4.083970221749189022e+01 6.762586830735793642e-02
4.109095921749577940e+01 6.630640218222641491e-02
4.134236727584069371e+01 6.454902046316556008e-02
4.159390229570379915e+01 6.323178112658793537e-02
4.184507899773220174e+01 6.192348683136325582e-02
4.209613747244114279e+01 6.046478758651534918e-02
4.234722818606434913e+01 5.902265875460372541e-02
4.259857332263157303e+01 5.796147415570719608e-02
4.285027109763341713e+01 5.653084323504813102e-02
4.310176195204312677e+01 5.533786250471733198e-02
4.335299280752174411e+01 5.394971084511421267e-02
4.360432095771267313e+01 5.285102934066118752e-02
4.385558663826572712e+01 5.150218370954107866e-02
4.410724528235365938e+01 5.026453871662160677e-02
4.435852190379520010e+01 4.919915840342902608e-02
4.460901713855037087e+01 4.822527710655791222e-02
4.486008510459071630e+01 4.715594984516500304e-02
4.511170295299168487e+01 4.605228791476920908e-02
4.536358210673532199e+01 4.506159008089440782e-02
4.561456198601624124e+01 4.404554346019029509e-02
4.586556721283918137e+01 4.307541899869921087e-02
4.611769651966599781e+01 4.204986789980934281e-02
4.636915627004315610e+01 4.099491425654709642e-02
4.662034887549072693e+01 4.012594099540046227e-02
4.687172305024841279e+01 3.939119688204283792e-02
4.712349745478636009e+01 3.852201352169052490e-02
4.737470617006108142e+01 3.764863048256248540e-02
4.762538569197067062e+01 3.677535781407518384e-02
4.787648835337603259e+01 3.594603693192503779e-02
4.812806309416585293e+01 3.513112199947687059e-02
4.837947377766823820e+01 3.439584490166975456e-02
4.863055608299239907e+01 3.363516383695929618e-02
4.888199020684587026e+01 3.294508879262730144e-02
4.913362466485948232e+01 3.219728987535280113e-02
4.938531946307731602e+01 3.147375394546993166e-02
4.963608988707425596e+01 3.092655389896520682e-02
4.988699356578750610e+01 3.014766625049916660e-02
5.013861839733769443e+01 2.966489823825019592e-02
5.038999807568713862e+01 2.894479100890215428e-02
5.064128572509015669e+01 2.825850867010326270e-02
5.089265153888026560e+01 2.768264221659475291e-02
5.114416620234485578e+01 2.699825359682981804e-02
5.139546355734375993e+01 2.647504767868648010e-02
5.164701680266333028e+01 2.598840696085118196e-02
5.189862905495089507e+01 2.543492000615573193e-02
5.214967308047777550e+01 2.481822560839111805e-02
5.240069291691047226e+01 2.431513074325362261e-02
5.265205790651547346e+01 2.381774212703252278e-02
5.290347041453212995e+01 2.332086313833996172e-02
5.315461969811498477e+01 2.279195626618405607e-02
5.340579219818222612e+01 2.235079936410224941e-02
5.365762065089100474e+01 2.189908777238442489e-02
5.390923473668377852e+01 2.142725531481295617e-02
5.416006359979510876e+01 2.093726014445184205e-02
5.441130437191114311e+01 2.048203692431264239e-02
5.466262745830391623e+01 2.004685291977122835e-02
5.491405993929731011e+01 1.962440777870657141e-02
5.516541491717607215e+01 1.921947091756858600e-02
5.541638268596229011e+01 1.888946001573162808e-02
5.566794564877197615e+01 1.848693279768062747e-02
5.591937805757883950e+01 1.809908574315239813e-02
5.617071533636728020e+01 1.768913787791061634e-02
5.642219117939477258e+01 1.735812903629599044e-02
5.667351334189861944e+01 1.696960505699087948e-02
5.692472708748548627e+01 1.668593976244174548e-02
5.717591204656960002e+01 1.634500159037589537e-02
5.742747687291149106e+01 1.604263123438278912e-02
5.767908487077198032e+01 1.569199482686739130e-02
5.793014671413330063e+01 1.539576178679189292e-02
5.818129395888691135e+01 1.508414577233863248e-02
5.843277276607519610e+01 1.481324363046838608e-02
5.868441457608106049e+01 1.450452952452495683e-02
5.893571635795849062e+01 1.423733743341820679e-02
5.918679860974395979e+01 1.398932110287318641e-02
5.943824578411374659e+01 1.374052145444065037e-02
5.968934443052460637e+01 1.347138246552326973e-02
5.994009881519919958e+01 1.320966449621219230e-02
6.019143008204730450e+01 1.304165079501725180e-02
6.044303967578304793e+01 1.276943239971087274e-02
6.069446539940648933e+01 1.251910715716709165e-02
6.094594283876522667e+01 1.233455411510793291e-02
6.119752142863568878e+01 1.207688212706531893e-02
6.144920707655568037e+01 1.189336693810328152e-02
6.170042875117553649e+01 1.166292912037334567e-02
6.195135852331920745e+01 1.144493991891266244e-02
6.220292279118605450e+01 1.126282374476493715e-02
6.245429299708936099e+01 1.109083327432521839e-02
6.270516484212564734e+01 1.088193752333473617e-02
6.295654789617530156e+01 1.074642964822344893e-02
6.320814180923495940e+01 1.055197094216946650e-02
6.345941573738152641e+01 1.040125214933408822e-02
6.371040057052023542e+01 1.022261468078767416e-02
6.396185745578683424e+01 1.000842847486691986e-02
6.421368546549915379e+01 9.877597884309476453e-03
6.446479073454199238e+01 9.682766379685275177e-03
6.471588673409551973e+01 9.493671186117134259e-03
6.496730834160189261e+01 9.303291762793257369e-03
6.521856319783852030e+01 9.110309025760777654e-03
6.546992987326736113e+01 8.900486527850639054e-03
6.572120553073852989e+01 8.731945847710054567e-03
6.597232322532917692e+01 8.519463051975062831e-03
6.622368994537650622e+01 8.372856509161513000e-03
6.647513103932683975e+01 8.160636828935433074e-03
6.672672959741110787e+01 7.983114024919238036e-03
6.697798244417811020e+01 7.811881684327057380e-03
6.722885542524284119e+01 7.642730444935370154e-03
6.748048616955249202e+01 7.455844933028261956e-03
6.773229923195737001e+01 7.315310019997112688e-03
6.798322572139460362e+01 7.162007273749440399e-03
6.823447173775937813e+01 7.002064577425774414e-03
6.848606896751729778e+01 6.850663272034701080e-03
6.873741544680683546e+01 6.718323153206915907e-03
6.898873787744179253e+01 6.538992136915664985e-03
6.923979673744193519e+01 6.388149931557101507e-03
6.949145441276264989e+01 6.248731835365071811e-03
6.974265210301840057e+01 6.104148526715685169e-03
6.999344031108012132e+01 5.977018639506887290e-03
7.024493114765583357e+01 5.883288580293451718e-03
7.049642464225027538e+01 5.744391875066368058e-03
7.074774315836204153e+01 5.610717123732583515e-03
7.099906993548422918e+01 5.474933392229936434e-03
7.125054486425644029e+01 5.374106943865191756e-03
7.150182990423201090e+01 5.252366599273128149e-03
7.175309169194970593e+01 5.128860183321358804e-03
7.200430886966613286e+01 5.028763159147430807e-03
7.225563655627148307e+01 4.910579817176148783e-03
7.250698057097335436e+01 4.836248287688883589e-03
7.275814540940223196e+01 4.737975621926993584e-03
7.300954011634642882e+01 4.622522689704698304e-03
7.326094744803241099e+01 4.522753707765879774e-03
7.351241635922633577e+01 4.422388550776934664e-03
7.376385704484314942e+01 4.324635460120788977e-03
7.401507686011912313e+01 4.242943293610859472e-03
7.426642983754513239e+01 4.154214715788602692e-03
7.451774392350500875e+01 4.043657020741589850e-03
7.476888196695857403e+01 3.967177739555314241e-03
7.502031254291918572e+01 3.888362868783186693e-03
7.527179980263341008e+01 3.814632560895318564e-03
7.552311252549999665e+01 3.742496954925260064e-03
7.577409780062980360e+01 3.672441965778587558e-03
7.602551875404107307e+01 3.589488589821481206e-03
7.627713348914349467e+01 3.507201763440060890e-03
7.652808863434110265e+01 3.438663390534523780e-03
7.677928937816385258e+01 3.369672942432412263e-03
7.703080422988723797e+01 3.309592536159901722e-03
7.728259641407451852e+01 3.249285180777207200e-03
7.753362846048165125e+01 3.168633818407035410e-03
7.778433144503740948e+01 3.121434967207294478e-03
7.803587445609785789e+01 3.050072736649320996e-03
7.828752478929132508e+01 2.982605218399584594e-03
7.853900368295268208e+01 2.927558183994316120e-03
7.879021312407734001e+01 2.863346795918885173e-03
7.904165509986182769e+01 2.804855691952178043e-03
7.929330413459700821e+01 2.757162154415024671e-03
7.954446877222407863e+01 2.701764655879511888e-03
7.979551714753698377e+01 2.651796290427004162e-03
8.004692165377868207e+01 2.596591491333643999e-03
8.029810489950233432e+01 2.546091234548123004e-03
8.054908874480256031e+01 2.493281785697805831e-03
8.080044321541014085e+01 2.448026568814027411e-03
8.105216211323228492e+01 2.411679672993237000e-03
8.130349433109076074e+01 2.354569359851044295e-03
8.155444015076058406e+01 2.307243882611278822e-03
8.180579598042007206e+01 2.272220589129643649e-03
8.205747345046690100e+01 2.223888090293580158e-03
8.230895288137371324e+01 2.189037709158458099e-03
8.256017853616197044e+01 2.154289056756996442e-03
8.281171136842024794e+01 2.096273028650604085e-03
8.306338874103768433e+01 2.061508029834577607e-03
8.331416972271263433e+01 2.025712497670250321e-03
8.356490365514949303e+01 1.990749165237451317e-03
8.381669207113579034e+01 1.956117534515281701e-03
8.406812178552961257e+01 1.921208038949532605e-03
8.431890933464019611e+01 1.887115887970092611e-03
8.457023187027826339e+01 1.848592550239240703e-03
8.482151559398789686e+01 1.812765700174813130e-03
8.507283003168710422e+01 1.785122627357122729e-03
8.532426808165841692e+01 1.743554902898708948e-03
8.557600476924378086e+01 1.724999407668486055e-03
8.582757594343893004e+01 1.695605591067469260e-03
8.607831587296919906e+01 1.663546015779091697e-03
8.632961333877408094e+01 1.643973176598983879e-03
8.658121923681562748e+01 1.598823816342656969e-03
8.683268673150530503e+01 1.587784454036170060e-03
8.708396519721972595e+01 1.546358990894552022e-03
8.733506961066505880e+01 1.516141491449184229e-03
8.758618105842411694e+01 1.489269553063736614e-03
8.783752567351578477e+01 1.451308570953119097e-03
8.808868914679788986e+01 1.444208120144854562e-03
8.833994003395393690e+01 1.403802905406794678e-03
8.859174898584991809e+01 1.383409156531754730e-03
8.884303273375222432e+01 1.357007785792277953e-03
8.909352487970716084e+01 1.325925717437522085e-03
8.934511690540148265e+01 1.307996276961741157e-03
8.959715158813172309e+01 1.282758981742285068e-03
8.984803368908821142e+01 1.251877369223563163e-03
9.009924288814356430e+01 1.224063307846927047e-03
9.035039732041329330e+01 1.196364193416866182e-03
9.060151066709157419e+01 1.170011559307980236e-03
9.085215645777752513e+01 1.139150429827315682e-03
9.110358912880106175e+01 1.105412169572677576e-03
9.135593221689693166e+01 1.074641644769584172e-03
9.160680049007517312e+01 1.047922687549605316e-03
9.185814296072571494e+01 1.030194925509207802e-03
9.211014914083067140e+01 1.006045909084181964e-03
9.236133039430572467e+01 9.877761951746335048e-04
9.261226961967061300e+01 9.683653704514078335e-04
9.286339612223196127e+01 9.407038979650980941e-04
9.311503395193372512e+01 9.252148045613807839e-04
9.336621751977830286e+01 9.024380990188458386e-04
9.361677474844866254e+01 8.846300384627446729e-04
9.386828402731896404e+01 8.533630381575989287e-04
9.412013166396859276e+01 8.464357511975092356e-04
9.437159577797395116e+01 8.314515956257858675e-04
9.462215507964623384e+01 8.098205013667993633e-04
9.487303142853234306e+01 7.986230292706224254e-04
9.512563612801736213e+01 7.781473747004660508e-04
9.537712370347337298e+01 7.667117107222795299e-04
9.562770329733204733e+01 7.557514865675855203e-04
9.587952553542562839e+01 7.302168266295234068e-04
9.613214193709879396e+01 7.226259211933471491e-04
9.638292294616348954e+01 7.043050769178941595e-04
9.663323205539920480e+01 6.976926707556562867e-04
9.688575427051634392e+01 6.789560475254480774e-04
9.713720230214802598e+01 6.701102336400014629e-04
9.738711075112470894e+01 6.590956893074592605e-04
9.763880850310884796e+01 6.377945882500654249e-04
9.789195925073893534e+01 6.289433474931431728e-04
9.814276473823834124e+01 6.232107030555395855e-04
9.839200152577470249e+01 6.042835096094686118e-04
9.864436939619000100e+01 5.918505990279320688e-04
9.889657229158518703e+01 5.790902191175492869e-04
9.914654206758739008e+01 5.644078252111294153e-04
9.939737265117041431e+01 5.658669612144350252e-04
9.964971324453516388e+01 5.500111855211114835e-04
9.990221505033474614e+01 5.454601326172762088e-04
1.001521516083068519e+02 5.361102303169435921e-04
1.004020181344354228e+02 5.298801458538127942e-04
1.006555261342845853e+02 5.169151360381469542e-04
1.009078779715744503e+02 5.066636837703301487e-04
1.011564847190979037e+02 5.036942299497095075e-04
1.014077980390921851e+02 4.913293724945694621e-04
1.016621206036857075e+02 4.917023522902387589e-04
1.019133439536030323e+02 4.873661010007252349e-04
1.021611090492770160e+02 4.780955748278045464e-04
1.024134287982906386e+02 4.669942233768734031e-04
1.026689526987222933e+02 4.616435772637011666e-04
1.029179005362147450e+02 4.607724782175741276e-04
1.031645010122565509e+02 4.514355139256572697e-04
1.034190198448752227e+02 4.427283689206104036e-04
1.036740078018821123e+02 4.342945718324864183e-04
1.039223728592707516e+02 4.280016507458386278e-04
1.041718863957155321e+02 4.323949275396674757e-04
1.044269799004653407e+02 4.180505707855142281e-04
1.046773133673284093e+02 4.304980562252869831e-04
1.049203418007823814e+02 4.080214144760328700e-04
1.051759012379430231e+02 3.965245110950295663e-04
1.054364230283171651e+02 3.982968890705641004e-04
1.056811914497119176e+02 4.007660555653564521e-04
1.059215804876414495e+02 3.982006563136844730e-04
1.061816384917722758e+02 3.866812624113906784e-04
1.064472113030423515e+02 3.906038329065419142e-04
1.066878058983536732e+02 4.042462153402290250e-04
1.069236360402103827e+02 3.792605600231234398e-04
1.071892705778195563e+02 3.792550549671384256e-04
1.074586772409291342e+02 3.728923055469046655e-04
1.076879342587935611e+02 3.813082037337910840e-04
1.079185870885384446e+02 3.694330888876612949e-04
1.081956775747713095e+02 3.499165165935350682e-04
1.084728105259587352e+02 3.483715270662587362e-04
1.086839161354765366e+02 3.602745883294404495e-04
1.089114578639759117e+02 3.639871124512417556e-04
1.091979138747751392e+02 3.701332827460595588e-04
1.094826115122194068e+02 3.583092315043530829e-04
1.096995281563482934e+02 3.273428382306209253e-04
1.099149327348783771e+02 3.737573223376884483e-04
1.102017255337961075e+02 3.711582276098690080e-04
1.104879737748566555e+02 4.005409242588927384e-04
1.107157115274964241e+02 4.398351590283479102e-04
1.109132792987308136e+02 3.618496793394020312e-04
1.111862324688471801e+02 2.291349581031246207e-04
1.114398329385503388e+02 4.724384843910968868e-04
