3.559856489878782115e-01 4.179954317448756456e+02
6.031648866026231293e-01 2.424407958312949347e+02
8.579160745827347778e-01 1.765351445852643906e+02
1.113464310595710716e+00 1.270477987839622926e+02
1.374039914321364408e+00 1.192727382117266757e+02
1.619154704570298309e+00 9.211805771368980800e+01
1.870686673430271840e+00 9.161170071743879362e+01
2.123290040706380832e+00 7.816971901469452177e+01
2.378144976376236119e+00 7.061764571078047936e+01
2.630489925835516996e+00 5.943326392583096407e+01
2.878653162679494670e+00 6.054372202586456808e+01
3.131144366275339319e+00 5.124517743722546470e+01
3.388159578333816313e+00 4.661299450305719461e+01
3.638741848210948149e+00 4.306838527137011141e+01
3.888315910732085268e+00 3.905231279686326218e+01
4.139052155837465996e+00 3.675812750347986224e+01
4.390305777018236988e+00 3.279900258888618225e+01
4.642172339120373081e+00 3.047103990419665820e+01
4.894678666149941293e+00 2.880468037501319856e+01
5.147269052361176378e+00 2.619391717210455894e+01
5.398003206656323272e+00 2.332367017516601493e+01
5.647798235368590269e+00 2.173743497270469760e+01
5.900534302989873581e+00 2.096460219885440779e+01
6.151460297009074374e+00 1.949257623134279171e+01
6.402630176204441526e+00 1.826930227994925104e+01
6.655964674748322096e+00 1.754404749767336469e+01
6.908782583105771202e+00 1.704381943688580492e+01
7.159060853508338873e+00 1.587524296956419967e+01
7.409414762591408632e+00 1.500431029353612722e+01
7.659227149364629561e+00 1.460226075202228557e+01
7.911559474606142395e+00 1.367260263367321471e+01
8.163750941790897997e+00 1.280404832141867466e+01
8.415757210439384295e+00 1.214190497375054179e+01
8.667638839289207198e+00 1.161863383757902746e+01
8.918801124864609520e+00 1.097183213850395589e+01
9.170480108345369530e+00 1.059946736726298688e+01
9.420566033467249412e+00 1.013315316573799940e+01
9.671642335271435797e+00 9.692436985799245619e+00
9.923426157758477473e+00 9.131886404540374258e+00
1.017396902749181820e+01 8.855599936640516034e+00
1.042533700753922155e+01 8.364200080707993479e+00
1.067702948358784276e+01 8.021514038222141707e+00
1.092969337256462303e+01 7.772027153296034996e+00
1.118211872033766419e+01 7.415297725637996606e+00
1.143346516925797296e+01 7.041917378546587614e+00
1.168350508557724687e+01 6.718775426367926684e+00
1.193379937775929100e+01 6.387381813938343811e+00
1.218553055762879112e+01 6.214589852172489159e+00
1.243711650801278878e+01 5.975515352857500240e+00
1.268867268647359303e+01 5.679845109725671470e+00
1.294075027177769144e+01 5.571590487084040255e+00
1.319267287020158363e+01 5.307974052670239473e+00
1.344470571782862756e+01 5.193890247855630804e+00
1.369480150283709641e+01 4.950886500635558463e+00
1.394591277066507828e+01 4.784981589812614011e+00
1.419764645764527167e+01 4.611122987832787068e+00
1.444766774168416212e+01 4.437838219462276079e+00
1.469906835825429070e+01 4.326737778767903109e+00
1.495059118111036511e+01 4.176845451934539710e+00
1.520261612590052991e+01 4.062813260352833744e+00
1.545415944503929495e+01 3.898429256559534650e+00
1.570456072545780124e+01 3.770464369007001437e+00
1.595705800128773966e+01 3.622137216564142559e+00
1.620829297830731619e+01 3.544697821951201977e+00
1.645966591028190962e+01 3.413021758789022808e+00
1.671125708846596325e+01 3.292076059069216409e+00
1.696160259490052624e+01 3.205523445443553943e+00
1.721370276108077135e+01 3.099642849340466633e+00
1.746543424102250341e+01 3.012114873557695471e+00
1.771598473288305442e+01 2.923918507771865904e+00
1.796653767411944003e+01 2.844016431117162735e+00
1.821765658501893270e+01 2.771135597801739348e+00
1.847053788120423334e+01 2.706229055052235655e+00
1.872257696809484173e+01 2.627712275940175868e+00
1.897394097105746269e+01 2.577000811438500349e+00
1.922542454726159988e+01 2.483571975347451222e+00
1.947607703355479103e+01 2.450462925796473623e+00
1.972678839839982601e+01 2.377912884614409528e+00
1.997802698857814363e+01 2.302183412918831440e+00
2.022863620534168660e+01 2.253643838663962562e+00
2.047969598507238231e+01 2.192234675147021417e+00
2.073250439107362553e+01 2.125556628435949502e+00
2.098435855211640089e+01 2.077035973494074206e+00
2.123502923393334640e+01 2.035333917754567512e+00
2.148629411178690773e+01 1.993370219043874902e+00
2.173831825513516591e+01 1.953454625903226383e+00
2.198972260956887226e+01 1.905120385970570096e+00
2.223974971000711420e+01 1.885636145592154644e+00
2.249141870643862973e+01 1.812722911468504394e+00
2.274404614890906373e+01 1.778905815492430653e+00
2.299521835768831579e+01 1.737797499256660716e+00
2.324620084136223852e+01 1.699265803383026352e+00
2.349757798664387209e+01 1.660558897546038137e+00
2.374870488118759937e+01 1.613635433619302617e+00
2.399988781917473091e+01 1.583280153785657562e+00
2.425071646049711305e+01 1.545373128787558725e+00
2.450187830577813841e+01 1.503451161061760244e+00
2.475391093216606109e+01 1.463903008898806535e+00
2.500524226975159792e+01 1.443957512978260693e+00
2.525610980153284402e+01 1.403487073760515846e+00
2.550801425092822328e+01 1.384192560821719820e+00
2.575943113325822864e+01 1.352196845127126457e+00
2.601074166866445125e+01 1.314630971713430352e+00
2.626234447079615464e+01 1.283814496399207972e+00
2.651347712943701751e+01 1.247446796714138939e+00
2.676474177984877656e+01 1.222567129128248498e+00
2.701628079430242479e+01 1.201103958339199806e+00
2.726734205837282232e+01 1.167754605125140843e+00
2.751837013544679422e+01 1.151890434355500981e+00
2.776937726815812724e+01 1.130172317315926822e+00
2.802070160973895341e+01 1.103666604544483620e+00
2.827249982643487058e+01 1.085874964861505143e+00
2.852407603869968966e+01 1.068103326021783817e+00
2.877567300468570721e+01 1.040416986755689166e+00
2.902733523039245256e+01 1.020723392383528383e+00
2.927861073083739996e+01 9.974670568637196144e-01
2.953003196193969160e+01 9.762084533329109526e-01
2.978106336846375157e+01 9.633624764182976419e-01
3.003148440777084716e+01 9.405092930530151163e-01
3.028303386126418673e+01 9.238228134161654559e-01
3.053456493440382857e+01 9.015391691726536427e-01
3.078585183944906944e+01 8.925717252997654727e-01
3.103757946070165730e+01 8.679077287043815980e-01
3.128931656795834826e+01 8.507101209298825184e-01
3.154125974608096428e+01 8.393147993370113635e-01
3.179158626791808828e+01 8.245283360881153767e-01
3.204196438636942190e+01 8.097218608691307828e-01
3.229345624690945016e+01 7.975826230888619639e-01
3.254491795349546379e+01 7.826513079875082601e-01
3.279661199584414533e+01 7.707918131265913964e-01
3.304781054557115993e+01 7.522942697905060649e-01
3.329958828032162188e+01 7.370877157295714355e-01
3.355183723684311303e+01 7.279621457125396988e-01
3.380253855881218072e+01 7.124954763019759607e-01
3.405313147025059095e+01 7.006857217844851826e-01
3.430479305560803738e+01 6.892663835566841257e-01
3.455623390824965924e+01 6.787565879079155984e-01
3.480735498195039668e+01 6.651844406126156128e-01
3.505856438430107858e+01 6.540619710490833683e-01
3.531001549359893943e+01 6.448143092560506551e-01
3.556133107357548084e+01 6.316802921546966765e-01
3.581233698845250757e+01 6.213328367889409121e-01
3.606382608666838507e+01 6.128053538072724127e-01
3.631533331237931606e+01 6.026420064030205692e-01
3.656697642527945646e+01 5.928755107720560247e-01
3.681852327087045751e+01 5.808719940089857037e-01
3.706973766105884494e+01 5.737923818775130247e-01
3.732129678941971207e+01 5.619342486944474135e-01
3.757306314229551703e+01 5.561535799171266614e-01
3.782389924159279104e+01 5.468292745053588977e-01
3.807464007418068519e+01 5.381813319880696111e-01
3.832565302212735503e+01 5.322621970438904393e-01
3.857740378043642693e+01 5.242903848461256677e-01
3.882942253427300017e+01 5.138019363554436891e-01
3.908032307380011616e+01 5.072437551424738844e-01
3.933129330145365543e+01 4.979479080735976226e-01
3.958227876786669697e+01 4.911623522542515330e-01
3.983382520768443413e+01 4.853590967837139725e-01
4.008544842975349098e+01 4.762687846609310882e-01
4.033619301340542052e+01 4.705317202402127252e-01
4.058776599344974301e+01 4.632929044083304304e-01
4.083970221749189022e+01 4.570936488401082798e-01
4.109095921749577940e+01 4.491568058313439860e-01
4.134236727584069371e+01 4.440633352398686284e-01
4.159390229570379915e+01 4.377109265454510179e-01
4.184507899773220174e+01 4.322946106585599524e-01
4.209613747244114279e+01 4.275712831781305900e-01
4.234722818606434913e+01 4.199203689347427715e-01
4.259857332263157303e+01 4.136144520977918515e-01
4.285027109763341713e+01 4.087846543162664825e-01
4.310176195204312677e+01 4.034686669859948172e-01
4.335299280752174411e+01 3.962563256143949997e-01
4.360432095771267313e+01 3.909885250207823515e-01
4.385558663826572712e+01 3.869514694984100833e-01
4.410724528235365938e+01 3.791917071550433005e-01
4.435852190379520010e+01 3.757689080898190537e-01
4.460901713855037087e+01 3.715680880870163572e-01
4.486008510459071630e+01 3.670141407831039593e-01
4.511170295299168487e+01 3.615339209925660935e-01
4.536358210673532199e+01 3.574364826568731668e-01
4.561456198601624124e+01 3.543858197602828275e-01
4.586556721283918137e+01 3.490350002685349562e-01
4.611769651966599781e+01 3.454134961407445137e-01
4.636915627004315610e+01 3.402070968632734393e-01
4.662034887549072693e+01 3.367293565751279805e-01
4.687172305024841279e+01 3.324705537312410697e-01
4.712349745478636009e+01 3.271831647358505735e-01
4.737470617006108142e+01 3.239877413908400783e-01
4.762538569197067062e+01 3.200985004109155874e-01
4.787648835337603259e+01 3.169724181241452832e-01
4.812806309416585293e+01 3.113336812717185098e-01
4.837947377766823820e+01 3.069183659491002691e-01
4.863055608299239907e+01 3.046749946557124056e-01
4.888199020684587026e+01 3.003093713043410440e-01
4.913362466485948232e+01 2.954450555558991165e-01
4.938531946307731602e+01 2.916347478483992117e-01
4.963608988707425596e+01 2.893873823611970431e-01
4.988699356578750610e+01 2.852030085464126730e-01
5.013861839733769443e+01 2.804698751904966536e-01
5.038999807568713862e+01 2.778966083644489604e-01
5.064128572509015669e+01 2.744638104796966460e-01
5.089265153888026560e+01 2.710460393423403946e-01
5.114416620234485578e+01 2.688552585210944312e-01
5.139546355734375993e+01 2.660630505433479454e-01
5.164701680266333028e+01 2.618598767718998688e-01
5.189862905495089507e+01 2.591733720605077784e-01
5.214967308047777550e+01 2.568368984647982911e-01
5.240069291691047226e+01 2.538565945256125445e-01
5.265205790651547346e+01 2.509812053496947581e-01
5.290347041453212995e+01 2.485186987452693841e-01
5.315461969811498477e+01 2.455342490362627528e-01
5.340579219818222612e+01 2.420048629116097194e-01
5.365762065089100474e+01 2.401594359588246352e-01
5.390923473668377852e+01 2.377781374265112990e-01
5.416006359979510876e+01 2.338274920774365828e-01
5.441130437191114311e+01 2.326708310254950451e-01
5.466262745830391623e+01 2.308785328710617479e-01
5.491405993929731011e+01 2.289144898487071589e-01
5.516541491717607215e+01 2.264618470488511393e-01
5.541638268596229011e+01 2.239286427349220787e-01
5.566794564877197615e+01 2.220890698817390152e-01
5.591937805757883950e+01 2.202862960398133951e-01
5.617071533636728020e+01 2.171307467389842205e-01
5.642219117939477258e+01 2.166939941379611156e-01
5.667351334189861944e+01 2.150311435276389405e-01
5.692472708748548627e+01 2.127363501220628228e-01
5.717591204656960002e+01 2.101350711681755912e-01
5.742747687291149106e+01 2.081073175441404965e-01
5.767908487077198032e+01 2.067624105167058246e-01
5.793014671413330063e+01 2.053225511105766510e-01
5.818129395888691135e+01 2.035621940300302579e-01
5.843277276607519610e+01 2.013113036371950992e-01
5.868441457608106049e+01 2.001487124874208878e-01
5.893571635795849062e+01 1.991683526574777596e-01
5.918679860974395979e+01 1.979479622261975935e-01
5.943824578411374659e+01 1.967441306244109567e-01
5.968934443052460637e+01 1.948701991473404949e-01
5.994009881519919958e+01 1.941835325109772803e-01
6.019143008204730450e+01 1.934076867860744231e-01
6.044303967578304793e+01 1.919318233161690368e-01
6.069446539940648933e+01 1.908971507882910867e-01
6.094594283876522667e+01 1.899213098062640936e-01
6.119752142863568878e+01 1.881180059623994705e-01
6.144920707655568037e+01 1.876119800567377927e-01
6.170042875117553649e+01 1.867894727984549530e-01
6.195135852331920745e+01 1.863444421439748588e-01
6.220292279118605450e+01 1.855242376742654298e-01
6.245429299708936099e+01 1.854935057311922486e-01
6.270516484212564734e+01 1.843351377817746550e-01
6.295654789617530156e+01 1.840849763126719552e-01
6.320814180923495940e+01 1.835450518735289860e-01
6.345941573738152641e+01 1.834886559006435047e-01
6.371040057052023542e+01 1.831794210965588809e-01
6.396185745578683424e+01 1.830619842352671500e-01
6.421368546549915379e+01 1.836655623432964235e-01
6.446479073454199238e+01 1.818761371175096342e-01
6.471588673409551973e+01 1.801214485237952745e-01
6.496730834160189261e+01 1.796893163867948617e-01
6.521856319783852030e+01 1.785642374786839126e-01
6.546992987326736113e+01 1.765593769206683650e-01
6.572120553073852989e+01 1.750504031230832869e-01
6.597232322532917692e+01 1.737732363121833878e-01
6.622368994537650622e+01 1.722488161034624321e-01
6.647513103932683975e+01 1.709494126691152027e-01
6.672672959741110787e+01 1.692077803850034756e-01
6.697798244417811020e+01 1.678169666211460909e-01
6.722885542524284119e+01 1.668403118293941279e-01
6.748048616955249202e+01 1.657225603773189726e-01
6.773229923195737001e+01 1.644872794204570721e-01
6.798322572139460362e+01 1.628620145325152813e-01
6.823447173775937813e+01 1.619827417746995957e-01
6.848606896751729778e+01 1.612698025027453630e-01
6.873741544680683546e+01 1.596069106582639896e-01
6.898873787744179253e+01 1.582518676672312052e-01
6.923979673744193519e+01 1.571765090570362566e-01
6.949145441276264989e+01 1.561421767798399363e-01
6.974265210301840057e+01 1.554434103089536723e-01
6.999344031108012132e+01 1.542059805630960068e-01
7.024493114765583357e+01 1.529452335378700123e-01
7.049642464225027538e+01 1.520005552696779283e-01
7.074774315836204153e+01 1.502420306095728353e-01
7.099906993548422918e+01 1.497863670988766882e-01
7.125054486425644029e+01 1.487339502005161906e-01
7.150182990423201090e+01 1.476184384944790318e-01
7.175309169194970593e+01 1.468878020042382049e-01
7.200430886966613286e+01 1.458308153845325472e-01
7.225563655627148307e+01 1.452760714122235397e-01
7.250698057097335436e+01 1.442206207646948013e-01
7.275814540940223196e+01 1.433022037507705460e-01
7.300954011634642882e+01 1.432770598196316525e-01
7.326094744803241099e+01 1.425434121576244217e-01
7.351241635922633577e+01 1.418556823862002492e-01
7.376385704484314942e+01 1.409675980575726129e-01
7.401507686011912313e+01 1.404769586623060285e-01
7.426642983754513239e+01 1.391584990069674455e-01
7.451774392350500875e+01 1.389688441026408483e-01
7.476888196695857403e+01 1.380962834559135155e-01
7.502031254291918572e+01 1.381895661311773604e-01
7.527179980263341008e+01 1.370696264134796671e-01
7.552311252549999665e+01 1.366099806920474391e-01
7.577409780062980360e+01 1.359691951170350632e-01
7.602551875404107307e+01 1.351401758125027885e-01
7.627713348914349467e+01 1.347872826727671836e-01
7.652808863434110265e+01 1.341078617532517614e-01
7.677928937816385258e+01 1.333745924004440808e-01
7.703080422988723797e+01 1.329503034322115640e-01
7.728259641407451852e+01 1.322357562926387009e-01
7.753362846048165125e+01 1.315098649222045946e-01
7.778433144503740948e+01 1.309787384798301035e-01
7.803587445609785789e+01 1.309104468006137278e-01
7.828752478929132508e+01 1.303537490333086246e-01
7.853900368295268208e+01 1.297353268275318605e-01
7.879021312407734001e+01 1.289073473083064414e-01
7.904165509986182769e+01 1.293105071838839548e-01
7.929330413459700821e+01 1.291152023564960394e-01
7.954446877222407863e+01 1.284113949943758437e-01
7.979551714753698377e+01 1.279882796274649237e-01
8.004692165377868207e+01 1.274005938677124916e-01
8.029810489950233432e+01 1.271472351553923907e-01
8.054908874480256031e+01 1.263461085384831872e-01
8.080044321541014085e+01 1.262591609933830794e-01
8.105216211323228492e+01 1.259657720219523047e-01
8.130349433109076074e+01 1.256250882192546936e-01
8.155444015076058406e+01 1.254474486913204068e-01
8.180579598042007206e+01 1.248281577236724643e-01
8.205747345046690100e+01 1.250356524660899971e-01
8.230895288137371324e+01 1.252009571947698408e-01
8.256017853616197044e+01 1.250502387201649357e-01
8.281171136842024794e+01 1.248116618555125540e-01
8.306338874103768433e+01 1.248800237569030469e-01
8.331416972271263433e+01 1.246180697106186591e-01
8.356490365514949303e+01 1.240021396126149422e-01
8.381669207113579034e+01 1.250574812319851514e-01
8.406812178552961257e+01 1.246172532940824779e-01
8.431890933464019611e+01 1.255185746233386801e-01
8.457023187027826339e+01 1.244888090507291628e-01
8.482151559398789686e+01 1.249986644695093990e-01
8.507283003168710422e+01 1.250305899884542604e-01
8.532426808165841692e+01 1.255011334405800871e-01
8.557600476924378086e+01 1.255796830558761346e-01
8.582757594343893004e+01 1.252512607590005600e-01
8.607831587296919906e+01 1.259128364938313926e-01
8.632961333877408094e+01 1.262251673861660706e-01
8.658121923681562748e+01 1.262267510399410764e-01
8.683268673150530503e+01 1.265367017245508929e-01
8.708396519721972595e+01 1.262542297620375953e-01
8.733506961066505880e+01 1.253675356350054115e-01
8.758618105842411694e+01 1.262399498779551710e-01
8.783752567351578477e+01 1.253671260767222351e-01
8.808868914679788986e+01 1.266334490170170357e-01
8.833994003395393690e+01 1.258005656587441456e-01
8.859174898584991809e+01 1.267570958285759997e-01
8.884303273375222432e+01 1.265331733848048534e-01
8.909352487970716084e+01 1.272789007449278975e-01
8.934511690540148265e+01 1.262390147088827408e-01
8.959715158813172309e+01 1.267554239908916525e-01
8.984803368908821142e+01 1.275413096286709680e-01
9.009924288814356430e+01 1.265703729293915503e-01
9.035039732041329330e+01 1.259151821267466553e-01
9.060151066709157419e+01 1.254065452365083211e-01
9.085215645777752513e+01 1.241052463864595473e-01
9.110358912880106175e+01 1.239133786676278187e-01
9.135593221689693166e+01 1.234298617217939736e-01
9.160680049007517312e+01 1.222261393276954794e-01
9.185814296072571494e+01 1.222220579030631887e-01
9.211014914083067140e+01 1.228186732836396150e-01
9.236133039430572467e+01 1.213660015788287083e-01
9.261226961967061300e+01 1.215216101578354135e-01
9.286339612223196127e+01 1.218687322371019427e-01
9.311503395193372512e+01 1.205965372034373539e-01
9.336621751977830286e+01 1.214256602748574054e-01
9.361677474844866254e+01 1.218266094363572027e-01
9.386828402731896404e+01 1.214913224280905479e-01
9.412013166396859276e+01 1.205518600202922369e-01
9.437159577797395116e+01 1.209771589430665845e-01
9.462215507964623384e+01 1.214768806661397083e-01
9.487303142853234306e+01 1.211125884715416184e-01
9.512563612801736213e+01 1.208790206929482580e-01
9.537712370347337298e+01 1.215157065159320621e-01
9.562770329733204733e+01 1.217860251961432189e-01
9.587952553542562839e+01 1.204976719105721461e-01
9.613214193709879396e+01 1.200781285489403577e-01
9.638292294616348954e+01 1.210250722626742964e-01
9.663323205539920480e+01 1.194491271017543432e-01
9.688575427051634392e+01 1.199292021464486158e-01
9.713720230214802598e+01 1.200524928174755007e-01
9.738711075112470894e+01 1.214696033623961224e-01
9.763880850310884796e+01 1.214220618717307271e-01
9.789195925073893534e+01 1.216370462931210955e-01
9.814276473823834124e+01 1.226924463427469802e-01
9.839200152577470249e+01 1.229865019502705131e-01
9.864436939619000100e+01 1.237942722024621689e-01
9.889657229158518703e+01 1.246736203993123182e-01
9.914654206758739008e+01 1.256682735424926867e-01
9.939737265117041431e+01 1.273818452575354865e-01
9.964971324453516388e+01 1.271656162292824632e-01
9.990221505033474614e+01 1.282969948001076721e-01
1.001521516083068519e+02 1.282183278824375605e-01
1.004020181344354228e+02 1.304483419896713681e-01
1.006555261342845853e+02 1.313525157465693927e-01
1.009078779715744503e+02 1.316754351409994972e-01
1.011564847190979037e+02 1.325984673965380500e-01
1.014077980390921851e+02 1.315322266570606857e-01
1.016621206036857075e+02 1.362664154011535567e-01
1.019133439536030323e+02 1.358936907592891152e-01
1.021611090492770160e+02 1.412600822150536783e-01
1.024134287982906386e+02 1.420800106567347010e-01
1.026689526987222933e+02 1.430702415416121864e-01
1.029179005362147450e+02 1.426273102906985280e-01
1.031645010122565509e+02 1.474367181085747547e-01
1.034190198448752227e+02 1.502366657907020231e-01
1.036740078018821123e+02 1.509435994873975229e-01
1.039223728592707516e+02 1.535749291825256047e-01
1.041718863957155321e+02 1.508659283632118597e-01
1.044269799004653407e+02 1.495984359876768588e-01
1.046773133673284093e+02 1.533992370784510451e-01
1.049203418007823814e+02 1.582395677178416171e-01
1.051759012379430231e+02 1.602707641095367508e-01
1.054364230283171651e+02 1.626711383369909281e-01
1.056811914497119176e+02 1.658602753707338062e-01
1.059215804876414495e+02 1.665150304498576317e-01
1.061816384917722758e+02 1.649451690267709214e-01
1.064472113030423515e+02 1.676766310567444629e-01
1.066878058983536732e+02 1.799146434860975641e-01
1.069236360402103827e+02 1.793118783923364490e-01
1.071892705778195563e+02 1.823796818893175242e-01
1.074586772409291342e+02 1.823031240807687914e-01
1.076879342587935611e+02 1.928304553896793561e-01
1.079185870885384446e+02 1.951605423029385833e-01
1.081956775747713095e+02 2.015301012220478416e-01
1.084728105259587352e+02 2.151676610594210337e-01
1.086839161354765366e+02 2.000692652134814786e-01
1.089114578639759117e+02 2.032862457900729003e-01
1.091979138747751392e+02 2.289445319722603622e-01
1.094826115122194068e+02 2.300643199372132963e-01
1.096995281563482934e+02 2.332761178279921799e-01
1.099149327348783771e+02 2.352622337476202030e-01
1.102017255337961075e+02 2.890365620867602070e-01
1.104879737748566555e+02 3.098260586581577658e-01
1.107157115274964241e+02 3.540514167470683038e-01
1.109132792987308136e+02 2.570548756522320621e-01
1.111862324688471801e+02 4.247714162719237740e-01
1.114398329385503388e+02 5.280122673210407153e-02
