3.559859402833099318e-01 4.168082257000596087e+02
6.031653801595306952e-01 2.416855973105405155e+02
8.579167765970828752e-01 1.759955972775980229e+02
1.113465221719706744e+00 1.266643393150107215e+02
1.374041038668795789e+00 1.188653698359079414e+02
1.619156029489912552e+00 9.180517026264597291e+01
1.870688204173108549e+00 9.123336018869093778e+01
2.123291778149142495e+00 7.786294331355099985e+01
2.378146922361332738e+00 7.036008909727624427e+01
2.630492078309080828e+00 5.920457167202396676e+01
2.878655518219719767e+00 6.029719739003414247e+01
3.131146928423708342e+00 5.096018931671544294e+01
3.388162350792228050e+00 4.645596501926367949e+01
3.638744825715464426e+00 4.287964877999622360e+01
3.888319092457711346e+00 3.890177120832977664e+01
4.139055542735190940e+00 3.653765771579176658e+01
4.390309369511418147e+00 3.259826770093469150e+01
4.642176137710567474e+00 3.027305166340736875e+01
4.894682671360654602e+00 2.854947975035419105e+01
5.147273264261192693e+00 2.596063248260549017e+01
5.398007623726727822e+00 2.312568587358132177e+01
5.647802856840916874e+00 2.158568092356540902e+01
5.900539131270710946e+00 2.078574914044761002e+01
6.151465330617277516e+00 1.939760781269546541e+01
6.402635415339577030e+00 1.814081395006240172e+01
6.655970121181652210e+00 1.744866147004851697e+01
6.908788236414579842e+00 1.691204136379800005e+01
7.159066711614495482e+00 1.575597018304592112e+01
7.409420825556806811e+00 1.485980314645408740e+01
7.659233416746153544e+00 1.446941626919646495e+01
7.911565948465803189e+00 1.357348818961034986e+01
8.163757622013434911e+00 1.273137085231007326e+01
8.415764096873253663e+00 1.210199177364706635e+01
8.667645931832417716e+00 1.161217766029362508e+01
8.918808422928538704e+00 1.100784254913967608e+01
9.170487612352818729e+00 1.062443183774794342e+01
9.420573742114656923e+00 1.018834715562525517e+01
9.671650249369202257e+00 9.750578738525371492e+00
9.923434277885553101e+00 9.201837572822530120e+00
1.017397735263275749e+01 8.903774603859607950e+00
1.042534553836919464e+01 8.434264587374361355e+00
1.067703822037237948e+01 8.121216145927450114e+00
1.092970231609860754e+01 7.873426870795773524e+00
1.118212787042590506e+01 7.501822989471012448e+00
1.143347452501762795e+01 7.111253003548455354e+00
1.168351464593921030e+01 6.802329909157892374e+00
1.193380914293171280e+01 6.480188665903287237e+00
1.218554052878744365e+01 6.303845249040707976e+00
1.243712668503883734e+01 6.039001509101673548e+00
1.268868306934267487e+01 5.754208533016935689e+00
1.294076086091646260e+01 5.644628926738493924e+00
1.319268366548321936e+01 5.387869782334419710e+00
1.344471671934334367e+01 5.256541388652223645e+00
1.369481270899983727e+01 5.006704980428127172e+00
1.394592418230679165e+01 4.839634064282311243e+00
1.419765807527526924e+01 4.647996026153200511e+00
1.444767956390122166e+01 4.483940702403065082e+00
1.469908038618708979e+01 4.371055783065051159e+00
1.495060341485890376e+01 4.235677704002321242e+00
1.520262856587568123e+01 4.109689072245895858e+00
1.545417209084695642e+01 3.945241914810795336e+00
1.570457357616346705e+01 3.823158494373429583e+00
1.595707105860651787e+01 3.682263717299903760e+00
1.620830624120629437e+01 3.608319076088353228e+00
1.645967937887397525e+01 3.476648748960347479e+00
1.671127076292970415e+01 3.359241388581600596e+00
1.696161647421662977e+01 3.272684656996505126e+00
1.721371684668504187e+01 3.167753811589184121e+00
1.746544853261325159e+01 3.083910924271698661e+00
1.771599922949390304e+01 2.998072514889156714e+00
1.796655237575239283e+01 2.921278522212373829e+00
1.821767149213711079e+01 2.856994470283229948e+00
1.847055299524976135e+01 2.775894778601460722e+00
1.872259228837855716e+01 2.689504827739163328e+00
1.897395649702695763e+01 2.633602545733006561e+00
1.922544027901471964e+01 2.537829722164738122e+00
1.947609297041146803e+01 2.510599782310265038e+00
1.972680454040824571e+01 2.433020045572817480e+00
1.997804333616971917e+01 2.355765343355805452e+00
2.022865275800141660e+01 2.310440371009705895e+00
2.047971274316895318e+01 2.245102738587745783e+00
2.073252135603789981e+01 2.180229202787161924e+00
2.098437572316753830e+01 2.137255171561063261e+00
2.123504661010293759e+01 2.092045914275463936e+00
2.148631169356116288e+01 2.046257067724637224e+00
2.173833604313538359e+01 2.001046421723786217e+00
2.198974060328788482e+01 1.941850239189622407e+00
2.223976790831795114e+01 1.922443939639809418e+00
2.249143711068481721e+01 1.843140060610729769e+00
2.274406475987487397e+01 1.810820958606156550e+00
2.299523717418296442e+01 1.771120886599117261e+00
2.324621986323047906e+01 1.723071779368365863e+00
2.349759721420864622e+01 1.687007300992614978e+00
2.374872431424413222e+01 1.640935590963767954e+00
2.399990745776888090e+01 1.616004849615421790e+00
2.425073630433896454e+01 1.578323406561279896e+00
2.450189835514035153e+01 1.529037047613275302e+00
2.475393118776117163e+01 1.492164936889891269e+00
2.500526273100576091e+01 1.470506143934986021e+00
2.525613046806653728e+01 1.434333391268284963e+00
2.550803512358992720e+01 1.414874505257463611e+00
2.575945221164898413e+01 1.383620638121429103e+00
2.601076295269723460e+01 1.347646680231871175e+00
2.626236596071012386e+01 1.315091044891983474e+00
2.651349882484745990e+01 1.288952222828558591e+00
2.676476368086370172e+01 1.265606839553528706e+00
2.701630290114633937e+01 1.248623593342726323e+00
2.726736437065478924e+01 1.216546203045438368e+00
2.751839265313966365e+01 1.201783321385707204e+00
2.776939999124475378e+01 1.180449016530927153e+00
2.802072453847890543e+01 1.155952605588185467e+00
2.827252296121590902e+01 1.141687081120117186e+00
2.852409937934015360e+01 1.123082701353665280e+00
2.877569655120258219e+01 1.092364005573135399e+00
2.902735898283913940e+01 1.074640668273860955e+00
2.927863468889744425e+01 1.047659418174898383e+00
2.953005612573234373e+01 1.031691405432924702e+00
2.978108773767002759e+01 1.015950170717373702e+00
3.003150898189129592e+01 9.945810377707711147e-01
3.028305864122216207e+01 9.724185606361878120e-01
3.053458992018429541e+01 9.517749574854001970e-01
3.078587703085223026e+01 9.405403175825486350e-01
3.103760485808813741e+01 9.135022705277320298e-01
3.128934217133591034e+01 8.995150324224574501e-01
3.154128555561823433e+01 8.884177164927689052e-01
3.179161228229218850e+01 8.725891889410261060e-01
3.204199060562257273e+01 8.558541055261692510e-01
3.229348267195300082e+01 8.432784266248595229e-01
3.254494458430474424e+01 8.263906244887859742e-01
3.279663883260927548e+01 8.117236233779027144e-01
3.304783758788667569e+01 7.954900249699464743e-01
3.329961552866146945e+01 7.800819901696497416e-01
3.355186469159288265e+01 7.698825981828461007e-01
3.380256621870547207e+01 7.567938695658640302e-01
3.405315933519869276e+01 7.426584741606570006e-01
3.430482112648542170e+01 7.322468348528569093e-01
3.455626218487571322e+01 7.206781992334378995e-01
3.480738346406343453e+01 7.081166280645856403e-01
3.505859307197339092e+01 6.979188914792312515e-01
3.531004438702832005e+01 6.862975574738505724e-01
3.556136017265100691e+01 6.753467894820612827e-01
3.581236629292080664e+01 6.652388708840986098e-01
3.606385559692481735e+01 6.557263302307116959e-01
3.631536302843873187e+01 6.444334898039884019e-01
3.656700634725304155e+01 6.345556472955353744e-01
3.681855339867944110e+01 6.234206085764593119e-01
3.706976799443118153e+01 6.170414643881416694e-01
3.732132732863749425e+01 6.037634367170754413e-01
3.757309388752830870e+01 5.993807929806770352e-01
3.782393019207938778e+01 5.896204261248608747e-01
3.807467122984314045e+01 5.796422569129461300e-01
3.832568438318832449e+01 5.728228652741534921e-01
3.857743534749965164e+01 5.639522544662051162e-01
3.882945430755777494e+01 5.512863306041895228e-01
3.908035505239143248e+01 5.441929107098554264e-01
3.933132548540852724e+01 5.343677963780544271e-01
3.958231115719760140e+01 5.267160173690296210e-01
3.983385780285039601e+01 5.189097515139549088e-01
4.008548123081735781e+01 5.096820087320150794e-01
4.033622601964820120e+01 5.038766016395805902e-01
4.058779920554930243e+01 4.930099897172768864e-01
4.083973563574546972e+01 4.894708767127737281e-01
4.109099284134757823e+01 4.802905642569579303e-01
4.134240110541432500e+01 4.741528926926977805e-01
4.159393633110315136e+01 4.682552065066622471e-01
4.184511323866406940e+01 4.609969636306207597e-01
4.209617191880878551e+01 4.556323948526656564e-01
4.234726283789414225e+01 4.485053867466881616e-01
4.259860818013170558e+01 4.430797283351315952e-01
4.285030616109244761e+01 4.375993202435122797e-01
4.310179722129173285e+01 4.322047719234229923e-01
4.335302828234718220e+01 4.252699352874505512e-01
4.360435663819455243e+01 4.198063238730531110e-01
4.385562252435293118e+01 4.158345193364805237e-01
4.410728137436774432e+01 4.084719837809476783e-01
4.435855820142356265e+01 4.049857249157383099e-01
4.460905364115361493e+01 3.999604381461043245e-01
4.486012181263750165e+01 3.949459117222235416e-01
4.511173986693196269e+01 3.884221277216249324e-01
4.536361922678291592e+01 3.842180964004870414e-01
4.561459931143529190e+01 3.798531746076547200e-01
4.586560474365044371e+01 3.743531428388783833e-01
4.611773425678926941e+01 3.705149932354791509e-01
4.636919421293055166e+01 3.651646275620919480e-01
4.662038702392365508e+01 3.619964346414186185e-01
4.687176140437544092e+01 3.570877700780294428e-01
4.712353601493499156e+01 3.511869917281787989e-01
4.737474493576841894e+01 3.482459665258311743e-01
4.762542466280369524e+01 3.447303762661890758e-01
4.787652752968099179e+01 3.416473904442738352e-01
4.812810247632902616e+01 3.357633915793478141e-01
4.837951336555538973e+01 3.330490534396773339e-01
4.863059587633483005e+01 3.293833073353647500e-01
4.888203020593145709e+01 3.255691778955904225e-01
4.913366486985215431e+01 3.208956248655850385e-01
4.938535987402644878e+01 3.170966257294024482e-01
4.963613050322346254e+01 3.148812665284057011e-01
4.988703438724581218e+01 3.106122820587964850e-01
5.013865942469521286e+01 3.073241897334502704e-01
5.039003930874326187e+01 3.031931312549144275e-01
5.064132716376958143e+01 3.012074687858409261e-01
5.089269318324694780e+01 2.971010722443120922e-01
5.114420805252061086e+01 2.954055715781628288e-01
5.139550561315074617e+01 2.916663410398575018e-01
5.164705906431095173e+01 2.880745454769719216e-01
5.189867152248743309e+01 2.854834807457448664e-01
5.214971575343826515e+01 2.827229223427700222e-01
5.240073579527511782e+01 2.795001757972781498e-01
5.265210099056670856e+01 2.768958498870566776e-01
5.290351370430882838e+01 2.742588377742977146e-01
5.315466319340176682e+01 2.709654483047434503e-01
5.340583589899808459e+01 2.691815230563526229e-01
5.365766455777269073e+01 2.666736711777140112e-01
5.390927884945588744e+01 2.632065457521932661e-01
5.416010791781509681e+01 2.597349717033897165e-01
5.441134889551607756e+01 2.586458809776419621e-01
5.466267218756114943e+01 2.565469730287794903e-01
5.491410487429635623e+01 2.540656423823460797e-01
5.516546005785351525e+01 2.520426482468786089e-01
5.541642803200128498e+01 2.500471904703028825e-01
5.566799120065955009e+01 2.475644253472946421e-01
5.591942381520816951e+01 2.458181788627363529e-01
5.617076129966051923e+01 2.427811064468811675e-01
5.642223734846530903e+01 2.419142801297221868e-01
5.667355971662070147e+01 2.405108127420765851e-01
5.692477366777039549e+01 2.382258288416798653e-01
5.717595883239378196e+01 2.358379651660474918e-01
5.742752386458577973e+01 2.336313396799595266e-01
5.767913206833170392e+01 2.328434621315373931e-01
5.793019411713154909e+01 2.312959599222648155e-01
5.818134156739357365e+01 2.299575218679837385e-01
5.843282058036158588e+01 2.274559527044166807e-01
5.868446259628054662e+01 2.259116569471840141e-01
5.893576458379284588e+01 2.249035378484435799e-01
5.918684704103354477e+01 2.235608660113787838e-01
5.943829442115716688e+01 2.230167950902105789e-01
5.968939327303666431e+01 2.208800423968419746e-01
5.994014786289820762e+01 2.201857392331621477e-01
6.019147933540530460e+01 2.186894375267706969e-01
6.044308913502778324e+01 2.176196029552932842e-01
6.069451506438751665e+01 2.165502361668525111e-01
6.094599270952485170e+01 2.162035446304896580e-01
6.119757150525668976e+01 2.145574755511090725e-01
6.144925735912566012e+01 2.139775669160022820e-01
6.170047923931482359e+01 2.128653979805437690e-01
6.195140921678895296e+01 2.125688008263580953e-01
6.220297369050545200e+01 2.114263676492335875e-01
6.245434410209961129e+01 2.109014208686235681e-01
6.270521615241895574e+01 2.103198559425390746e-01
6.295659941216997879e+01 2.100742123737244227e-01
6.320819353110355365e+01 2.094404646887658150e-01
6.345946766486218849e+01 2.094962139870992779e-01
6.371045270337641142e+01 2.090447887785572834e-01
6.396190979440479651e+01 2.090756452807926158e-01
6.421373801018258121e+01 2.098654114422835726e-01
6.446484348469948600e+01 2.079555168487153827e-01
6.471593968971949096e+01 2.063976003944181792e-01
6.496736150295876655e+01 2.061415904899808194e-01
6.521861656479187275e+01 2.047404622411752584e-01
6.546998344590866736e+01 2.030412787350929227e-01
6.572125930899333923e+01 2.017942958715038537e-01
6.597237720906821323e+01 1.998624209334346480e-01
6.622374413480355315e+01 1.986336571451754462e-01
6.647518543450273398e+01 1.973410919248412831e-01
6.672678419846472764e+01 1.965284403438652128e-01
6.697803725082654580e+01 1.947373841398544747e-01
6.722891043717525861e+01 1.936989922079948023e-01
6.748054138738896768e+01 1.921299363989755205e-01
6.773235465584707526e+01 1.910843817849454118e-01
6.798328135061208854e+01 1.897791199503631732e-01
6.823452757256609402e+01 1.885097492421615173e-01
6.848612500820063076e+01 1.884210795218538292e-01
6.873747169316160921e+01 1.867696540833056751e-01
6.898879432944832502e+01 1.849403200072820275e-01
6.923985339488456248e+01 1.836229202363587332e-01
6.949151127613136225e+01 1.828371574073500427e-01
6.974270917193679509e+01 1.824080530996032568e-01
6.999349758521313447e+01 1.809942266440231484e-01
7.024498862757842232e+01 1.795153161289123056e-01
7.049648232796459979e+01 1.788157356405411513e-01
7.074780104972492722e+01 1.773274675822657520e-01
7.099912803250242632e+01 1.770602830073502165e-01
7.125060316705119590e+01 1.760955131586586786e-01
7.150188841264792927e+01 1.747104466332737860e-01
7.175315040596775873e+01 1.739199871732000913e-01
7.200436778924982661e+01 1.729360730426465209e-01
7.225569568151124145e+01 1.724699867186910984e-01
7.250703990188253556e+01 1.712458557668085080e-01
7.275820494583422260e+01 1.700138655668205212e-01
7.300959985848930955e+01 1.699386292850122437e-01
7.326100739589654154e+01 1.691034225319664741e-01
7.351247651286207940e+01 1.681961375158413652e-01
7.376391740422742771e+01 1.674199243171679286e-01
7.401513742507120241e+01 1.669059631252171050e-01
7.426649060817395309e+01 1.654637381869540347e-01
7.451780489977876698e+01 1.657849373394781056e-01
7.476894314873321434e+01 1.648853218868612247e-01
7.502037393043407576e+01 1.650916089027634481e-01
7.527186139593494829e+01 1.638141212164680172e-01
7.552317432444534973e+01 1.637827078529061064e-01
7.577415980495102588e+01 1.628913701523401203e-01
7.602558096409468646e+01 1.621355205560555401e-01
7.627719590508804970e+01 1.626424506167434281e-01
7.652815125563688525e+01 1.615102267139803816e-01
7.677935220501181846e+01 1.615745206451454641e-01
7.703086726254441885e+01 1.609716196797438270e-01
7.728265965276786176e+01 1.610828302369658183e-01
7.753369190458913351e+01 1.600473648530322535e-01
7.778439509428977772e+01 1.593181622802088693e-01
7.803593831118247692e+01 1.594245100379063085e-01
7.828758885029601799e+01 1.591530484933692535e-01
7.853906794973717354e+01 1.584386282914059529e-01
7.879027759642113438e+01 1.580293165597698724e-01
7.904171977795520831e+01 1.583220140815064514e-01
7.929336901860939690e+01 1.582846114753079514e-01
7.954453386175912044e+01 1.579031826087413104e-01
7.979558244249953702e+01 1.571916633601905533e-01
8.004698715446015456e+01 1.571951087291339755e-01
8.029817060572167975e+01 1.571306955205300782e-01
8.054915465639660965e+01 1.561914476542370367e-01
8.080050933268215374e+01 1.567110031347081767e-01
8.105222843648049036e+01 1.565020212123705012e-01
8.130356085999873983e+01 1.567158917875117186e-01
8.155450688501214529e+01 1.566557496291385854e-01
8.180586292035073370e+01 1.562206436430881584e-01
8.205754059633983388e+01 1.562515167324225185e-01
8.230902023302688519e+01 1.564968281916125914e-01
8.256024609338771825e+01 1.564444106077823304e-01
8.281177913146991898e+01 1.568252072677836784e-01
8.306345671002955555e+01 1.570103265919542135e-01
8.331423789691322668e+01 1.566090482438062537e-01
8.356497203452028089e+01 1.567983465210126548e-01
8.381676065653964258e+01 1.577618478688140036e-01
8.406819057667301820e+01 1.578226109009004674e-01
8.431897833099768036e+01 1.581631737983788810e-01
8.457030107228759164e+01 1.580307338509244763e-01
8.482158500161732206e+01 1.584493152644393665e-01
8.507289964496175116e+01 1.593435223241814191e-01
8.532433790067943846e+01 1.593001663126830392e-01
8.557607479425553265e+01 1.593200331689440530e-01
8.582764617430598264e+01 1.600649764016921217e-01
8.607838630901136412e+01 1.609278701406253453e-01
8.632968398044758374e+01 1.621362932661139233e-01
8.658129008437285279e+01 1.615143612966365161e-01
8.683275778483299234e+01 1.620789959293024718e-01
8.708403645616320432e+01 1.625121709840471329e-01
8.733514107508189284e+01 1.627973900552428799e-01
8.758625272832007624e+01 1.634061593039166926e-01
8.783759754908166428e+01 1.626524131627044290e-01
8.808876122788545615e+01 1.642270873784064944e-01
8.834001232063472742e+01 1.632598309077019361e-01
8.859182147858057021e+01 1.644030066285762093e-01
8.884310543210298761e+01 1.645451937472310056e-01
8.909359778303027610e+01 1.652926294833118037e-01
8.934519001459696597e+01 1.654864097402278800e-01
8.959722490356178071e+01 1.652060398309920242e-01
8.984810720980972576e+01 1.665209126938926310e-01
9.009931661442419681e+01 1.657043118530842352e-01
9.035047125220820874e+01 1.644067230944407931e-01
9.060158480436716388e+01 1.636174965000835868e-01
9.085223080015119024e+01 1.635711488628634469e-01
9.110366367691669609e+01 1.617048917899279181e-01
9.135600697149951088e+01 1.621266479370853941e-01
9.160687544995788301e+01 1.613789497026645037e-01
9.185821812627659710e+01 1.609502390513618542e-01
9.211022451259280786e+01 1.606275751643480854e-01
9.236140597160409982e+01 1.602380227361675791e-01
9.261234540230718437e+01 1.604196770924200821e-01
9.286347211035996452e+01 1.600373950400123257e-01
9.311511014597157043e+01 1.599975500630120284e-01
9.336629391935429112e+01 1.610371432156561811e-01
9.361685135305026506e+01 1.596193787785235296e-01
9.386836083772521988e+01 1.606801294778855971e-01
9.412020868045637201e+01 1.605703275896279703e-01
9.437167300022943550e+01 1.596540555367142733e-01
9.462223250692902354e+01 1.596219598587460542e-01
9.487310906110187148e+01 1.596128536759237049e-01
9.512571396728792195e+01 1.592638966825706548e-01
9.537720174853082256e+01 1.597642282849989215e-01
9.562778154743340053e+01 1.608432503605338737e-01
9.587960399158772873e+01 1.603192072884769281e-01
9.613222059997148961e+01 1.617354234315837580e-01
9.638300181424490631e+01 1.620388473719444333e-01
9.663331112830320535e+01 1.612368993270376361e-01
9.688583355005387432e+01 1.628632842554791904e-01
9.713728178744008801e+01 1.634814590174415438e-01
9.738719044091149613e+01 1.656875982929084112e-01
9.763888839885453308e+01 1.665314824064478838e-01
9.789203935363244113e+01 1.678219334274162478e-01
9.814284504636060547e+01 1.684395378420646128e-01
9.839208203784210127e+01 1.685399141085759667e-01
9.864445011476462355e+01 1.708842594626160116e-01
9.889665321653203023e+01 1.709699764714461556e-01
9.914662319707913696e+01 1.738278041268280505e-01
9.939745398591146852e+01 1.747075340629130891e-01
9.964979478576111660e+01 1.753868412381406616e-01
9.990229679817751673e+01 1.765975665782460735e-01
1.001522335606673551e+02 1.769727726236193510e-01
1.004021002912563461e+02 1.771400905242562218e-01
1.006556084985456749e+02 1.797309574646501207e-01
1.009079605423296471e+02 1.804129412082709771e-01
1.011565674932826795e+02 1.837878297285962526e-01
1.014078810189212732e+02 1.842378224060184366e-01
1.016622037916215078e+02 1.870695267089139691e-01
1.019134273471095185e+02 1.896439512053768872e-01
1.021611926455243662e+02 1.929116934691054164e-01
1.024135126010058343e+02 1.954292103961761118e-01
1.026690367105272230e+02 1.955162729342515004e-01
1.029179847517283548e+02 1.976890150138822244e-01
1.031645854295580591e+02 2.011330905068715313e-01
1.034191044704440259e+02 2.009527519749728930e-01
1.036740926361021025e+02 2.045573847680709489e-01
1.039224578967225483e+02 2.097865351519798138e-01
1.041719716373389275e+02 2.103828307589180879e-01
1.044270653508262825e+02 2.102479213838268912e-01
1.046773990225318585e+02 2.174897543836535052e-01
1.049204276548507835e+02 2.205834216641811008e-01
1.051759873011302489e+02 2.230279180113971527e-01
1.054365093046837814e+02 2.249253478912846826e-01
1.056812779263673008e+02 2.302345470168008223e-01
1.059216671610020342e+02 2.288845656755302826e-01
1.061817253779327643e+02 2.369682183108308693e-01
1.064472984065153724e+02 2.408870835503640340e-01
1.066878931987000954e+02 2.434755109761918557e-01
1.069237235335315575e+02 2.454987431892666216e-01
1.071893582885037972e+02 2.506543959895510820e-01
1.074587651720630674e+02 2.394569390821457422e-01
1.076880223775236090e+02 2.492505282790933585e-01
1.079186753960067477e+02 2.548737749213058068e-01
1.081957661089768266e+02 2.652286707936392096e-01
1.084728992869362116e+02 2.637328811450536104e-01
1.086840050691972124e+02 2.594055816766714373e-01
1.089115469838891102e+02 2.625840819204267040e-01
1.091980032290891671e+02 2.540385274248544989e-01
1.094827010994954009e+02 2.539475223465902931e-01
1.096996179211225240e+02 2.557344942814815947e-01
1.099150226759135762e+02 2.788081898685391136e-01
1.102018157095076987e+02 2.723524339850639797e-01
1.104880641847990574e+02 2.944298392702542344e-01
1.107158021237917467e+02 3.157007804642045778e-01
1.109133700566916190e+02 3.309193268382221720e-01
1.111863234501597191e+02 4.953848512611051524e-01
1.114399241273787169e+02 1.845584176849501823e-02
