3.559859402833057684e-01 4.161644280954703277e+02
6.031653801595237008e-01 2.411375230918658588e+02
8.579167765970728832e-01 1.757064901098709697e+02
1.113465221719693865e+00 1.266071942290979848e+02
1.374041038668779802e+00 1.186308981009609056e+02
1.619156029489893678e+00 9.164606098631847431e+01
1.870688204173086788e+00 9.103450813711539524e+01
2.123291778149117626e+00 7.769786050145314960e+01
2.378146922361305204e+00 7.025461967983194711e+01
2.630492078309050186e+00 5.909349004679970108e+01
2.878655518219686460e+00 6.029421781472209574e+01
3.131146928423671483e+00 5.092794190663540377e+01
3.388162350792188526e+00 4.639115070276598374e+01
3.638744825715421793e+00 4.287918490225538193e+01
3.888319092457665604e+00 3.890662349640260942e+01
4.139055542735142978e+00 3.642692466915512028e+01
4.390309369511366633e+00 3.243270752706736459e+01
4.642176137710513295e+00 3.020210894892348463e+01
4.894682671360597759e+00 2.835085588665783263e+01
5.147273264261132297e+00 2.582150650235513467e+01
5.398007623726664761e+00 2.295626485656988081e+01
5.647802856840850261e+00 2.142578142300653354e+01
5.900539131270641668e+00 2.054331241744653269e+01
6.151465330617205574e+00 1.915094446608867074e+01
6.402635415339502423e+00 1.785541399484131730e+01
6.655970121181574051e+00 1.714529000133252978e+01
6.908788236414499018e+00 1.662525081344012534e+01
7.159066711614411105e+00 1.543920564825719666e+01
7.409420825556720658e+00 1.452657127546840066e+01
7.659233416746063838e+00 1.409749303954785304e+01
7.911565948465710818e+00 1.322148671974754031e+01
8.163757622013338988e+00 1.235447736731142854e+01
8.415764096873154188e+00 1.174012400213280749e+01
8.667645931832316464e+00 1.126502531353180636e+01
8.918808422928433899e+00 1.068393948686709116e+01
9.170487612352712148e+00 1.029227478342639657e+01
9.420573742114546789e+00 9.856437582564241850e+00
9.671650249369090346e+00 9.443747830113476738e+00
9.923434277885437638e+00 8.942640680269326126e+00
1.017397735263263847e+01 8.627004189682601520e+00
1.042534553836907207e+01 8.169238745886595154e+00
1.067703822037225336e+01 7.883640118994795998e+00
1.092970231609847964e+01 7.635374681405317610e+00
1.118212787042577361e+01 7.281220710101163895e+00
1.143347452501749473e+01 6.915212010142727905e+00
1.168351464593907352e+01 6.620539793271406737e+00
1.193380914293157247e+01 6.326173452093581950e+00
1.218554052878730154e+01 6.175627998513331995e+00
1.243712668503869168e+01 5.900360830799889378e+00
1.268868306934252566e+01 5.626987314755640845e+00
1.294076086091631161e+01 5.494428620066780233e+00
1.319268366548306481e+01 5.266471662070124182e+00
1.344471671934318735e+01 5.129205671302488945e+00
1.369481270899967740e+01 4.886805008584471643e+00
1.394592418230662823e+01 4.736854819295041708e+00
1.419765807527510226e+01 4.556270508679055808e+00
1.444767956390105113e+01 4.393080995873084760e+00
1.469908038618691748e+01 4.284818012435191115e+00
1.495060341485872790e+01 4.157443331963841970e+00
1.520262856587550360e+01 4.045076784034598028e+00
1.545417209084677523e+01 3.895164378667617555e+00
1.570457357616328231e+01 3.776675011022024631e+00
1.595707105860633135e+01 3.643444810523344568e+00
1.620830624120610608e+01 3.559797236195501036e+00
1.645967937887377985e+01 3.433725068046078022e+00
1.671127076292950875e+01 3.320125966460071520e+00
1.696161647421643082e+01 3.220921372159558871e+00
1.721371684668483937e+01 3.113016449767969540e+00
1.746544853261304908e+01 3.023036197435218231e+00
1.771599922949369699e+01 2.945945087916745919e+00
1.796655237575218322e+01 2.864061519005558942e+00
1.821767149213689763e+01 2.799386493518419172e+00
1.847055299524954819e+01 2.728017704292045043e+00
1.872259228837833689e+01 2.631880690498707764e+00
1.897395649702673737e+01 2.574345479700465678e+00
1.922544027901449581e+01 2.488324232981881323e+00
1.947609297041124066e+01 2.458273851511905139e+00
1.972680454040801479e+01 2.384793036529995192e+00
1.997804333616948469e+01 2.304081953346470257e+00
2.022865275800117857e+01 2.268809801018331740e+00
2.047971274316871160e+01 2.197887110834163327e+00
2.073252135603765822e+01 2.136000807752649777e+00
2.098437572316729316e+01 2.096521392731488742e+00
2.123504661010268890e+01 2.049561168106113218e+00
2.148631169356091419e+01 2.009016606633519775e+00
2.173833604313512780e+01 1.952174092537513062e+00
2.198974060328762903e+01 1.899072986861843226e+00
2.223976790831769179e+01 1.882715515000167539e+00
2.249143711068455431e+01 1.802669795114122397e+00
2.274406475987460752e+01 1.775421222178297453e+00
2.299523717418269797e+01 1.728004815565465924e+00
2.324621986323020550e+01 1.678636797014799287e+00
2.349759721420837266e+01 1.639406759606655273e+00
2.374872431424385155e+01 1.592608792913268845e+00
2.399990745776860024e+01 1.570354725060234768e+00
2.425073630433868033e+01 1.533233635688076468e+00
2.450189835514006731e+01 1.490752909757707467e+00
2.475393118776088386e+01 1.450330920475475516e+00
2.500526273100546959e+01 1.433554156671250412e+00
2.525613046806623885e+01 1.394911592138332157e+00
2.550803512358962877e+01 1.379416452447773667e+00
2.575945221164868215e+01 1.348398950972708343e+00
2.601076295269692906e+01 1.315651667334220010e+00
2.626236596070981477e+01 1.286587113670181193e+00
2.651349882484715081e+01 1.257400545928364588e+00
2.676476368086338908e+01 1.231427152584813500e+00
2.701630290114602317e+01 1.214164644440628882e+00
2.726736437065446950e+01 1.181055447162946859e+00
2.751839265313934035e+01 1.162774806992326715e+00
2.776939999124443048e+01 1.145373876670423785e+00
2.802072453847857858e+01 1.123625357795844604e+00
2.827252296121557862e+01 1.109378335380422520e+00
2.852409937933981965e+01 1.089324214337510144e+00
2.877569655120224468e+01 1.057637687683693040e+00
2.902735898283879834e+01 1.039506883541224669e+00
2.927863468889710319e+01 1.013733293329727614e+00
2.953005612573199912e+01 9.978228890987651534e-01
2.978108773766967943e+01 9.814809810717428640e-01
3.003150898189094420e+01 9.640391666207948074e-01
3.028305864122181035e+01 9.477194770889100228e-01
3.053458992018394014e+01 9.294999942241856106e-01
3.078587703085186789e+01 9.168701771763909658e-01
3.103760485808777148e+01 8.940804894581051432e-01
3.128934217133554441e+01 8.778333219119819342e-01
3.154128555561786484e+01 8.644840491622398648e-01
3.179161228229181546e+01 8.525040478662905263e-01
3.204199060562219614e+01 8.322077369879025133e-01
3.229348267195262423e+01 8.199195327335442318e-01
3.254494458430436765e+01 8.026234423424539743e-01
3.279663883260889179e+01 7.878703318744815220e-01
3.304783758788629200e+01 7.726606920939322887e-01
3.329961552866107866e+01 7.538539431113002731e-01
3.355186469159249185e+01 7.474378643539545397e-01
3.380256621870507416e+01 7.362849549166281538e-01
3.405315933519829485e+01 7.234163202075830634e-01
3.430482112648502380e+01 7.127182829179066204e-01
3.455626218487530821e+01 7.001640361470292673e-01
3.480738346406302952e+01 6.873328955504330873e-01
3.505859307197298591e+01 6.761369068372566904e-01
3.531004438702790083e+01 6.637330140881392282e-01
3.556136017265059479e+01 6.537562743890049655e-01
3.581236629292038742e+01 6.419472045776760671e-01
3.606385559692439813e+01 6.321872037649347575e-01
3.631536302843830555e+01 6.206822332180392809e-01
3.656700634725260812e+01 6.099921687378103696e-01
3.681855339867900767e+01 5.997192124678213387e-01
3.706976799443074810e+01 5.933571263578053534e-01
3.732132732863706082e+01 5.803460422122108664e-01
3.757309388752786816e+01 5.724282528371403833e-01
3.782393019207894724e+01 5.646437086563425023e-01
3.807467122984269281e+01 5.559250480671817929e-01
3.832568438318787685e+01 5.487940720481477852e-01
3.857743534749920400e+01 5.396589000302737249e-01
3.882945430755732019e+01 5.294002792007929115e-01
3.908035505239097063e+01 5.209030961174827556e-01
3.933132548540807250e+01 5.125048712877233736e-01
3.958231115719713955e+01 5.049057456733910820e-01
3.983385780284993416e+01 4.983952239095613690e-01
4.008548123081688885e+01 4.885713852410429880e-01
4.033622601964773224e+01 4.816481638593144710e-01
4.058779920554883347e+01 4.733266254411223062e-01
4.083973563574499366e+01 4.694152689988929095e-01
4.109099284134710217e+01 4.621989422924096536e-01
4.134240110541384183e+01 4.539875082980774357e-01
4.159393633110266819e+01 4.469762959499081201e-01
4.184511323866357912e+01 4.401373429888035260e-01
4.209617191880828813e+01 4.342329075264259042e-01
4.234726283789364487e+01 4.265601007199665839e-01
4.259860818013120820e+01 4.221513918713181157e-01
4.285030616109195023e+01 4.177842455554257595e-01
4.310179722129122837e+01 4.116008461966756404e-01
4.335302828234667061e+01 4.057249373700164696e-01
4.360435663819404084e+01 3.997225046096073986e-01
4.385562252435241959e+01 3.963324061856184355e-01
4.410728137436722562e+01 3.902856690493659575e-01
4.435855820142304395e+01 3.860474717275660383e-01
4.460905364115309624e+01 3.808894071780170032e-01
4.486012181263697585e+01 3.771362529949265352e-01
4.511173986693143689e+01 3.702156902706350006e-01
4.536361922678239011e+01 3.667049260623119200e-01
4.561459931143475899e+01 3.635854980343903864e-01
4.586560474364990370e+01 3.577403076713187580e-01
4.611773425678872940e+01 3.536564815197622003e-01
4.636919421293000454e+01 3.482449221087626223e-01
4.662038702392310796e+01 3.453361025801254813e-01
4.687176140437489380e+01 3.406224228962572154e-01
4.712353601493443733e+01 3.347809394305924502e-01
4.737474493576786472e+01 3.317388810287164036e-01
4.762542466280314102e+01 3.282608991695854517e-01
4.787652752968043046e+01 3.251649728938699746e-01
4.812810247632846483e+01 3.195209178814409912e-01
4.837951336555482129e+01 3.175401364410976313e-01
4.863059587633426162e+01 3.132563592282378573e-01
4.888203020593088155e+01 3.102772653730155872e-01
4.913366486985157877e+01 3.056527179016993445e-01
4.938535987402587324e+01 3.014785229278520440e-01
4.963613050322287990e+01 2.999871065718182628e-01
4.988703438724522954e+01 2.960998763656944588e-01
5.013865942469462311e+01 2.920737339020346712e-01
5.039003930874267212e+01 2.879864183917155152e-01
5.064132716376899168e+01 2.839522921481508755e-01
5.089269318324635094e+01 2.800532859262070406e-01
5.114420805252000690e+01 2.778877299825859293e-01
5.139550561315014932e+01 2.742871203237306488e-01
5.164705906431034776e+01 2.707865061601077428e-01
5.189867152248682203e+01 2.681588660502085553e-01
5.214971575343765409e+01 2.647387052224870474e-01
5.240073579527450676e+01 2.615200155558087269e-01
5.265210099056609039e+01 2.582594245487883633e-01
5.290351370430821021e+01 2.559304925117683593e-01
5.315466319340114865e+01 2.525040755268350146e-01
5.340583589899745931e+01 2.502982723569878165e-01
5.365766455777206545e+01 2.479006797708063758e-01
5.390927884945525506e+01 2.449610549038956364e-01
5.416010791781446443e+01 2.420654921480644983e-01
5.441134889551543807e+01 2.401845519460037437e-01
5.466267218756050283e+01 2.380836085891975262e-01
5.491410487429570964e+01 2.352210888158668411e-01
5.516546005785286866e+01 2.331813828311553316e-01
5.541642803200063128e+01 2.311959846750454017e-01
5.566799120065890349e+01 2.295977328151081742e-01
5.591942381520751582e+01 2.271008495709994079e-01
5.617076129965986553e+01 2.245342321654827666e-01
5.642223734846464822e+01 2.231498926493602764e-01
5.667355971662004066e+01 2.213529077769807452e-01
5.692477366776972758e+01 2.198511062257040571e-01
5.717595883239311405e+01 2.172736247587021552e-01
5.742752386458510472e+01 2.163642886030709145e-01
5.767913206833102890e+01 2.144784941035861592e-01
5.793019411713087408e+01 2.132022348205324658e-01
5.818134156739289153e+01 2.114821662485286691e-01
5.843282058036089666e+01 2.097241180114949866e-01
5.868446259627985739e+01 2.078739854555506639e-01
5.893576458379215666e+01 2.070153956990392341e-01
5.918684704103284844e+01 2.053212121452267780e-01
5.943829442115647055e+01 2.041139525926409237e-01
5.968939327303596798e+01 2.021591997248933792e-01
5.994014786289750418e+01 2.009168757735189104e-01
6.019147933540460116e+01 2.001827389466062923e-01
6.044308913502707981e+01 1.984068063090458633e-01
6.069451506438680610e+01 1.971214052790422055e-01
6.094599270952413406e+01 1.963501823683557745e-01
6.119757150525597211e+01 1.946236951023070649e-01
6.144925735912493536e+01 1.940756016494183944e-01
6.170047923931409883e+01 1.935895280624853887e-01
6.195140921678822821e+01 1.926829807409089768e-01
6.220297369050472724e+01 1.913759902417882519e-01
6.245434410209887943e+01 1.910836340639445741e-01
6.270521615241822388e+01 1.901932628070170106e-01
6.295659941216924693e+01 1.902295563706659920e-01
6.320819353110281469e+01 1.891759685787912648e-01
6.345946766486144242e+01 1.893422553278687470e-01
6.371045270337566535e+01 1.892708900446077036e-01
6.396190979440404334e+01 1.885641688957414852e-01
6.421373801018184224e+01 1.893303628562076069e-01
6.446484348469873282e+01 1.881320015277493929e-01
6.471593968971873778e+01 1.865092175453086920e-01
6.496736150295801338e+01 1.851857842302434554e-01
6.521861656479110536e+01 1.841775692801307096e-01
6.546998344590789998e+01 1.825083465279010997e-01
6.572125930899257185e+01 1.812030599064819170e-01
6.597237720906743164e+01 1.798343551131602325e-01
6.622374413480277155e+01 1.787698438545743951e-01
6.647518543450195239e+01 1.774601289935073267e-01
6.672678419846394604e+01 1.761550090322135387e-01
6.697803725082576420e+01 1.746074303209930179e-01
6.722891043717447701e+01 1.735944503954240936e-01
6.748054138738817187e+01 1.727355878027206915e-01
6.773235465584627946e+01 1.718112240944294211e-01
6.798328135061129274e+01 1.699568192072826722e-01
6.823452757256529821e+01 1.689041296685671878e-01
6.848612500819983495e+01 1.679287844204641611e-01
6.873747169316079919e+01 1.663387824407610294e-01
6.898879432944752921e+01 1.645637749622252954e-01
6.923985339488375246e+01 1.630943300168500865e-01
6.949151127613053802e+01 1.615716019473343590e-01
6.974270917193598507e+01 1.609664408471808417e-01
6.999349758521232445e+01 1.594194611151280860e-01
7.024498862757759809e+01 1.584974081863352868e-01
7.049648232796377556e+01 1.577031215894404703e-01
7.074780104972408878e+01 1.568184583860411652e-01
7.099912803250158788e+01 1.558430088001496461e-01
7.125060316705035746e+01 1.550785466627102316e-01
7.150188841264709083e+01 1.537031967041540548e-01
7.175315040596692029e+01 1.530199696829266931e-01
7.200436778924898817e+01 1.518350987753444015e-01
7.225569568151040301e+01 1.516030049116892375e-01
7.250703990188168291e+01 1.504020685172771377e-01
7.275820494583336995e+01 1.499765553939426677e-01
7.300959985848845690e+01 1.492283739887889926e-01
7.326100739589567468e+01 1.484136859216816651e-01
7.351247651286122675e+01 1.470058627112257044e-01
7.376391740422656085e+01 1.466035480423669990e-01
7.401513742507033555e+01 1.458525795269500214e-01
7.426649060817308623e+01 1.452480926057530541e-01
7.451780489977790012e+01 1.449073289310302548e-01
7.476894314873234748e+01 1.446927098172360038e-01
7.502037393043320890e+01 1.443132273051150050e-01
7.527186139593406722e+01 1.430289941817622645e-01
7.552317432444445444e+01 1.427647107383226421e-01
7.577415980495014480e+01 1.416110154669966703e-01
7.602558096409380539e+01 1.410569148478625079e-01
7.627719590508716863e+01 1.407280750118518331e-01
7.652815125563598997e+01 1.402588287551764512e-01
7.677935220501092317e+01 1.405276622490790883e-01
7.703086726254352357e+01 1.396742011697740538e-01
7.728265965276695226e+01 1.390431760782605275e-01
7.753369190458822402e+01 1.382079430699062472e-01
7.778439509428886822e+01 1.370799350578754128e-01
7.803593831118156743e+01 1.371792149231490510e-01
7.828758885029510850e+01 1.370084806811745493e-01
7.853906794973626404e+01 1.359709275986273336e-01
7.879027759642021067e+01 1.357731008205735335e-01
7.904171977795428461e+01 1.358264834858149972e-01
7.929336901860847320e+01 1.351179113409802235e-01
7.954453386175819674e+01 1.344234375019292826e-01
7.979558244249859911e+01 1.341419188368980220e-01
8.004698715445921664e+01 1.342307420311935895e-01
8.029817060572074183e+01 1.337182002675643133e-01
8.054915465639565753e+01 1.325938954806477887e-01
8.080050933268121582e+01 1.328953729261301286e-01
8.105222843647955244e+01 1.326234624945407115e-01
8.130356085999778770e+01 1.326339170330382566e-01
8.155450688501119316e+01 1.326805108627155116e-01
8.180586292034976736e+01 1.317654986118260152e-01
8.205754059633888176e+01 1.321853761892345380e-01
8.230902023302591886e+01 1.322709419911161643e-01
8.256024609338675191e+01 1.313164857014417486e-01
8.281177913146895264e+01 1.313781203048653423e-01
8.306345671002858921e+01 1.320439145791073576e-01
8.331423789691224613e+01 1.318129223816387752e-01
8.356497203451930034e+01 1.312351161662959342e-01
8.381676065653866203e+01 1.317692084145362097e-01
8.406819057667202344e+01 1.320793305576394849e-01
8.431897833099668560e+01 1.324238040385078974e-01
8.457030107228659688e+01 1.324204458577170618e-01
8.482158500161632730e+01 1.327420140730462828e-01
8.507289964496075640e+01 1.332776204368110173e-01
8.532433790067844370e+01 1.326104045038455914e-01
8.557607479425452368e+01 1.333008636341062869e-01
8.582764617430497367e+01 1.346630994353481547e-01
8.607838630901035515e+01 1.344609536607156985e-01
8.632968398044657476e+01 1.354452349264738953e-01
8.658129008437184382e+01 1.352835746202998013e-01
8.683275778483198337e+01 1.357552354866473632e-01
8.708403645616218114e+01 1.355456562251695918e-01
8.733514107508086965e+01 1.353887519045772758e-01
8.758625272831905306e+01 1.358522673058177865e-01
8.783759754908062689e+01 1.352480251535006228e-01
8.808876122788443297e+01 1.366952368230708870e-01
8.834001232063369002e+01 1.362649669626276316e-01
8.859182147857953282e+01 1.364775874966194236e-01
8.884310543210195021e+01 1.356160104419732448e-01
8.909359778302923871e+01 1.363659430387152982e-01
8.934519001459591436e+01 1.362650048868838115e-01
8.959722490356074331e+01 1.350149810015860985e-01
8.984810720980867416e+01 1.358878088411795138e-01
9.009931661442313100e+01 1.357932618528516211e-01
9.035047125220715714e+01 1.350453514287122403e-01
9.060158480436609807e+01 1.343875832291135108e-01
9.085223080015013863e+01 1.335141935698008486e-01
9.110366367691563028e+01 1.322272602601213543e-01
9.135600697149844507e+01 1.324350875036388597e-01
9.160687544995681719e+01 1.306816435296316303e-01
9.185821812627553129e+01 1.311505273744313915e-01
9.211022451259172783e+01 1.306011333720280276e-01
9.236140597160301979e+01 1.309023974570379389e-01
9.261234540230610435e+01 1.312612182640600367e-01
9.286347211035888449e+01 1.312062055706273433e-01
9.311511014597049041e+01 1.311749504166822844e-01
9.336629391935319688e+01 1.318456291265422686e-01
9.361685135304917083e+01 1.314981587857115275e-01
9.386836083772412564e+01 1.307583212270334305e-01
9.412020868045527777e+01 1.308660326271298135e-01
9.437167300022832706e+01 1.299375760119576562e-01
9.462223250692791510e+01 1.301071531153400740e-01
9.487310906110076303e+01 1.303314720592204934e-01
9.512571396728679929e+01 1.307030913458245847e-01
9.537720174852969990e+01 1.298953440763338796e-01
9.562778154743229209e+01 1.298645633098912122e-01
9.587960399158660607e+01 1.288447038519644761e-01
9.613222059997036695e+01 1.287910162113389267e-01
9.638300181424378366e+01 1.276967135763295569e-01
9.663331112830208269e+01 1.274017710170891882e-01
9.688583355005273745e+01 1.278641532386785851e-01
9.713728178743895114e+01 1.286247175198340364e-01
9.738719044091035926e+01 1.282449156621205399e-01
9.763888839885338200e+01 1.294889743372357460e-01
9.789203935363129006e+01 1.279792643392188567e-01
9.814284504635945439e+01 1.287150645406298921e-01
9.839208203784095019e+01 1.297121621324886787e-01
9.864445011476347247e+01 1.300201266521160137e-01
9.889665321653087915e+01 1.299904971521147479e-01
9.914662319707798588e+01 1.330109542780243959e-01
9.939745398591030323e+01 1.334518996584866668e-01
9.964979478575995131e+01 1.336737482526321463e-01
9.990229679817635144e+01 1.351205538747303758e-01
1.001522335606661898e+02 1.361391268035418989e-01
1.004021002912551808e+02 1.378191432668489924e-01
1.006556084985445096e+02 1.414433959784989203e-01
1.009079605423284676e+02 1.416807848988071716e-01
1.011565674932815000e+02 1.428032245103862674e-01
1.014078810189200794e+02 1.454257167930494976e-01
1.016622037916203141e+02 1.475770575547197538e-01
1.019134273471083247e+02 1.475747513640570385e-01
1.021611926455231725e+02 1.501124624632387550e-01
1.024135126010046406e+02 1.530123468443418677e-01
1.026690367105260293e+02 1.547561894369598456e-01
1.029179847517271469e+02 1.556392118454719697e-01
1.031645854295568512e+02 1.572172656478117714e-01
1.034191044704428180e+02 1.588959111024113025e-01
1.036740926361008945e+02 1.595566933847351876e-01
1.039224578967213404e+02 1.616689037748194058e-01
1.041719716373377054e+02 1.624231252382950796e-01
1.044270653508250604e+02 1.679498370379378658e-01
1.046773990225306363e+02 1.643486776256228854e-01
1.049204276548495613e+02 1.698642731896465308e-01
1.051759873011290125e+02 1.791602497893929336e-01
1.054365093046825450e+02 1.773815716793342989e-01
1.056812779263660644e+02 1.770323684252075591e-01
1.059216671610007836e+02 1.851818593677823643e-01
1.061817253779315138e+02 1.923702476025023478e-01
1.064472984065141361e+02 1.937396239752463278e-01
1.066878931986988448e+02 2.043074250834126804e-01
1.069237235335303069e+02 2.090726146748352332e-01
1.071893582885025324e+02 2.152135635809506176e-01
1.074587651720618169e+02 2.102382933835598156e-01
1.076880223775223442e+02 2.145909125972605691e-01
1.079186753960054830e+02 2.104625007736602160e-01
1.081957661089755618e+02 2.196081164199243374e-01
1.084728992869349469e+02 2.305737882782537551e-01
1.086840050691959334e+02 2.419818712234690916e-01
1.089115469838878454e+02 2.458748545898559179e-01
1.091980032290878881e+02 2.532674991547967380e-01
1.094827010994941219e+02 2.298291560840829972e-01
1.096996179211212450e+02 2.389643855320067456e-01
1.099150226759122972e+02 2.714594153837148194e-01
1.102018157095064055e+02 2.495358669477740765e-01
1.104880641847977643e+02 2.737620187833945673e-01
1.107158021237904535e+02 2.761473899048209057e-01
1.109133700566903116e+02 2.675715133939385315e-01
1.111863234501584117e+02 2.309699946487226707e-01
1.114399241273774095e+02 6.421544642126552184e-04
