3.559856489878782115e-01 6.171486363011666754e-01
6.031648866026231293e-01 2.344117319734401739e-01
8.579160745827347778e-01 1.511929034739155353e-01
1.113464310595710716e+00 8.166712442566641250e-02
1.374039914321364408e+00 5.686091151095679086e-02
1.619154704570298309e+00 3.934454995895862728e-02
1.870686673430271840e+00 2.938980326268045631e-02
2.123290040706380832e+00 2.200930878772732260e-02
2.378144976376236119e+00 1.615572990665299982e-02
2.630489925835516996e+00 1.134845553321753991e-02
2.878653162679494670e+00 9.720624710409575542e-03
3.131144366275339319e+00 6.768103965815315884e-03
3.388159578333816313e+00 5.461532618460055583e-03
3.638741848210948149e+00 4.200988175419564409e-03
3.888315910732085268e+00 3.358891957949628609e-03
4.139052155837465996e+00 2.616369105428591538e-03
4.390305777018236988e+00 2.146799782919341787e-03
4.642172339120373081e+00 1.751045705098930967e-03
4.894678666149941293e+00 1.445512285230553294e-03
5.147269052361176378e+00 1.172467483206711793e-03
5.398003206656323272e+00 1.019467187043932889e-03
5.647798235368590269e+00 8.984409650770265642e-04
5.900534302989873581e+00 7.415813770493597792e-04
6.151460297009074374e+00 6.483876214322656156e-04
6.402630176204441526e+00 5.582049050760406680e-04
6.655964674748322096e+00 5.009527190827486789e-04
6.908782583105771202e+00 4.284633807656836524e-04
7.159060853508338873e+00 3.927139632429747416e-04
7.409414762591408632e+00 3.586842914367142357e-04
7.659227149364629561e+00 3.220670770949148076e-04
7.911559474606142395e+00 2.867962460653112168e-04
8.163750941790897997e+00 2.627780190247245282e-04
8.415757210439384295e+00 2.368344198325495332e-04
8.667638839289207198e+00 2.175393283922516432e-04
8.918801124864609520e+00 1.948515941333809026e-04
9.170480108345369530e+00 1.787837382190077186e-04
9.420566033467249412e+00 1.624098182530821222e-04
9.671642335271435797e+00 1.509540158590317715e-04
9.923426157758477473e+00 1.408467379894679840e-04
1.017396902749181820e+01 1.299323723672250286e-04
1.042533700753922155e+01 1.193466745385938235e-04
1.067702948358784276e+01 1.132037391372847640e-04
1.092969337256462303e+01 1.051786871454640521e-04
1.118211872033766419e+01 9.729688614478020612e-05
1.143346516925797296e+01 9.098655260795626069e-05
1.168350508557724687e+01 8.578657987843309434e-05
1.193379937775929100e+01 8.109393010812141281e-05
1.218553055762879112e+01 7.628162974099137903e-05
1.243711650801278878e+01 7.141717830637454552e-05
1.268867268647359303e+01 6.830941828581807754e-05
1.294075027177769144e+01 6.339025859495361144e-05
1.319267287020158363e+01 6.047410271936837494e-05
1.344470571782862756e+01 5.761302599998967630e-05
1.369480150283709641e+01 5.459588125322666416e-05
1.394591277066507828e+01 5.218632873453185606e-05
1.419764645764527167e+01 4.932691179522671177e-05
1.444766774168416212e+01 4.747989233429380140e-05
1.469906835825429070e+01 4.539116424835069191e-05
1.495059118111036511e+01 4.292091120735100351e-05
1.520261612590052991e+01 4.147249655501884910e-05
1.545415944503929495e+01 3.959162170740950632e-05
1.570456072545780124e+01 3.823708939257065018e-05
1.595705800128773966e+01 3.665692307422456974e-05
1.620829297830731619e+01 3.503440248319086294e-05
1.645966591028190962e+01 3.392145274713915924e-05
1.671125708846596325e+01 3.298062104755835694e-05
1.696160259490052624e+01 3.141081435451146327e-05
1.721370276108077135e+01 3.044501416116628603e-05
1.746543424102250341e+01 2.926906678872328828e-05
1.771598473288305442e+01 2.843529128407187628e-05
1.796653767411944003e+01 2.757043124214907860e-05
1.821765658501893270e+01 2.669993861354063672e-05
1.847053788120423334e+01 2.625963976447196331e-05
1.872257696809484173e+01 2.519042059765432820e-05
1.897394097105746269e+01 2.452864412434528838e-05
1.922542454726159988e+01 2.371773555135226898e-05
1.947607703355479103e+01 2.323746290650348462e-05
1.972678839839982601e+01 2.281189732865164586e-05
1.997802698857814363e+01 2.185474395565110961e-05
2.022863620534168660e+01 2.149439526659842450e-05
2.047969598507238231e+01 2.096033952084788430e-05
2.073250439107362553e+01 2.039783839183799405e-05
2.098435855211640089e+01 1.993687841127634133e-05
2.123502923393334640e+01 1.924975000581102529e-05
2.148629411178690773e+01 1.901019881868711595e-05
2.173831825513516591e+01 1.856241058884344175e-05
2.198972260956887226e+01 1.820455078125131999e-05
2.223974971000711420e+01 1.769006436366460391e-05
2.249141870643862973e+01 1.742097026753351257e-05
2.274404614890906373e+01 1.681479639988575474e-05
2.299521835768831579e+01 1.667826374651729026e-05
2.324620084136223852e+01 1.626678410202495696e-05
2.349757798664387209e+01 1.599579770585614179e-05
2.374870488118759937e+01 1.569426576947285153e-05
2.399988781917473091e+01 1.525214153023192157e-05
2.425071646049711305e+01 1.500831219446429341e-05
2.450187830577813841e+01 1.476190997012811672e-05
2.475391093216606109e+01 1.450556758672609234e-05
2.500524226975159792e+01 1.428357583607758222e-05
2.525610980153284402e+01 1.401395183795795243e-05
2.550801425092822328e+01 1.372103403584280997e-05
2.575943113325822864e+01 1.349134960798983250e-05
2.601074166866445125e+01 1.327282399795765452e-05
2.626234447079615464e+01 1.300262178504329732e-05
2.651347712943701751e+01 1.271422994346666439e-05
2.676474177984877656e+01 1.263875412130511898e-05
2.701628079430242479e+01 1.234936557279391797e-05
2.726734205837282232e+01 1.216620107649771377e-05
2.751837013544679422e+01 1.195615481282684472e-05
2.776937726815812724e+01 1.179267760813608163e-05
2.802070160973895341e+01 1.169905796826913575e-05
2.827249982643487058e+01 1.143663971175035225e-05
2.852407603869968966e+01 1.122790444726498773e-05
2.877567300468570721e+01 1.109995551245800173e-05
2.902733523039245256e+01 1.091046704141753405e-05
2.927861073083739996e+01 1.071553027682919472e-05
2.953003196193969160e+01 1.047340235763397403e-05
2.978106336846375157e+01 1.039101187841063163e-05
3.003148440777084716e+01 1.024037982077794163e-05
3.028303386126418673e+01 1.006328799019442087e-05
3.053456493440382857e+01 9.899209676351620286e-06
3.078585183944906944e+01 9.775466568679191359e-06
3.103757946070165730e+01 9.631805635293740070e-06
3.128931656795834826e+01 9.522040168431497719e-06
3.154125974608096428e+01 9.339126267158861632e-06
3.179158626791808828e+01 9.236666628277050582e-06
3.204196438636942190e+01 9.112297998911632471e-06
3.229345624690945016e+01 9.006795358954314111e-06
3.254491795349546379e+01 8.810549184310603887e-06
3.279661199584414533e+01 8.699423304706317827e-06
3.304781054557115993e+01 8.627890701269256584e-06
3.329958828032162188e+01 8.426254044342960950e-06
3.355183723684311303e+01 8.306150626456841742e-06
3.380253855881218072e+01 8.211078960473298244e-06
3.405313147025059095e+01 8.117228354741839202e-06
3.430479305560803738e+01 7.989140205514247604e-06
3.455623390824965924e+01 7.884452422721252850e-06
3.480735498195039668e+01 7.791408862288942228e-06
3.505856438430107858e+01 7.637644064826490820e-06
3.531001549359893943e+01 7.586085081261099256e-06
3.556133107357548084e+01 7.425390612876654877e-06
3.581233698845250757e+01 7.344605482147054379e-06
3.606382608666838507e+01 7.227756656612054959e-06
3.631533331237931606e+01 7.105507545640573470e-06
3.656697642527945646e+01 7.046120641034818972e-06
3.681852327087045751e+01 6.942156047840989064e-06
3.706973766105884494e+01 6.859460212178323533e-06
3.732129678941971207e+01 6.731416495282529380e-06
3.757306314229551703e+01 6.687540558816157624e-06
3.782389924159279104e+01 6.530010563698890739e-06
3.807464007418068519e+01 6.470281404964443152e-06
3.832565302212735503e+01 6.386587080336513178e-06
3.857740378043642693e+01 6.289438474277337956e-06
3.882942253427300017e+01 6.200456271587038357e-06
3.908032307380011616e+01 6.133080513829804852e-06
3.933129330145365543e+01 6.027387373319769260e-06
3.958227876786669697e+01 5.946914642811915957e-06
3.983382520768443413e+01 5.874480252985020735e-06
4.008544842975349098e+01 5.797266280749542032e-06
4.033619301340542052e+01 5.710239701784852151e-06
4.058776599344974301e+01 5.623747652645904658e-06
4.083970221749189022e+01 5.574989524518580353e-06
4.109095921749577940e+01 5.487012898196532959e-06
4.134236727584069371e+01 5.430972833488509516e-06
4.159390229570379915e+01 5.335994721056863060e-06
4.184507899773220174e+01 5.272761486048283410e-06
4.209613747244114279e+01 5.196799922089597751e-06
4.234722818606434913e+01 5.128982721369134249e-06
4.259857332263157303e+01 5.053991949534677409e-06
4.285027109763341713e+01 4.997506435548311273e-06
4.310176195204312677e+01 4.927489290419657972e-06
4.335299280752174411e+01 4.837417475784498643e-06
4.360432095771267313e+01 4.775404699029387224e-06
4.385558663826572712e+01 4.724019154419593679e-06
4.410724528235365938e+01 4.661536509145773893e-06
4.435852190379520010e+01 4.572206356579066247e-06
4.460901713855037087e+01 4.531756714415160349e-06
4.486008510459071630e+01 4.458758970277393563e-06
4.511170295299168487e+01 4.393347765326358706e-06
4.536358210673532199e+01 4.353085313447695310e-06
4.561456198601624124e+01 4.275438539789715824e-06
4.586556721283918137e+01 4.207808662666954643e-06
4.611769651966599781e+01 4.142008450701372350e-06
4.636915627004315610e+01 4.086510750462770518e-06
4.662034887549072693e+01 4.040049696837256630e-06
4.687172305024841279e+01 3.978140046222739040e-06
4.712349745478636009e+01 3.930671546802004915e-06
4.737470617006108142e+01 3.872531781201763847e-06
4.762538569197067062e+01 3.811856196674240986e-06
4.787648835337603259e+01 3.758942620477644145e-06
4.812806309416585293e+01 3.718910653545563419e-06
4.837947377766823820e+01 3.662986569925126210e-06
4.863055608299239907e+01 3.609794726612131941e-06
4.888199020684587026e+01 3.549221854557786987e-06
4.913362466485948232e+01 3.501826906598824405e-06
4.938531946307731602e+01 3.466404523502509879e-06
4.963608988707425596e+01 3.406888497175191014e-06
4.988699356578750610e+01 3.359940112667621243e-06
5.013861839733769443e+01 3.308232710010232378e-06
5.038999807568713862e+01 3.256872037766825913e-06
5.064128572509015669e+01 3.200297629615083416e-06
5.089265153888026560e+01 3.154598333810255656e-06
5.114416620234485578e+01 3.123647392303182326e-06
5.139546355734375993e+01 3.076223644982717551e-06
5.164701680266333028e+01 3.023546086308709663e-06
5.189862905495089507e+01 2.982109325560554175e-06
5.214967308047777550e+01 2.946720553975671847e-06
5.240069291691047226e+01 2.908024790561090163e-06
5.265205790651547346e+01 2.861255158112325672e-06
5.290347041453212995e+01 2.810557467440322255e-06
5.315461969811498477e+01 2.774377080771855743e-06
5.340579219818222612e+01 2.739086800549248493e-06
5.365762065089100474e+01 2.697751190157277080e-06
5.390923473668377852e+01 2.652402823971853394e-06
5.416006359979510876e+01 2.627796682721381638e-06
5.441130437191114311e+01 2.588555861896101520e-06
5.466262745830391623e+01 2.555337223982019872e-06
5.491405993929731011e+01 2.515836029900076111e-06
5.516541491717607215e+01 2.476535010713685051e-06
5.541638268596229011e+01 2.436477326302712640e-06
5.566794564877197615e+01 2.399537589951197189e-06
5.591937805757883950e+01 2.372467084632450886e-06
5.617071533636728020e+01 2.336393946600975427e-06
5.642219117939477258e+01 2.294846171749024372e-06
5.667351334189861944e+01 2.273695711665940417e-06
5.692472708748548627e+01 2.242355817137184228e-06
5.717591204656960002e+01 2.200831395367493528e-06
5.742747687291149106e+01 2.174593925650423673e-06
5.767908487077198032e+01 2.147021217462870616e-06
5.793014671413330063e+01 2.123298308277705540e-06
5.818129395888691135e+01 2.086513020590037709e-06
5.843277276607519610e+01 2.058126678501625869e-06
5.868441457608106049e+01 2.025942870712661152e-06
5.893571635795849062e+01 2.007497223087748836e-06
5.918679860974395979e+01 1.977835341625316695e-06
5.943824578411374659e+01 1.947208769785528309e-06
5.968934443052460637e+01 1.922206862501469449e-06
5.994009881519919958e+01 1.899591639307231815e-06
6.019143008204730450e+01 1.869284659573874966e-06
6.044303967578304793e+01 1.844643815038698290e-06
6.069446539940648933e+01 1.814891253382885481e-06
6.094594283876522667e+01 1.794317598622464831e-06
6.119752142863568878e+01 1.770060308771799072e-06
6.144920707655568037e+01 1.741087630801778055e-06
6.170042875117553649e+01 1.725620142780375533e-06
6.195135852331920745e+01 1.704580192320288240e-06
6.220292279118605450e+01 1.681308435408670632e-06
6.245429299708936099e+01 1.659070527847927254e-06
6.270516484212564734e+01 1.639137487394922800e-06
6.295654789617530156e+01 1.617376947467475456e-06
6.320814180923495940e+01 1.595448622409811256e-06
6.345941573738152641e+01 1.580876744497930329e-06
6.371040057052023542e+01 1.553030332764227765e-06
6.396185745578683424e+01 1.545268823414599901e-06
6.421368546549915379e+01 1.524833650262633453e-06
6.446479073454199238e+01 1.503507246175882061e-06
6.471588673409551973e+01 1.474917001003061602e-06
6.496730834160189261e+01 1.454384668314159090e-06
6.521856319783852030e+01 1.431177634943992731e-06
6.546992987326736113e+01 1.411662102638940594e-06
6.572120553073852989e+01 1.379764536749239187e-06
6.597232322532917692e+01 1.363519342005721938e-06
6.622368994537650622e+01 1.336177125396823863e-06
6.647513103932683975e+01 1.316724096932601469e-06
6.672672959741110787e+01 1.295272775333549013e-06
6.697798244417811020e+01 1.269586732319617538e-06
6.722885542524284119e+01 1.251698402734080196e-06
6.748048616955249202e+01 1.230738201784202274e-06
6.773229923195737001e+01 1.206566265474722091e-06
6.798322572139460362e+01 1.186021839585559887e-06
6.823447173775937813e+01 1.164768502627691157e-06
6.848606896751729778e+01 1.148079993323771801e-06
6.873741544680683546e+01 1.128749182818754530e-06
6.898873787744179253e+01 1.110233411632251592e-06
6.923979673744193519e+01 1.090955660190790468e-06
6.949145441276264989e+01 1.065704423902596903e-06
6.974265210301840057e+01 1.052587934588984943e-06
6.999344031108012132e+01 1.035591829572063383e-06
7.024493114765583357e+01 1.013814177423282277e-06
7.049642464225027538e+01 9.964854401196182314e-07
7.074774315836204153e+01 9.841504441415610735e-07
7.099906993548422918e+01 9.644018651420170600e-07
7.125054486425644029e+01 9.477986661795098745e-07
7.150182990423201090e+01 9.317646554636423550e-07
7.175309169194970593e+01 9.126538171625084976e-07
7.200430886966613286e+01 8.988915831553731024e-07
7.225563655627148307e+01 8.819728912202631961e-07
7.250698057097335436e+01 8.689240821428460306e-07
7.275814540940223196e+01 8.529402480483491827e-07
7.300954011634642882e+01 8.336857673652747992e-07
7.326094744803241099e+01 8.208911612645138478e-07
7.351241635922633577e+01 8.073045120121894841e-07
7.376385704484314942e+01 7.907667691255996984e-07
7.401507686011912313e+01 7.771414554689978745e-07
7.426642983754513239e+01 7.648203215901404426e-07
7.451774392350500875e+01 7.493051842772015154e-07
7.476888196695857403e+01 7.388210525291832503e-07
7.502031254291918572e+01 7.238172824578953897e-07
7.527179980263341008e+01 7.129817418085024094e-07
7.552311252549999665e+01 6.986925225371436752e-07
7.577409780062980360e+01 6.865460686380878597e-07
7.602551875404107307e+01 6.729864301429761571e-07
7.627713348914349467e+01 6.604521518873500566e-07
7.652808863434110265e+01 6.486998361328222498e-07
7.677928937816385258e+01 6.371216147357004804e-07
7.703080422988723797e+01 6.257204095942924196e-07
7.728259641407451852e+01 6.124446882044660862e-07
7.753362846048165125e+01 6.013360183964983109e-07
7.778433144503740948e+01 5.901103664208534937e-07
7.803587445609785789e+01 5.807350152851313740e-07
7.828752478929132508e+01 5.696310394421471317e-07
7.853900368295268208e+01 5.583535352452978088e-07
7.879021312407734001e+01 5.497829438151268825e-07
7.904165509986182769e+01 5.397830588238626344e-07
7.929330413459700821e+01 5.301379631606777862e-07
7.954446877222407863e+01 5.198524025990803749e-07
7.979551714753698377e+01 5.114064304519852692e-07
8.004692165377868207e+01 5.033262102387417526e-07
8.029810489950233432e+01 4.929836065625521832e-07
8.054908874480256031e+01 4.838809514253903995e-07
8.080044321541014085e+01 4.760632612140752026e-07
8.105216211323228492e+01 4.671779137235778736e-07
8.130349433109076074e+01 4.595823612418967591e-07
8.155444015076058406e+01 4.527624680117968842e-07
8.180579598042007206e+01 4.423604419189867651e-07
8.205747345046690100e+01 4.352590706549381659e-07
8.230895288137371324e+01 4.270354218988994254e-07
8.256017853616197044e+01 4.207084270695198302e-07
8.281171136842024794e+01 4.134487067105356566e-07
8.306338874103768433e+01 4.074926452625128918e-07
8.331416972271263433e+01 3.990784588046582337e-07
8.356490365514949303e+01 3.900284727519181040e-07
8.381669207113579034e+01 3.851156886754895836e-07
8.406812178552961257e+01 3.780778127674006390e-07
8.431890933464019611e+01 3.708087035048110198e-07
8.457023187027826339e+01 3.655082934964173672e-07
8.482151559398789686e+01 3.607332504815980640e-07
8.507283003168710422e+01 3.526185936390109944e-07
8.532426808165841692e+01 3.473396780372851019e-07
8.557600476924378086e+01 3.406185004469506463e-07
8.582757594343893004e+01 3.338965353025659617e-07
8.607831587296919906e+01 3.297091199378262362e-07
8.632961333877408094e+01 3.240378743588836237e-07
8.658121923681562748e+01 3.173588887192245368e-07
8.683268673150530503e+01 3.138081492889655392e-07
8.708396519721972595e+01 3.075069251404262517e-07
8.733506961066505880e+01 3.018242168828977311e-07
8.758618105842411694e+01 2.968649358065576706e-07
8.783752567351578477e+01 2.913266476687117218e-07
8.808868914679788986e+01 2.877589029746281554e-07
8.833994003395393690e+01 2.804456114404407879e-07
8.859174898584991809e+01 2.778836766503462237e-07
8.884303273375222432e+01 2.713817544094554045e-07
8.909352487970716084e+01 2.661936166131274636e-07
8.934511690540148265e+01 2.609317793323827058e-07
8.959715158813172309e+01 2.561758245556847425e-07
8.984803368908821142e+01 2.519736054068451183e-07
9.009924288814356430e+01 2.462378186605221017e-07
9.035039732041329330e+01 2.414344416593760550e-07
9.060151066709157419e+01 2.348325939379245871e-07
9.085215645777752513e+01 2.297002734855038632e-07
9.110358912880106175e+01 2.245128189829756422e-07
9.135593221689693166e+01 2.188688025712527532e-07
9.160680049007517312e+01 2.148949793555322291e-07
9.185814296072571494e+01 2.100222599979386292e-07
9.211014914083067140e+01 2.049198183930090066e-07
9.236133039430572467e+01 2.020904833487119601e-07
9.261226961967061300e+01 1.968639157650368140e-07
9.286339612223196127e+01 1.924795485073402456e-07
9.311503395193372512e+01 1.873333302259531392e-07
9.336621751977830286e+01 1.839722221930549677e-07
9.361677474844866254e+01 1.794118295933286137e-07
9.386828402731896404e+01 1.767836501768292228e-07
9.412013166396859276e+01 1.722404011733268808e-07
9.437159577797395116e+01 1.682029330382147212e-07
9.462215507964623384e+01 1.667035162079450000e-07
9.487303142853234306e+01 1.641161262225927601e-07
9.512563612801736213e+01 1.595195753653138837e-07
9.537712370347337298e+01 1.568152071034899840e-07
9.562770329733204733e+01 1.521096038398131753e-07
9.587952553542562839e+01 1.508449557793567293e-07
9.613214193709879396e+01 1.470044135960836077e-07
9.638292294616348954e+01 1.442194853935883263e-07
9.663323205539920480e+01 1.409104017263315278e-07
9.688575427051634392e+01 1.387773266276845976e-07
9.713720230214802598e+01 1.352871788347213461e-07
9.738711075112470894e+01 1.328011383641194497e-07
9.763880850310884796e+01 1.298772238130365194e-07
9.789195925073893534e+01 1.291059402682312855e-07
9.814276473823834124e+01 1.258151170806168037e-07
9.839200152577470249e+01 1.237477401792106126e-07
9.864436939619000100e+01 1.213618665643455367e-07
9.889657229158518703e+01 1.192304743643422640e-07
9.914654206758739008e+01 1.174261120185824385e-07
9.939737265117041431e+01 1.153363968392126114e-07
9.964971324453516388e+01 1.135151298830123252e-07
9.990221505033474614e+01 1.106960274624885847e-07
1.001521516083068519e+02 1.077679947894424565e-07
1.004020181344354228e+02 1.070770519638437666e-07
1.006555261342845853e+02 1.042858705406165715e-07
1.009078779715744503e+02 1.044364582062030804e-07
1.011564847190979037e+02 1.036633336863427472e-07
1.014077980390921851e+02 1.002876688441094572e-07
1.016621206036857075e+02 1.001102131066934011e-07
1.019133439536030323e+02 9.619889335716125819e-08
1.021611090492770160e+02 9.654789832552356211e-08
1.024134287982906386e+02 9.249608778515051460e-08
1.026689526987222933e+02 9.247948340986920673e-08
1.029179005362147450e+02 9.124878931906673748e-08
1.031645010122565509e+02 8.989089561082687491e-08
1.034190198448752227e+02 8.891880921823011018e-08
1.036740078018821123e+02 8.689345299725847008e-08
1.039223728592707516e+02 8.633499582684958833e-08
1.041718863957155321e+02 8.578412108378317665e-08
1.044269799004653407e+02 8.392002565418459963e-08
1.046773133673284093e+02 8.112206384042235171e-08
1.049203418007823814e+02 8.256722831489488157e-08
1.051759012379430231e+02 8.134480040037143790e-08
1.054364230283171651e+02 8.051333256666731911e-08
1.056811914497119176e+02 7.946047479324071410e-08
1.059215804876414495e+02 7.955101489533001807e-08
1.061816384917722758e+02 7.985483148553521201e-08
1.064472113030423515e+02 7.959348429530077762e-08
1.066878058983536732e+02 7.814181223611302029e-08
1.069236360402103827e+02 7.735005808662681365e-08
1.071892705778195563e+02 7.703895968665420966e-08
1.074586772409291342e+02 7.558581611601624353e-08
1.076879342587935611e+02 7.364725670781225609e-08
1.079185870885384446e+02 7.383375062260757522e-08
1.081956775747713095e+02 7.345227005133919791e-08
1.084728105259587352e+02 7.099602153367262469e-08
1.086839161354765366e+02 7.000680221918111332e-08
1.089114578639759117e+02 6.896195583938222929e-08
1.091979138747751392e+02 7.640109282046922630e-08
1.094826115122194068e+02 7.115909743151302377e-08
1.096995281563482934e+02 7.249469407409283399e-08
1.099149327348783771e+02 7.170855208144764407e-08
1.102017255337961075e+02 7.503167875051370477e-08
1.104879737748566555e+02 8.061421565655696461e-08
1.107157115274964241e+02 7.622507951755460546e-08
1.109132792987308136e+02 8.868520963412604789e-08
1.111862324688471801e+02 6.849823212185448090e-08
1.114398329385503388e+02 6.343134141769361200e-08
