3.559856489878782115e-01 6.254453041787404466e-01
6.031648866026231293e-01 2.369155221960994595e-01
8.579160745827347778e-01 1.528566173632724401e-01
1.113464310595710716e+00 8.259548919357592722e-02
1.374039914321364408e+00 5.733661252988406232e-02
1.619154704570298309e+00 3.967368895421988922e-02
1.870686673430271840e+00 2.962668044649792790e-02
2.123290040706380832e+00 2.220303312241738575e-02
2.378144976376236119e+00 1.627446921655543305e-02
2.630489925835516996e+00 1.143670337269787202e-02
2.878653162679494670e+00 9.798562056258095648e-03
3.131144366275339319e+00 6.821876323772266965e-03
3.388159578333816313e+00 5.508424441543046529e-03
3.638741848210948149e+00 4.238486962733258208e-03
3.888315910732085268e+00 3.391050531700322279e-03
4.139052155837465996e+00 2.642585631796436161e-03
4.390305777018236988e+00 2.167212727535089856e-03
4.642172339120373081e+00 1.767489529766268956e-03
4.894678666149941293e+00 1.456209698768737293e-03
5.147269052361176378e+00 1.181468419402376948e-03
5.398003206656323272e+00 1.028240657925564650e-03
5.647798235368590269e+00 9.064954366908905886e-04
5.900534302989873581e+00 7.490481318757160646e-04
6.151460297009074374e+00 6.546773592482588470e-04
6.402630176204441526e+00 5.632567622617005261e-04
6.655964674748322096e+00 5.044547303361311902e-04
6.908782583105771202e+00 4.330462988155072508e-04
7.159060853508338873e+00 3.972586865222537018e-04
7.409414762591408632e+00 3.617259608896994296e-04
7.659227149364629561e+00 3.242176599764253603e-04
7.911559474606142395e+00 2.894919444917557036e-04
8.163750941790897997e+00 2.661853460955693586e-04
8.415757210439384295e+00 2.386895574739393436e-04
8.667638839289207198e+00 2.192284078215457621e-04
8.918801124864609520e+00 1.964822491764365035e-04
9.170480108345369530e+00 1.804894338328032991e-04
9.420566033467249412e+00 1.636781128106180525e-04
9.671642335271435797e+00 1.518103304720534751e-04
9.923426157758477473e+00 1.424403664876338043e-04
1.017396902749181820e+01 1.311591074612480934e-04
1.042533700753922155e+01 1.201572226129192365e-04
1.067702948358784276e+01 1.139494028241316793e-04
1.092969337256462303e+01 1.061014620785679876e-04
1.118211872033766419e+01 9.815256501182166311e-05
1.143346516925797296e+01 9.205483907405478104e-05
1.168350508557724687e+01 8.676984738120918281e-05
1.193379937775929100e+01 8.180905823474780966e-05
1.218553055762879112e+01 7.711668525433538340e-05
1.243711650801278878e+01 7.190130317177405035e-05
1.268867268647359303e+01 6.888171804433329526e-05
1.294075027177769144e+01 6.375580555055088096e-05
1.319267287020158363e+01 6.094166989137718356e-05
1.344470571782862756e+01 5.809268775394722958e-05
1.369480150283709641e+01 5.505424572828622129e-05
1.394591277066507828e+01 5.251949329761790606e-05
1.419764645764527167e+01 4.962964717594015290e-05
1.444766774168416212e+01 4.769672775319709992e-05
1.469906835825429070e+01 4.563682489692337302e-05
1.495059118111036511e+01 4.309633907939222473e-05
1.520261612590052991e+01 4.160905802203930894e-05
1.545415944503929495e+01 3.954137596573444925e-05
1.570456072545780124e+01 3.841219302559801884e-05
1.595705800128773966e+01 3.670223835173763417e-05
1.620829297830731619e+01 3.513965419377382238e-05
1.645966591028190962e+01 3.406638771914989908e-05
1.671125708846596325e+01 3.297464862937927879e-05
1.696160259490052624e+01 3.150044175793595674e-05
1.721370276108077135e+01 3.048755446662659846e-05
1.746543424102250341e+01 2.927062706695422866e-05
1.771598473288305442e+01 2.840800919439930388e-05
1.796653767411944003e+01 2.763364477629361361e-05
1.821765658501893270e+01 2.678737861606158766e-05
1.847053788120423334e+01 2.634871719384308391e-05
1.872257696809484173e+01 2.533107480061041312e-05
1.897394097105746269e+01 2.458409063863469359e-05
1.922542454726159988e+01 2.383117558379983187e-05
1.947607703355479103e+01 2.331402658954073704e-05
1.972678839839982601e+01 2.273329786366122025e-05
1.997802698857814363e+01 2.184855430038141062e-05
2.022863620534168660e+01 2.152722281082796016e-05
2.047969598507238231e+01 2.089110054826680231e-05
2.073250439107362553e+01 2.045116649314459981e-05
2.098435855211640089e+01 1.994880260886740795e-05
2.123502923393334640e+01 1.929973950275313044e-05
2.148629411178690773e+01 1.908343059463463173e-05
2.173831825513516591e+01 1.849613079624220499e-05
2.198972260956887226e+01 1.815404495258443978e-05
2.223974971000711420e+01 1.764586711844315096e-05
2.249141870643862973e+01 1.736699166407883183e-05
2.274404614890906373e+01 1.678415935053474830e-05
2.299521835768831579e+01 1.670580842423584220e-05
2.324620084136223852e+01 1.618424802464191431e-05
2.349757798664387209e+01 1.600541308837630724e-05
2.374870488118759937e+01 1.567250176347517195e-05
2.399988781917473091e+01 1.524602295215505663e-05
2.425071646049711305e+01 1.500754528502458062e-05
2.450187830577813841e+01 1.478085035263976453e-05
2.475391093216606109e+01 1.446354064354388731e-05
2.500524226975159792e+01 1.427566620610954167e-05
2.525610980153284402e+01 1.396977547485144200e-05
2.550801425092822328e+01 1.369725392647874055e-05
2.575943113325822864e+01 1.350992096584164471e-05
2.601074166866445125e+01 1.329713952691359930e-05
2.626234447079615464e+01 1.302641196066992481e-05
2.651347712943701751e+01 1.273015262096011372e-05
2.676474177984877656e+01 1.261160668790381792e-05
2.701628079430242479e+01 1.230358537884057213e-05
2.726734205837282232e+01 1.211816479379170725e-05
2.751837013544679422e+01 1.194635012002752094e-05
2.776937726815812724e+01 1.179949409964022069e-05
2.802070160973895341e+01 1.168686029695450347e-05
2.827249982643487058e+01 1.138193189794612586e-05
2.852407603869968966e+01 1.123012407884024117e-05
2.877567300468570721e+01 1.102428246993158324e-05
2.902733523039245256e+01 1.086938336213107926e-05
2.927861073083739996e+01 1.071835922923749360e-05
2.953003196193969160e+01 1.045492160201605452e-05
2.978106336846375157e+01 1.036486883932993353e-05
3.003148440777084716e+01 1.021700677496666955e-05
3.028303386126418673e+01 1.007575203156450289e-05
3.053456493440382857e+01 9.860321311524852290e-06
3.078585183944906944e+01 9.721000431703147622e-06
3.103757946070165730e+01 9.623216995480772049e-06
3.128931656795834826e+01 9.509646826020438698e-06
3.154125974608096428e+01 9.349248743800762598e-06
3.179158626791808828e+01 9.207074538946146894e-06
3.204196438636942190e+01 9.101485208364475460e-06
3.229345624690945016e+01 8.976711057594842169e-06
3.254491795349546379e+01 8.788829850388761968e-06
3.279661199584414533e+01 8.684394778144768657e-06
3.304781054557115993e+01 8.596070971590312931e-06
3.329958828032162188e+01 8.396146018622630865e-06
3.355183723684311303e+01 8.276793885103819821e-06
3.380253855881218072e+01 8.195249248434812331e-06
3.405313147025059095e+01 8.111666409638002367e-06
3.430479305560803738e+01 7.973431892179188798e-06
3.455623390824965924e+01 7.871113332859205222e-06
3.480735498195039668e+01 7.801621309569429849e-06
3.505856438430107858e+01 7.613522752517310532e-06
3.531001549359893943e+01 7.531125852970299912e-06
3.556133107357548084e+01 7.414850757546985005e-06
3.581233698845250757e+01 7.335917532677746638e-06
3.606382608666838507e+01 7.212236246597752569e-06
3.631533331237931606e+01 7.095815040648008397e-06
3.656697642527945646e+01 7.010252392988884415e-06
3.681852327087045751e+01 6.919988778294646739e-06
3.706973766105884494e+01 6.824369605033545051e-06
3.732129678941971207e+01 6.689302150415916916e-06
3.757306314229551703e+01 6.664759554047526749e-06
3.782389924159279104e+01 6.511079820731085436e-06
3.807464007418068519e+01 6.453165844676167429e-06
3.832565302212735503e+01 6.384070800461069210e-06
3.857740378043642693e+01 6.271444631945236688e-06
3.882942253427300017e+01 6.161091247949785123e-06
3.908032307380011616e+01 6.131446713611931975e-06
3.933129330145365543e+01 6.008769869249396820e-06
3.958227876786669697e+01 5.950205193860724284e-06
3.983382520768443413e+01 5.861820911388184696e-06
4.008544842975349098e+01 5.780868056514155939e-06
4.033619301340542052e+01 5.701145488793895372e-06
4.058776599344974301e+01 5.605544343132393339e-06
4.083970221749189022e+01 5.548420520063607942e-06
4.109095921749577940e+01 5.459073021320568334e-06
4.134236727584069371e+01 5.398624036350986545e-06
4.159390229570379915e+01 5.308233820758812481e-06
4.184507899773220174e+01 5.257295273832006317e-06
4.209613747244114279e+01 5.178547988414222471e-06
4.234722818606434913e+01 5.110978225977351465e-06
4.259857332263157303e+01 5.034552125706364405e-06
4.285027109763341713e+01 4.994330003188451569e-06
4.310176195204312677e+01 4.915635159517710936e-06
4.335299280752174411e+01 4.822794767632221140e-06
4.360432095771267313e+01 4.763935152227137673e-06
4.385558663826572712e+01 4.714013944070791483e-06
4.410724528235365938e+01 4.639596564348010518e-06
4.435852190379520010e+01 4.554256051320614346e-06
4.460901713855037087e+01 4.506301969254051651e-06
4.486008510459071630e+01 4.444144763685928342e-06
4.511170295299168487e+01 4.379932570490191914e-06
4.536358210673532199e+01 4.326945049253407129e-06
4.561456198601624124e+01 4.266013874832225580e-06
4.586556721283918137e+01 4.182867602429015633e-06
4.611769651966599781e+01 4.120601461395295127e-06
4.636915627004315610e+01 4.076959967472230436e-06
4.662034887549072693e+01 4.029377726961537193e-06
4.687172305024841279e+01 3.976479709058650195e-06
4.712349745478636009e+01 3.922852104073192184e-06
4.737470617006108142e+01 3.858948497384741498e-06
4.762538569197067062e+01 3.806698706528595654e-06
4.787648835337603259e+01 3.744106233962461013e-06
4.812806309416585293e+01 3.713709718824625970e-06
4.837947377766823820e+01 3.651238978044193119e-06
4.863055608299239907e+01 3.593697713777254440e-06
4.888199020684587026e+01 3.532741623703872493e-06
4.913362466485948232e+01 3.483940621147310548e-06
4.938531946307731602e+01 3.442367028495627881e-06
4.963608988707425596e+01 3.405773974638599632e-06
4.988699356578750610e+01 3.351659361928592792e-06
5.013861839733769443e+01 3.306990113583525108e-06
5.038999807568713862e+01 3.249674701527574486e-06
5.064128572509015669e+01 3.199890947637576035e-06
5.089265153888026560e+01 3.144737937003976835e-06
5.114416620234485578e+01 3.117366785243787205e-06
5.139546355734375993e+01 3.066227122628801993e-06
5.164701680266333028e+01 3.015799047427234554e-06
5.189862905495089507e+01 2.983124466662030676e-06
5.214967308047777550e+01 2.948322417944119552e-06
5.240069291691047226e+01 2.898261768774218257e-06
5.265205790651547346e+01 2.850764084711280284e-06
5.290347041453212995e+01 2.805232177734518162e-06
5.315461969811498477e+01 2.771276808507185315e-06
5.340579219818222612e+01 2.733023635668335467e-06
5.365762065089100474e+01 2.693990850257579766e-06
5.390923473668377852e+01 2.649048431222937371e-06
5.416006359979510876e+01 2.620062141784007245e-06
5.441130437191114311e+01 2.580911621368394373e-06
5.466262745830391623e+01 2.549332990346557937e-06
5.491405993929731011e+01 2.504560012168297313e-06
5.516541491717607215e+01 2.472959712195179947e-06
5.541638268596229011e+01 2.432074811387130242e-06
5.566794564877197615e+01 2.396960862707652188e-06
5.591937805757883950e+01 2.364903255758262686e-06
5.617071533636728020e+01 2.333025032961169901e-06
5.642219117939477258e+01 2.292270662122339236e-06
5.667351334189861944e+01 2.270185089969365576e-06
5.692472708748548627e+01 2.240656495304566200e-06
5.717591204656960002e+01 2.200974121113369657e-06
5.742747687291149106e+01 2.171870620626275466e-06
5.767908487077198032e+01 2.144486361461377088e-06
5.793014671413330063e+01 2.112779202682093676e-06
5.818129395888691135e+01 2.079803160421909656e-06
5.843277276607519610e+01 2.054235257470034733e-06
5.868441457608106049e+01 2.026159180547263245e-06
5.893571635795849062e+01 2.005944059596071466e-06
5.918679860974395979e+01 1.977213140761216350e-06
5.943824578411374659e+01 1.945419519934704472e-06
5.968934443052460637e+01 1.920793114571742266e-06
5.994009881519919958e+01 1.888814432232063172e-06
6.019143008204730450e+01 1.864383942356795134e-06
6.044303967578304793e+01 1.840177267434656641e-06
6.069446539940648933e+01 1.816069461535228617e-06
6.094594283876522667e+01 1.793774753380884548e-06
6.119752142863568878e+01 1.767517582863931312e-06
6.144920707655568037e+01 1.745766880214576745e-06
6.170042875117553649e+01 1.727253965581517495e-06
6.195135852331920745e+01 1.704294184423235689e-06
6.220292279118605450e+01 1.681924044737762647e-06
6.245429299708936099e+01 1.664764177098135858e-06
6.270516484212564734e+01 1.644321575618404877e-06
6.295654789617530156e+01 1.618731047404135436e-06
6.320814180923495940e+01 1.600059713566625880e-06
6.345941573738152641e+01 1.581558952902298028e-06
6.371040057052023542e+01 1.557378387298961932e-06
6.396185745578683424e+01 1.546111335221188087e-06
6.421368546549915379e+01 1.523491245408519764e-06
6.446479073454199238e+01 1.502357401181440978e-06
6.471588673409551973e+01 1.479103732481148743e-06
6.496730834160189261e+01 1.455334850783260115e-06
6.521856319783852030e+01 1.432192893216686461e-06
6.546992987326736113e+01 1.407243030259884399e-06
6.572120553073852989e+01 1.384806171370446581e-06
6.597232322532917692e+01 1.362007796881714238e-06
6.622368994537650622e+01 1.340375315882480046e-06
6.647513103932683975e+01 1.318007556950115808e-06
6.672672959741110787e+01 1.296256123193869913e-06
6.697798244417811020e+01 1.272793661245715043e-06
6.722885542524284119e+01 1.252516113417569644e-06
6.748048616955249202e+01 1.233662909312516155e-06
6.773229923195737001e+01 1.211555040641646024e-06
6.798322572139460362e+01 1.189096663706636434e-06
6.823447173775937813e+01 1.168019256700870689e-06
6.848606896751729778e+01 1.152144640470795618e-06
6.873741544680683546e+01 1.130062642837447708e-06
6.898873787744179253e+01 1.110960266673627623e-06
6.923979673744193519e+01 1.094072551074471658e-06
6.949145441276264989e+01 1.070553149053686591e-06
6.974265210301840057e+01 1.057440679801246263e-06
6.999344031108012132e+01 1.037364974273944865e-06
7.024493114765583357e+01 1.016145326282121676e-06
7.049642464225027538e+01 1.002083022298050924e-06
7.074774315836204153e+01 9.855859482130385190e-07
7.099906993548422918e+01 9.665061650323725425e-07
7.125054486425644029e+01 9.511327576273651329e-07
7.150182990423201090e+01 9.338076344964069564e-07
7.175309169194970593e+01 9.157527956950118731e-07
7.200430886966613286e+01 9.009134022199501482e-07
7.225563655627148307e+01 8.862083424183623444e-07
7.250698057097335436e+01 8.696299542369238281e-07
7.275814540940223196e+01 8.526631691933002450e-07
7.300954011634642882e+01 8.371542574257492383e-07
7.326094744803241099e+01 8.247949551725506074e-07
7.351241635922633577e+01 8.094609033512285546e-07
7.376385704484314942e+01 7.937167527151572361e-07
7.401507686011912313e+01 7.817680584645327088e-07
7.426642983754513239e+01 7.665296907115748124e-07
7.451774392350500875e+01 7.506470432572121775e-07
7.476888196695857403e+01 7.385512590068501872e-07
7.502031254291918572e+01 7.259828079904842349e-07
7.527179980263341008e+01 7.140975186812231425e-07
7.552311252549999665e+01 7.006028244169350148e-07
7.577409780062980360e+01 6.880942758133106719e-07
7.602551875404107307e+01 6.762281597644323653e-07
7.627713348914349467e+01 6.635640557188662078e-07
7.652808863434110265e+01 6.515052351137866624e-07
7.677928937816385258e+01 6.386300237628182574e-07
7.703080422988723797e+01 6.283803823607469667e-07
7.728259641407451852e+01 6.152241302829119944e-07
7.753362846048165125e+01 6.050794582258955956e-07
7.778433144503740948e+01 5.949509847486069642e-07
7.803587445609785789e+01 5.837334346292751390e-07
7.828752478929132508e+01 5.735185667770576522e-07
7.853900368295268208e+01 5.611485886176348047e-07
7.879021312407734001e+01 5.523428665504876141e-07
7.904165509986182769e+01 5.423927271522947975e-07
7.929330413459700821e+01 5.332650542914860749e-07
7.954446877222407863e+01 5.219912464732410641e-07
7.979551714753698377e+01 5.137907407995745726e-07
8.004692165377868207e+01 5.062604062829860566e-07
8.029810489950233432e+01 4.974336611000171413e-07
8.054908874480256031e+01 4.866215663611928635e-07
8.080044321541014085e+01 4.778875495762148643e-07
8.105216211323228492e+01 4.701406993518540396e-07
8.130349433109076074e+01 4.613036117498571497e-07
8.155444015076058406e+01 4.577330687958437504e-07
8.180579598042007206e+01 4.452175179213347882e-07
8.205747345046690100e+01 4.383448069856876976e-07
8.230895288137371324e+01 4.299002586784372737e-07
8.256017853616197044e+01 4.227841200817898134e-07
8.281171136842024794e+01 4.162916757778505969e-07
8.306338874103768433e+01 4.103683587763203214e-07
8.331416972271263433e+01 4.018839659297438941e-07
8.356490365514949303e+01 3.941984943432323210e-07
8.381669207113579034e+01 3.875084323701900687e-07
8.406812178552961257e+01 3.823628992840476003e-07
8.431890933464019611e+01 3.736896165246299098e-07
8.457023187027826339e+01 3.689974266037949052e-07
8.482151559398789686e+01 3.604015503854193493e-07
8.507283003168710422e+01 3.552389593123034620e-07
8.532426808165841692e+01 3.492473343733301928e-07
8.557600476924378086e+01 3.428431052694400211e-07
8.582757594343893004e+01 3.373742033648030176e-07
8.607831587296919906e+01 3.331838460002525727e-07
8.632961333877408094e+01 3.264473551233237641e-07
8.658121923681562748e+01 3.193035871510416933e-07
8.683268673150530503e+01 3.169079662370568117e-07
8.708396519721972595e+01 3.089646575187211644e-07
8.733506961066505880e+01 3.037737869297089171e-07
8.758618105842411694e+01 2.996392719485187747e-07
8.783752567351578477e+01 2.941010716121152816e-07
8.808868914679788986e+01 2.903263790722972004e-07
8.833994003395393690e+01 2.842891967560078305e-07
8.859174898584991809e+01 2.795783772508093226e-07
8.884303273375222432e+01 2.741623409322048425e-07
8.909352487970716084e+01 2.685407863428582247e-07
8.934511690540148265e+01 2.629272105133456709e-07
8.959715158813172309e+01 2.578271629980302303e-07
8.984803368908821142e+01 2.536852371986447086e-07
9.009924288814356430e+01 2.471566701150503030e-07
9.035039732041329330e+01 2.418848442403601985e-07
9.060151066709157419e+01 2.364238844920292922e-07
9.085215645777752513e+01 2.321626981341873322e-07
9.110358912880106175e+01 2.257371706916085023e-07
9.135593221689693166e+01 2.202551859212471868e-07
9.160680049007517312e+01 2.153018812777098860e-07
9.185814296072571494e+01 2.118408981115806806e-07
9.211014914083067140e+01 2.071737995493816371e-07
9.236133039430572467e+01 2.023057840604173472e-07
9.261226961967061300e+01 1.979718331601403109e-07
9.286339612223196127e+01 1.935082203559713057e-07
9.311503395193372512e+01 1.884058110389038815e-07
9.336621751977830286e+01 1.860495156907881804e-07
9.361677474844866254e+01 1.808540762630365233e-07
9.386828402731896404e+01 1.776791933575739770e-07
9.412013166396859276e+01 1.735517439440777887e-07
9.437159577797395116e+01 1.701698674397647246e-07
9.462215507964623384e+01 1.686161435664532257e-07
9.487303142853234306e+01 1.646539337458746429e-07
9.512563612801736213e+01 1.605597600509606315e-07
9.537712370347337298e+01 1.586390532973562918e-07
9.562770329733204733e+01 1.535504262176406742e-07
9.587952553542562839e+01 1.514005396447272430e-07
9.613214193709879396e+01 1.493326504667777339e-07
9.638292294616348954e+01 1.443569144984040123e-07
9.663323205539920480e+01 1.422034719879928955e-07
9.688575427051634392e+01 1.396601013761317998e-07
9.713720230214802598e+01 1.368192038886698024e-07
9.738711075112470894e+01 1.347229699858718926e-07
9.763880850310884796e+01 1.302564260870529462e-07
9.789195925073893534e+01 1.281953368271408206e-07
9.814276473823834124e+01 1.255068125212338669e-07
9.839200152577470249e+01 1.252909672620796894e-07
9.864436939619000100e+01 1.226328068425971099e-07
9.889657229158518703e+01 1.186239787177060149e-07
9.914654206758739008e+01 1.171876593435694251e-07
9.939737265117041431e+01 1.160821176519549012e-07
9.964971324453516388e+01 1.145100722753398460e-07
9.990221505033474614e+01 1.131261124690802810e-07
1.001521516083068519e+02 1.099488114199435067e-07
1.004020181344354228e+02 1.075351370173984641e-07
1.006555261342845853e+02 1.057100095440640499e-07
1.009078779715744503e+02 1.042601016299776354e-07
1.011564847190979037e+02 1.042771595557644248e-07
1.014077980390921851e+02 1.000436387213775843e-07
1.016621206036857075e+02 9.893714499469207235e-08
1.019133439536030323e+02 9.700719145194605690e-08
1.021611090492770160e+02 9.552362253582173408e-08
1.024134287982906386e+02 9.373508437981531640e-08
1.026689526987222933e+02 9.416543611418184437e-08
1.029179005362147450e+02 9.171509240519270310e-08
1.031645010122565509e+02 9.190070475510255082e-08
1.034190198448752227e+02 8.930471440938859879e-08
1.036740078018821123e+02 8.777518006173638808e-08
1.039223728592707516e+02 8.743555615484432654e-08
1.041718863957155321e+02 8.633354916904371775e-08
1.044269799004653407e+02 8.460664117821404388e-08
1.046773133673284093e+02 8.297822011313608073e-08
1.049203418007823814e+02 8.324075607514203880e-08
1.051759012379430231e+02 8.219747274896046468e-08
1.054364230283171651e+02 8.259824118113842946e-08
1.056811914497119176e+02 8.150110112782975766e-08
1.059215804876414495e+02 8.046852445173526832e-08
1.061816384917722758e+02 7.838576167082991549e-08
1.064472113030423515e+02 8.017502285203293178e-08
1.066878058983536732e+02 7.923447322463954516e-08
1.069236360402103827e+02 7.904236817056351618e-08
1.071892705778195563e+02 7.523665752348929796e-08
1.074586772409291342e+02 7.433992548914549483e-08
1.076879342587935611e+02 7.696291668590446246e-08
1.079185870885384446e+02 7.368759486182792692e-08
1.081956775747713095e+02 7.642165580839257496e-08
1.084728105259587352e+02 7.482208562017066761e-08
1.086839161354765366e+02 7.206593375802078275e-08
1.089114578639759117e+02 7.200176682809451808e-08
1.091979138747751392e+02 7.954263848507817646e-08
1.094826115122194068e+02 7.074359587109548700e-08
1.096995281563482934e+02 6.567292356134962586e-08
1.099149327348783771e+02 7.751322320583460679e-08
1.102017255337961075e+02 6.699400832187572293e-08
1.104879737748566555e+02 7.034445787888980466e-08
1.107157115274964241e+02 5.525798740491114021e-08
1.109132792987308136e+02 6.952863358562143284e-08
1.111862324688471801e+02 5.037301140678380496e-08
1.114398329385503388e+02 4.446215081338958064e-09
