3.559859402833057684e-01 7.128113020465367544e-01
6.031653801595237008e-01 2.638148224597616220e-01
8.579167765970728832e-01 1.711001284439228609e-01
1.113465221719693865e+00 9.127698940291552321e-02
1.374041038668779802e+00 6.230982073439155638e-02
1.619156029489893678e+00 4.314657295389182773e-02
1.870688204173086788e+00 3.203651104574635478e-02
2.123291778149117626e+00 2.395430444221898977e-02
2.378146922361305204e+00 1.751930333082360805e-02
2.630492078309050186e+00 1.229246156130642947e-02
2.878655518219686460e+00 1.053698341344843498e-02
3.131146928423671483e+00 7.360159277357122311e-03
3.388162350792188526e+00 6.004051162248003060e-03
3.638744825715421793e+00 4.646383332272840776e-03
3.888319092457665604e+00 3.726961096755119097e-03
4.139055542735142978e+00 2.928814489046678658e-03
4.390309369511366633e+00 2.384132310956662941e-03
4.642176137710513295e+00 1.963110796271185388e-03
4.894682671360597759e+00 1.617631952814565979e-03
5.147273264261132297e+00 1.317163817582669852e-03
5.398007623726664761e+00 1.156602241405749621e-03
5.647802856840850261e+00 1.017606849596200576e-03
5.900539131270641668e+00 8.421803186869197258e-04
6.151465330617205574e+00 7.390939765286859506e-04
6.402635415339502423e+00 6.333064766701593283e-04
6.655970121181574051e+00 5.689429764328568940e-04
6.908788236414499018e+00 4.906018062992217399e-04
7.159066711614411105e+00 4.496788281708608416e-04
7.409420825556720658e+00 4.074429409745799319e-04
7.659233416746063838e+00 3.670947102305224439e-04
7.911565948465710818e+00 3.264150879760689596e-04
8.163757622013338988e+00 2.997556542291421799e-04
8.415764096873154188e+00 2.697475470103952362e-04
8.667645931832316464e+00 2.466241341030613672e-04
8.918808422928433899e+00 2.201172226102118736e-04
9.170487612352712148e+00 2.026432575360313370e-04
9.420573742114546789e+00 1.830814401945774080e-04
9.671650249369090346e+00 1.702359780165561408e-04
9.923434277885437638e+00 1.599087365625843633e-04
1.017397735263263847e+01 1.470302262491363489e-04
1.042534553836907207e+01 1.349331425836258725e-04
1.067703822037225336e+01 1.265722838989915080e-04
1.092970231609847964e+01 1.179528336585874054e-04
1.118212787042577361e+01 1.088268797127338972e-04
1.143347452501749473e+01 1.017952584738573317e-04
1.168351464593907352e+01 9.541270648145317335e-05
1.193380914293157247e+01 9.001846475343990657e-05
1.218554052878730154e+01 8.474651865610727068e-05
1.243712668503869168e+01 7.895392071540646445e-05
1.268868306934252566e+01 7.384617371746898242e-05
1.294076086091631161e+01 6.914190045858916995e-05
1.319268366548306481e+01 6.604549025985575160e-05
1.344471671934318735e+01 6.262821595385085485e-05
1.369481270899967740e+01 5.898694315577177164e-05
1.394592418230662823e+01 5.552284087392876324e-05
1.419765807527510226e+01 5.271611048334714968e-05
1.444767956390105113e+01 5.010737942290228319e-05
1.469908038618691748e+01 4.774795226649907555e-05
1.495060341485872790e+01 4.525229715142717557e-05
1.520262856587550360e+01 4.327376654947702808e-05
1.545417209084677523e+01 4.104969720575265749e-05
1.570457357616328231e+01 3.928018646353265343e-05
1.595707105860633135e+01 3.738222296916162313e-05
1.620830624120610608e+01 3.571304659258698846e-05
1.645967937887377985e+01 3.437242426989021852e-05
1.671127076292950875e+01 3.337270150195436312e-05
1.696161647421643082e+01 3.166864591175359644e-05
1.721371684668483937e+01 3.048399241144873049e-05
1.746544853261304908e+01 2.899076561345333033e-05
1.771599922949369699e+01 2.842877994584745225e-05
1.796655237575218322e+01 2.703746730256898769e-05
1.821767149213689763e+01 2.624254310550573190e-05
1.847055299524954819e+01 2.550100080626210592e-05
1.872259228837833689e+01 2.419045362419865994e-05
1.897395649702673737e+01 2.351566280115639454e-05
1.922544027901449581e+01 2.269172123910627342e-05
1.947609297041124066e+01 2.212843322076926811e-05
1.972680454040801479e+01 2.154560397822966774e-05
1.997804333616948469e+01 2.064215143965158353e-05
2.022865275800117857e+01 2.022767873333617821e-05
2.047971274316871160e+01 1.966061830855454843e-05
2.073252135603765822e+01 1.912380886047946313e-05
2.098437572316729316e+01 1.857285563149700777e-05
2.123504661010268890e+01 1.790924196925016576e-05
2.148631169356091419e+01 1.786577557408123790e-05
2.173833604313512780e+01 1.696273710854238713e-05
2.198974060328762903e+01 1.661191602768487860e-05
2.223976790831769179e+01 1.619629082337760274e-05
2.249143711068455431e+01 1.583458481828363466e-05
2.274406475987460752e+01 1.537124112769262403e-05
2.299523717418269797e+01 1.516784755170861091e-05
2.324621986323020550e+01 1.462360204811786873e-05
2.349759721420837266e+01 1.426739183136594162e-05
2.374872431424385155e+01 1.409023533077773659e-05
2.399990745776860024e+01 1.370080227324816314e-05
2.425073630433868033e+01 1.342158997520720979e-05
2.450189835514006731e+01 1.329652818215697176e-05
2.475393118776088386e+01 1.297496788680352938e-05
2.500526273100546959e+01 1.261166405657964915e-05
2.525613046806623885e+01 1.244757418408033388e-05
2.550803512358962877e+01 1.212899951046270907e-05
2.575945221164868215e+01 1.191035643075667068e-05
2.601076295269692906e+01 1.179849397730434598e-05
2.626236596070981477e+01 1.150055612674891851e-05
2.651349882484715081e+01 1.118865949321162487e-05
2.676476368086338908e+01 1.110986599745515943e-05
2.701630290114602317e+01 1.083745721362969161e-05
2.726736437065446950e+01 1.068608375874008721e-05
2.751839265313934035e+01 1.052660473880925631e-05
2.776939999124443048e+01 1.035047278299131568e-05
2.802072453847857858e+01 1.013859326518995331e-05
2.827252296121557862e+01 1.001454151414038727e-05
2.852409937933981965e+01 9.797594048916982219e-06
2.877569655120224468e+01 9.641813988887240839e-06
2.902735898283879834e+01 9.519032164789894686e-06
2.927863468889710319e+01 9.335357372784757780e-06
2.953005612573199912e+01 9.163216669671582783e-06
2.978108773766967943e+01 9.016204551073568472e-06
3.003150898189094420e+01 8.900680229631636209e-06
3.028305864122181035e+01 8.743218016891109702e-06
3.053458992018394014e+01 8.602621300243063084e-06
3.078587703085186789e+01 8.530110148294505563e-06
3.103760485808777148e+01 8.374577469666723081e-06
3.128934217133554441e+01 8.268413422899038322e-06
3.154128555561786484e+01 8.148457317841567107e-06
3.179161228229181546e+01 8.025895460306014942e-06
3.204199060562219614e+01 7.941558135573480038e-06
3.229348267195262423e+01 7.813132255878318537e-06
3.254494458430436765e+01 7.702815367329326958e-06
3.279663883260889179e+01 7.628994440188495625e-06
3.304783758788629200e+01 7.470027149773734702e-06
3.329961552866107866e+01 7.365122756457564626e-06
3.355186469159249185e+01 7.260054243906642351e-06
3.380256621870507416e+01 7.184612952429278176e-06
3.405315933519829485e+01 7.078511912899765918e-06
3.430482112648502380e+01 6.985434704695837315e-06
3.455626218487530821e+01 6.860559833630950919e-06
3.480738346406302952e+01 6.825505046892812544e-06
3.505859307197298591e+01 6.721745440451711695e-06
3.531004438702790083e+01 6.629982079125024549e-06
3.556136017265059479e+01 6.543982078570178473e-06
3.581236629292038742e+01 6.432368693641764111e-06
3.606385559692439813e+01 6.355598647197803835e-06
3.631536302843830555e+01 6.298534245617563622e-06
3.656700634725260812e+01 6.198670338066050167e-06
3.681855339867900767e+01 6.118875942974136335e-06
3.706976799443074810e+01 6.021837096482570323e-06
3.732132732863706082e+01 5.943355529551262242e-06
3.757309388752786816e+01 5.862434745886680144e-06
3.782393019207894724e+01 5.798994560961097414e-06
3.807467122984269281e+01 5.728833370523073156e-06
3.832568438318787685e+01 5.669708660195544095e-06
3.857743534749920400e+01 5.599985927486375684e-06
3.882945430755732019e+01 5.531173470028717154e-06
3.908035505239097063e+01 5.442393802919725254e-06
3.933132548540807250e+01 5.377656696781933197e-06
3.958231115719713955e+01 5.333592350598135331e-06
3.983385780284993416e+01 5.267731180158603115e-06
4.008548123081688885e+01 5.186364470853567049e-06
4.033622601964773224e+01 5.108788019264132781e-06
4.058779920554883347e+01 5.019783708611148220e-06
4.083973563574499366e+01 4.970207304879891574e-06
4.109099284134710217e+01 4.951121577745819859e-06
4.134240110541384183e+01 4.847958200821541481e-06
4.159393633110266819e+01 4.806445034352970423e-06
4.184511323866357912e+01 4.745654427679320535e-06
4.209617191880828813e+01 4.683642388987801734e-06
4.234726283789364487e+01 4.614960785893531048e-06
4.259860818013120820e+01 4.560054171641787186e-06
4.285030616109195023e+01 4.520115829948344721e-06
4.310179722129122837e+01 4.439329376228556430e-06
4.335302828234667061e+01 4.387912273764186244e-06
4.360435663819404084e+01 4.344678282901279352e-06
4.385562252435241959e+01 4.264489090540815734e-06
4.410728137436722562e+01 4.222062196108907546e-06
4.435855820142304395e+01 4.167574074991848791e-06
4.460905364115309624e+01 4.125632793965017641e-06
4.486012181263697585e+01 4.057683082730639991e-06
4.511173986693143689e+01 4.018854957178923587e-06
4.536361922678239011e+01 3.970898625625150923e-06
4.561459931143475899e+01 3.901867094791089947e-06
4.586560474364990370e+01 3.854496857736342720e-06
4.611773425678872940e+01 3.813061961317392079e-06
4.636919421293000454e+01 3.771785659980490827e-06
4.662038702392310796e+01 3.703682058877401761e-06
4.687176140437489380e+01 3.673228012376085393e-06
4.712353601493443733e+01 3.614043177968461332e-06
4.737474493576786472e+01 3.570009621509805181e-06
4.762542466280314102e+01 3.541802141336939279e-06
4.787652752968043046e+01 3.483900047036113746e-06
4.812810247632846483e+01 3.453373102429188936e-06
4.837951336555482129e+01 3.403967019606051061e-06
4.863059587633426162e+01 3.349897755021628042e-06
4.888203020593088155e+01 3.313969429159045591e-06
4.913366486985157877e+01 3.279076741867007561e-06
4.938535987402587324e+01 3.237018759443366752e-06
4.963613050322287990e+01 3.195470480609521316e-06
4.988703438724522954e+01 3.151955531069537809e-06
5.013865942469462311e+01 3.115803629967655756e-06
5.039003930874267212e+01 3.064438550858823346e-06
5.064132716376899168e+01 3.026919845427235870e-06
5.089269318324635094e+01 2.992846119549487285e-06
5.114420805252000690e+01 2.952275048869458780e-06
5.139550561315014932e+01 2.914744868242067130e-06
5.164705906431034776e+01 2.877496688382437739e-06
5.189867152248682203e+01 2.842103087893279404e-06
5.214971575343765409e+01 2.814545141756302659e-06
5.240073579527450676e+01 2.768893906839384658e-06
5.265210099056609039e+01 2.733327779402181217e-06
5.290351370430821021e+01 2.693650799512645591e-06
5.315466319340114865e+01 2.664628647763669362e-06
5.340583589899745931e+01 2.624564963373078515e-06
5.365766455777206545e+01 2.591294759585463472e-06
5.390927884945525506e+01 2.558577507357064821e-06
5.416010791781446443e+01 2.528245227830060572e-06
5.441134889551543807e+01 2.495739945442748825e-06
5.466267218756050283e+01 2.462575756598560150e-06
5.491410487429570964e+01 2.422600679064155469e-06
5.516546005785286866e+01 2.399727271992057702e-06
5.541642803200063128e+01 2.376780570803610950e-06
5.566799120065890349e+01 2.337904306565841984e-06
5.591942381520751582e+01 2.311536182156316944e-06
5.617076129965986553e+01 2.283110426057856292e-06
5.642223734846464822e+01 2.244937182209226752e-06
5.667355971662004066e+01 2.226397408374836960e-06
5.692477366776972758e+01 2.197118216853883019e-06
5.717595883239311405e+01 2.166592772392055735e-06
5.742752386458510472e+01 2.139575544256980936e-06
5.767913206833102890e+01 2.114394371183258592e-06
5.793019411713087408e+01 2.093255773314922519e-06
5.818134156739289153e+01 2.057279956275910721e-06
5.843282058036089666e+01 2.032641590424939614e-06
5.868446259627985739e+01 2.015220224706648546e-06
5.893576458379215666e+01 1.988045072616112160e-06
5.918684704103284844e+01 1.958483248503779385e-06
5.943829442115647055e+01 1.940798164361860335e-06
5.968939327303596798e+01 1.923241412661180732e-06
5.994014786289750418e+01 1.894079713425077551e-06
6.019147933540460116e+01 1.868783140017340714e-06
6.044308913502707981e+01 1.843965874346417128e-06
6.069451506438680610e+01 1.826034084155891482e-06
6.094599270952413406e+01 1.803420474572696244e-06
6.119757150525597211e+01 1.784980981402947335e-06
6.144925735912493536e+01 1.765816808936869560e-06
6.170047923931409883e+01 1.749843691387212588e-06
6.195140921678822821e+01 1.724161119573818061e-06
6.220297369050472724e+01 1.703634817568401955e-06
6.245434410209887943e+01 1.685141847733453072e-06
6.270521615241822388e+01 1.661519703023549950e-06
6.295659941216924693e+01 1.644740388345662367e-06
6.320819353110281469e+01 1.629411022322885338e-06
6.345946766486144242e+01 1.609268665977870882e-06
6.371045270337566535e+01 1.594260007568442973e-06
6.396190979440404334e+01 1.574410907203744652e-06
6.421373801018184224e+01 1.561490446408336020e-06
6.446484348469873282e+01 1.540842374780600267e-06
6.471593968971873778e+01 1.517145813633843974e-06
6.496736150295801338e+01 1.493957280547506055e-06
6.521861656479110536e+01 1.470637113446809034e-06
6.546998344590789998e+01 1.447948233858005082e-06
6.572125930899257185e+01 1.424527444441485540e-06
6.597237720906743164e+01 1.406830078069535764e-06
6.622374413480277155e+01 1.380171047022697561e-06
6.647518543450195239e+01 1.363125125162216023e-06
6.672678419846394604e+01 1.335889915389101461e-06
6.697803725082576420e+01 1.320563735832588875e-06
6.722891043717447701e+01 1.298181781704326104e-06
6.748054138738817187e+01 1.275010592407155566e-06
6.773235465584627946e+01 1.258506721391089116e-06
6.798328135061129274e+01 1.234971609518311597e-06
6.823452757256529821e+01 1.217881488397733633e-06
6.848612500819983495e+01 1.200419120503859119e-06
6.873747169316079919e+01 1.176672084400706568e-06
6.898879432944752921e+01 1.157338338860225557e-06
6.923985339488375246e+01 1.138113114456488381e-06
6.949151127613053802e+01 1.123223776769985515e-06
6.974270917193598507e+01 1.104714003116226750e-06
6.999349758521232445e+01 1.086370621615148502e-06
7.024498862757759809e+01 1.068931538303827010e-06
7.049648232796377556e+01 1.049615964960669162e-06
7.074780104972408878e+01 1.031712299728722396e-06
7.099912803250158788e+01 1.020734889643544143e-06
7.125060316705035746e+01 1.000437892794917346e-06
7.150188841264709083e+01 9.843705317082999486e-07
7.175315040596692029e+01 9.654761087899902054e-07
7.200436778924898817e+01 9.512246506908135461e-07
7.225569568151040301e+01 9.364536606631502337e-07
7.250703990188168291e+01 9.218909579940647734e-07
7.275820494583336995e+01 9.094198547802368287e-07
7.300959985848845690e+01 8.915707995219884168e-07
7.326100739589567468e+01 8.749650594495315842e-07
7.351247651286122675e+01 8.611852452809006434e-07
7.376391740422656085e+01 8.473312050189998306e-07
7.401513742507033555e+01 8.320938217665890359e-07
7.426649060817308623e+01 8.177708864952067824e-07
7.451780489977790012e+01 8.046143465316141223e-07
7.476894314873234748e+01 7.905847523985980964e-07
7.502037393043320890e+01 7.801308372199156972e-07
7.527186139593406722e+01 7.652226994928684237e-07
7.552317432444445444e+01 7.509459861556700794e-07
7.577415980495014480e+01 7.393649256726124483e-07
7.602558096409380539e+01 7.264544490132049149e-07
7.627719590508716863e+01 7.124062928091672994e-07
7.652815125563598997e+01 7.024727538972121291e-07
7.677935220501092317e+01 6.892349345528279010e-07
7.703086726254352357e+01 6.770931436497520415e-07
7.728265965276695226e+01 6.661746928682661201e-07
7.753369190458822402e+01 6.548379731543744662e-07
7.778439509428886822e+01 6.439410686488111347e-07
7.803593831118156743e+01 6.321775739461801895e-07
7.828758885029510850e+01 6.218515930949363871e-07
7.853906794973626404e+01 6.111672448221609309e-07
7.879027759642021067e+01 6.023370991668399117e-07
7.904171977795428461e+01 5.929635259899250885e-07
7.929336901860847320e+01 5.824269972812612279e-07
7.954453386175819674e+01 5.723021543457342730e-07
7.979558244249859911e+01 5.631775961567313824e-07
8.004698715445921664e+01 5.529427500383872121e-07
8.029817060572074183e+01 5.442014676247737688e-07
8.054915465639565753e+01 5.322175399826061326e-07
8.080050933268121582e+01 5.256444860937776723e-07
8.105222843647955244e+01 5.163602123247035432e-07
8.130356085999778770e+01 5.089627865956042606e-07
8.155450688501119316e+01 4.972361060531388043e-07
8.180586292034976736e+01 4.897752136860168892e-07
8.205754059633888176e+01 4.822769921957553446e-07
8.230902023302591886e+01 4.764369378890562665e-07
8.256024609338675191e+01 4.675241266278153465e-07
8.281177913146895264e+01 4.570756902462449681e-07
8.306345671002858921e+01 4.524407884367068345e-07
8.331423789691224613e+01 4.450806414792504027e-07
8.356497203451930034e+01 4.360425966014117353e-07
8.381676065653866203e+01 4.302994452428750842e-07
8.406819057667202344e+01 4.228432215261063290e-07
8.431897833099668560e+01 4.142024054594368965e-07
8.457030107228659688e+01 4.083661051407359560e-07
8.482158500161632730e+01 4.020368170973573449e-07
8.507289964496075640e+01 3.967435020229039717e-07
8.532433790067844370e+01 3.883037039311579720e-07
8.557607479425452368e+01 3.840825270768793477e-07
8.582764617430497367e+01 3.772822543683968879e-07
8.607838630901035515e+01 3.715998012021867496e-07
8.632968398044657476e+01 3.666450208793313243e-07
8.658129008437184382e+01 3.595757682224700226e-07
8.683275778483198337e+01 3.543645744922958404e-07
8.708403645616218114e+01 3.478732290911931200e-07
8.733514107508086965e+01 3.422145056735801097e-07
8.758625272831905306e+01 3.389281189883946270e-07
8.783759754908062689e+01 3.292799223975831598e-07
8.808876122788443297e+01 3.254440196514751703e-07
8.834001232063369002e+01 3.177143850640859592e-07
8.859182147857953282e+01 3.151729078969274687e-07
8.884310543210195021e+01 3.081995124892310866e-07
8.909359778302923871e+01 3.031376817106544011e-07
8.934519001459591436e+01 2.967707030505902990e-07
8.959722490356074331e+01 2.906778200128395234e-07
8.984810720980867416e+01 2.856304130530800740e-07
9.009931661442313100e+01 2.800020597254230742e-07
9.035047125220715714e+01 2.742014507664422879e-07
9.060158480436609807e+01 2.677044138098784447e-07
9.085223080015013863e+01 2.627859593703899765e-07
9.110366367691563028e+01 2.548982606373934317e-07
9.135600697149844507e+01 2.499958479300276292e-07
9.160687544995681719e+01 2.444369739868594141e-07
9.185821812627553129e+01 2.380144077344602275e-07
9.211022451259172783e+01 2.323553543866328529e-07
9.236140597160301979e+01 2.287909464479084447e-07
9.261234540230610435e+01 2.248317216336939930e-07
9.286347211035888449e+01 2.199614086359201407e-07
9.311511014597049041e+01 2.139463214111898168e-07
9.336629391935319688e+01 2.095876756932080808e-07
9.361685135304917083e+01 2.057759820077147397e-07
9.386836083772412564e+01 2.016358001682568569e-07
9.412020868045527777e+01 1.979834529815246585e-07
9.437167300022832706e+01 1.943071878896186776e-07
9.462223250692791510e+01 1.899282875925536382e-07
9.487310906110076303e+01 1.864077673719090450e-07
9.512571396728679929e+01 1.822631914766882260e-07
9.537720174852969990e+01 1.793954724278730992e-07
9.562778154743229209e+01 1.747215731440034169e-07
9.587960399158660607e+01 1.708696382976453440e-07
9.613222059997036695e+01 1.683261915180025217e-07
9.638300181424378366e+01 1.662807432521156768e-07
9.663331112830208269e+01 1.631455382160880729e-07
9.688583355005273745e+01 1.583807888678762501e-07
9.713728178743895114e+01 1.576797038023371637e-07
9.738719044091035926e+01 1.537369687962610365e-07
9.763888839885338200e+01 1.510863903865247902e-07
9.789203935363129006e+01 1.474238804314558444e-07
9.814284504635945439e+01 1.446741002474966292e-07
9.839208203784095019e+01 1.436297658047625266e-07
9.864445011476347247e+01 1.410572002065448827e-07
9.889665321653087915e+01 1.369944484459833604e-07
9.914662319707798588e+01 1.353967696097959467e-07
9.939745398591030323e+01 1.321454146406490445e-07
9.964979478575995131e+01 1.290620851721709991e-07
9.990229679817635144e+01 1.275328500977182932e-07
1.001522335606661898e+02 1.258471471251220451e-07
1.004021002912551808e+02 1.253065297314942225e-07
1.006556084985445096e+02 1.218295064429028155e-07
1.009079605423284676e+02 1.193445738809214125e-07
1.011565674932815000e+02 1.184946730563193480e-07
1.014078810189200794e+02 1.169391570815529008e-07
1.016622037916203141e+02 1.144536041946721064e-07
1.019134273471083247e+02 1.113957131473451050e-07
1.021611926455231725e+02 1.114024488746326203e-07
1.024135126010046406e+02 1.094478751299007858e-07
1.026690367105260293e+02 1.062639024592616806e-07
1.029179847517271469e+02 1.049929467663797887e-07
1.031645854295568512e+02 1.056438635847689637e-07
1.034191044704428180e+02 1.051845098231846726e-07
1.036740926361008945e+02 1.012799318280594147e-07
1.039224578967213404e+02 1.007195727486163749e-07
1.041719716373377054e+02 1.001776188150278498e-07
1.044270653508250604e+02 9.814959543002186072e-08
1.046773990225306363e+02 9.685969402762461325e-08
1.049204276548495613e+02 9.382523025216374187e-08
1.051759873011290125e+02 9.215178175356462499e-08
1.054365093046825450e+02 9.172430570227942637e-08
1.056812779263660644e+02 9.484991410837266234e-08
1.059216671610007836e+02 9.190534362056714954e-08
1.061817253779315138e+02 9.246673026566762562e-08
1.064472984065141361e+02 8.907915840443961466e-08
1.066878931986988448e+02 9.286327376099773305e-08
1.069237235335303069e+02 8.973403114467246769e-08
1.071893582885025324e+02 8.666527608117976748e-08
1.074587651720618169e+02 8.874943838867905089e-08
1.076880223775223442e+02 8.681760442210909836e-08
1.079186753960054830e+02 8.819641611397203318e-08
1.081957661089755618e+02 8.425378472435121499e-08
1.084728992869349469e+02 8.369723451377974567e-08
1.086840050691959334e+02 8.701369129182338253e-08
1.089115469838878454e+02 8.978600065362887623e-08
1.091980032290878881e+02 8.730155001426491361e-08
1.094827010994941219e+02 8.511874362265001874e-08
1.096996179211212450e+02 8.619132147113149812e-08
1.099150226759122972e+02 8.578660697653044049e-08
1.102018157095064055e+02 7.838990059319295926e-08
1.104880641847977643e+02 7.867865433131013609e-08
1.107158021237904535e+02 7.586631490538005747e-08
1.109133700566903116e+02 9.868765968281583469e-08
1.111863234501584117e+02 6.498012994040287956e-08
1.114399241273774095e+02 5.231527935610475089e-07
